Entity,Year,"Under 15 years old (UNWPP, 2017)","Working age (15-64 years old) (UNWPP, 2017)","65+ years old (UNWPP, 2017)","Under 5 years old (UNWPP, 2017)","5-14 years old (UNWPP, 2017)","15-24 years old (UNWPP, 2017)","25-64 years old (UNWPP, 2017)"
Afghanistan,1950,3179866,4349298,222954,1291622,1888244,1476233,2873065
Afghanistan,1951,3235164,4376155,228191,1314241,1920923,1488524,2887631
Afghanistan,1952,3280658,4421866,232456,1318908,1961750,1507272,2914594
Afghanistan,1953,3326012,4477332,235252,1321524,2004488,1529407,2947925
Afghanistan,1954,3375277,4538779,236391,1331640,2043637,1553939,2984840
Afghanistan,1955,3428116,4606600,235865,1355056,2073060,1581650,3024950
Afghanistan,1956,3498033,4659077,241920,1384145,2113888,1602883,3056194
Afghanistan,1957,3571525,4717721,246561,1418068,2153457,1627072,3090649
Afghanistan,1958,3646141,4785026,249779,1455597,2190544,1654875,3130151
Afghanistan,1959,3719454,4863468,251523,1495668,2223786,1687125,3176343
Afghanistan,1960,3790778,4953810,251763,1539495,2251283,1724457,3229353
Afghanistan,1961,3890846,5018557,257361,1601362,2289484,1752101,3266456
Afghanistan,1962,3983046,5100884,261938,1646440,2336606,1786983,3313901
Afghanistan,1963,4072453,5196089,265412,1681630,2390823,1826470,3369619
Afghanistan,1964,4165614,5298053,267694,1717078,2448536,1867183,3430870
Afghanistan,1965,4265503,5404160,268751,1762117,2503386,1907927,3496233
Afghanistan,1966,4391226,5485660,275445,1818270,2572956,1937370,3548290
Afghanistan,1967,4517439,5574096,281095,1867425,2650014,1968217,3605879
Afghanistan,1968,4646505,5672178,285663,1914784,2731721,2001656,3670522
Afghanistan,1969,4780164,5785080,289184,1965547,2814617,2040185,3744895
Afghanistan,1970,4919245,5915230,291648,2025591,2893654,2085670,3829560
Afghanistan,1971,5087088,6031104,299633,2099028,2988060,2125779,3905325
Afghanistan,1972,5252450,6162893,306597,2164407,3088043,2172254,3990639
Afghanistan,1973,5411955,6303559,312308,2223690,3188265,2223404,4080155
Afghanistan,1974,5559831,6445172,316538,2277769,3282062,2277800,4167372
Afghanistan,1975,5688570,6582572,319144,2326729,3361841,2334817,4247755
Afghanistan,1976,5835633,6678365,326301,2394726,3440907,2382383,4295982
Afghanistan,1977,5969086,6767646,330806,2453722,3515364,2430706,4336940
Afghanistan,1978,6071432,6834552,331750,2496497,3574935,2472305,4362247
Afghanistan,1979,6116979,6861512,328204,2509988,3606991,2498600,4362912
Afghanistan,1980,6086948,6841532,319890,2484405,3602543,2506146,4335386
Afghanistan,1981,6033196,6703245,317513,2474622,3558574,2466544,4236701
Afghanistan,1982,5922813,6517544,309288,2429904,3492909,2407893,4109651
Afghanistan,1983,5781959,6311051,296259,2363982,3417977,2340518,3970533
Afghanistan,1984,5651550,6115765,279800,2303172,3348378,2277263,3838502
Afghanistan,1985,5568570,5953900,260580,2276912,3291658,2227805,3726095
Afghanistan,1986,5502327,5838287,260427,2242016,3260311,2190388,3647899
Afghanistan,1987,5463491,5778283,260987,2204508,3258983,2175423,3602860
Afghanistan,1988,5487070,5790995,262823,2191233,3295837,2189462,3601533
Afghanistan,1989,5616311,5894994,266304,2237285,3379026,2239781,3655213
Afghanistan,1990,5884651,6093533,270930,2377868,3506783,2328369,3765164
Afghanistan,1991,6238867,6465611,289179,2520141,3718726,2478203,3987408
Afghanistan,1992,6707311,6960330,313590,2711319,3995992,2674702,4285628
Afghanistan,1993,7239709,7513651,341739,2937738,4301971,2892996,4620655
Afghanistan,1994,7751527,8050644,370548,3157349,4594178,3103687,4946957
Afghanistan,1995,8173191,8528019,398331,3325481,4847710,3289849,5238170
Afghanistan,1996,8554288,8854114,414482,3498128,5056160,3419214,5434900
Afghanistan,1997,8858742,9097856,425007,3637632,5221110,3517037,5580819
Afghanistan,1998,9120158,9311184,432657,3749912,5370246,3603607,5707577
Afghanistan,1999,9403179,9559597,440900,3863989,5539190,3704500,5855097
Afghanistan,2000,9759454,9882514,451788,4011626,5747828,3835756,6046758
Afghanistan,2001,10167390,10331983,467090,4179808,5987582,4043285,6288698
Afghanistan,2002,10620915,10872863,486145,4350585,6270330,4282311,6590552
Afghanistan,2003,11093789,11463616,507446,4518448,6575341,4533456,6930160
Afghanistan,2004,11540269,12049908,528802,4667487,6872782,4771429,7278479
Afghanistan,2005,11924203,12597642,548953,4783592,7140611,4979439,7618203
Afghanistan,2006,12349523,12970589,573338,4915539,7433984,5074970,7895619
Afghanistan,2007,12729105,13293041,594646,5013717,7715388,5147364,8145677
Afghanistan,2008,13076783,13602366,614882,5085963,7990820,5219646,8382720
Afghanistan,2009,13416727,13950492,637112,5143975,8272752,5322310,8628182
Afghanistan,2010,13767370,14372378,663419,5199364,8568006,5476278,8896100
Afghanistan,2011,14065024,14949170,694405,5229033,8835991,5739880,9209290
Afghanistan,2012,14347482,15619589,729887,5238587,9108895,6049093,9570496
Afghanistan,2013,14607297,16356394,767997,5235867,9371430,6387920,9968474
Afghanistan,2014,14835252,17117081,805687,5233645,9601607,6731842,10385239
Afghanistan,2015,15023530,17871866,841098,5239401,9784129,7062361,10809505
Afghanistan,2016,15199971,18575258,880803,5232848,9967123,7346597,11228661
Afghanistan,2017,15364827,19248391,916863,5271263,10093564,7612697,11635694
Afghanistan,2018,15510700,19911512,950964,5337777,10172923,7866865,12044647
Afghanistan,2019,15627600,20595880,985527,5403646,10223954,8119037,12476843
Afghanistan,2020,15714800,21318046,1022095,5450440,10264360,8374322,12943724
Afghanistan,2021,15823473,22029001,1061233,5533674,10289799,8609106,13419895
Afghanistan,2022,15891673,22785340,1102082,5562816,10328857,8845965,13939375
Afghanistan,2023,15936388,23568355,1144461,5554091,10382297,9075006,14493349
Afghanistan,2024,15984579,24347623,1187784,5538370,10446209,9280635,15066988
Afghanistan,2025,16049160,25107203,1232037,5538878,10510282,9455449,15651754
Afghanistan,2026,16114914,25858611,1280921,5536999,10577915,9602106,16256505
Afghanistan,2027,16199978,26589185,1330152,5549211,10650767,9715498,16873687
Afghanistan,2028,16294915,27307053,1380349,5572768,10722147,9803226,17503827
Afghanistan,2029,16380748,28029493,1432418,5595429,10785319,9877869,18151624
Afghanistan,2030,16447182,28765275,1487088,5609704,10837478,9948071,18817204
Afghanistan,2031,16511618,29493779,1546927,5631325,10880293,10005652,19488127
Afghanistan,2032,16559131,30232608,1608590,5639488,10919643,10054725,20177883
Afghanistan,2033,16592375,30977775,1672626,5636568,10955807,10100861,20876914
Afghanistan,2034,16618468,31720890,1739428,5629080,10989388,10150153,21570737
Afghanistan,2035,16640767,32457159,1809624,5622083,11018684,10207331,22249828
Afghanistan,2036,16663057,33178559,1886712,5619639,11043418,10270036,22908523
Afghanistan,2037,16679446,33894907,1966007,5610933,11068513,10340075,23554832
Afghanistan,2038,16688821,34605004,2048839,5597487,11091334,10413464,24191540
Afghanistan,2039,16688773,35308555,2136910,5579826,11108947,10482730,24825825
Afghanistan,2040,16677598,36005027,2231497,5559109,11118489,10543856,25461171
Afghanistan,2041,16662916,36683784,2334983,5541809,11121107,10596020,26087764
Afghanistan,2042,16638166,37355311,2442819,5517876,11120290,10637661,26717650
Afghanistan,2043,16603111,38018434,2555597,5488673,11114438,10671775,27346659
Afghanistan,2044,16558062,38671470,2673846,5455948,11102114,10702742,27968728
Afghanistan,2045,16503034,39313075,2798206,5421487,11081547,10733918,28579157
Afghanistan,2046,16445240,39933728,2930384,5391059,11054181,10763995,29169733
Afghanistan,2047,16378669,40542580,3066942,5356054,11022615,10789983,29752597
Afghanistan,2048,16303556,41139717,3207550,5317803,10985753,10811997,30327720
Afghanistan,2049,16220732,41725560,3351148,5277970,10942762,10829130,30896430
Afghanistan,2050,16130843,42299608,3497667,5238313,10892530,10841429,31458179
Afghanistan,2051,16041987,42852812,3647830,5204666,10837321,10851118,32001694
Afghanistan,2052,15947983,43393241,3799388,5168890,10779093,10852908,32540333
Afghanistan,2053,15848993,43918084,3954828,5131627,10717366,10847641,33070443
Afghanistan,2054,15745474,44423885,4117029,5093545,10651929,10835896,33587989
Afghanistan,2055,15637844,44907638,4288387,5055725,10582119,10818668,34088970
Afghanistan,2056,15537253,45359014,4467941,5026420,10510833,10798885,34560129
Afghanistan,2057,15433370,45790471,4653282,4993077,10440293,10770820,35019651
Afghanistan,2058,15326737,46197642,4847856,4956858,10369879,10735486,35462156
Afghanistan,2059,15218035,46575202,5055857,4919197,10298838,10693698,35881504
Afghanistan,2060,15107429,46919691,5280183,4881675,10225754,10646780,36272911
Afghanistan,2061,15005597,47222369,5518634,4851738,10153859,10599241,36623128
Afghanistan,2062,14901921,47496526,5768389,4817537,10084384,10544379,36952147
Afghanistan,2063,14796622,47741571,6029708,4780501,10016121,10483886,37257685
Afghanistan,2064,14689920,47957598,6302214,4742332,9947588,10419514,37538084
Afghanistan,2065,14581690,48144555,6585995,4704699,9876991,10353150,37791405
Afghanistan,2066,14481181,48296835,6877284,4673097,9808084,10290498,38006337
Afghanistan,2067,14380079,48425976,7172634,4639882,9740197,10223608,38202368
Afghanistan,2068,14277682,48530628,7473884,4605374,9672308,10154065,38376563
Afghanistan,2069,14173095,48609295,7783157,4569621,9603474,10083338,38525957
Afghanistan,2070,14065687,48661431,8101444,4533083,9532604,10012932,38648499
Afghanistan,2071,13966934,48682229,8422081,4503243,9463691,9948769,38733460
Afghanistan,2072,13865442,48683007,8745130,4469568,9395874,9882995,38800012
Afghanistan,2073,13761424,48667868,9065943,4433106,9328318,9816148,38851720
Afghanistan,2074,13655499,48643660,9376675,4395358,9260141,9748225,38895435
Afghanistan,2075,13547776,48614154,9673257,4357730,9190046,9679787,38934367
Afghanistan,2076,13447800,48576450,9949059,4325654,9122146,9617448,38959002
Afghanistan,2077,13346625,48539215,10204724,4291782,9054843,9552550,38986665
Afghanistan,2078,13244089,48496135,10447387,4256768,8987321,9485943,39010192
Afghanistan,2079,13140066,48438805,10686442,4221242,8918824,9418287,39020518
Afghanistan,2080,13034450,48362218,10927767,4185985,8848465,9350481,39011737
Afghanistan,2081,12935812,48261397,11168265,4156230,8779582,9287950,38973447
Afghanistan,2082,12836618,48148948,11403176,4125259,8711359,9223143,38925805
Afghanistan,2083,12736822,48025040,11632826,4093511,8643311,9156837,38868203
Afghanistan,2084,12636625,47891146,11855937,4061562,8575063,9089608,38801538
Afghanistan,2085,12536123,47747804,12072349,4030142,8505981,9022269,38725535
Afghanistan,2086,12442887,47583983,12286035,4004383,8438504,8959347,38624636
Afghanistan,2087,12350009,47417108,12487120,3977111,8372898,8894597,38522511
Afghanistan,2088,12257526,47244714,12678693,3948816,8308710,8828604,38416110
Afghanistan,2089,12165501,47064361,12863869,3920046,8245455,8761707,38302654
Afghanistan,2090,12073789,46874454,13045077,3891489,8182300,8694571,38179883
Afghanistan,2091,11987826,46658737,13233822,3867551,8120275,8630388,38028349
Afghanistan,2092,11902501,46441788,13411267,3841562,8060939,8564581,37877207
Afghanistan,2093,11817826,46221753,13579904,3814223,8003603,8497987,37723766
Afghanistan,2094,11733840,45997112,13741823,3786421,7947419,8431389,37565723
Afghanistan,2095,11650423,45766708,13898985,3759148,7891275,8365675,37401033
Afghanistan,2096,11569744,45510177,14070292,3734706,7835038,8302937,37207240
Afghanistan,2097,11490426,45256040,14229331,3709598,7780828,8239816,37016224
Afghanistan,2098,11412314,45002543,14378812,3684390,7727924,8177036,36825507
Afghanistan,2099,11334946,44748594,14521112,3659293,7675653,8115250,36633344
Afghanistan,2100,11257498,44493655,14658476,3634189,7623309,8055248,36438407
Africa,1950,94523801,126720047,7426171,38705130,55818671,43588284,83131763
Africa,1951,97030629,128698614,7547806,40008094,57022535,44202629,84495985
Africa,1952,99496146,130967129,7649846,41118739,58377407,44902025,86065104
Africa,1953,101949606,133493415,7734770,42126008,59823598,45675857,87817558
Africa,1954,104418583,136249270,7803644,43141265,61277318,46517674,89731596
Africa,1955,106922242,139215763,7857020,44304214,62618028,47431158,91784605
Africa,1956,110159818,141536892,8053485,45795267,64364551,48095806,93441086
Africa,1957,113313126,144189684,8236471,47012706,66300420,48876127,95313557
Africa,1958,116437651,147121119,8406491,48096434,68341217,49764031,97357088
Africa,1959,119576227,150290191,8565127,49201914,70374313,50761966,99528225
Africa,1960,122746011,153681837,8714158,50491498,72254513,51884638,101797199
Africa,1961,126581041,156533605,8985433,52064245,74516796,52855259,103678346
Africa,1962,130368272,159696018,9244941,53480414,76887858,53979705,105716313
Africa,1963,134123864,163156598,9491650,54833141,79290723,55256069,107900529
Africa,1964,137842196,166925027,9724168,56201702,81640494,56692728,110232299
Africa,1965,141517068,171011062,9942504,57690106,83826962,58305122,112705940
Africa,1966,145853769,174606933,10259705,59500201,86353568,59816180,114790753
Africa,1967,150030611,178655489,10561778,61025497,89005114,61548811,117106678
Africa,1968,154110712,183087883,10851286,62407503,91703209,63463690,119624193
Africa,1969,158169295,187819816,11130683,63823829,94345466,65509574,122310242
Africa,1970,162249382,192807038,11402509,65452817,96796565,67663548,125143490
Africa,1971,167037926,197251982,11777349,67416005,99621921,69590897,127661085
Africa,1972,171778570,202048638,12137953,69241748,102536822,71664782,130383856
Africa,1973,176516024,207199113,12483738,71040051,105475973,73876032,133323081
Africa,1974,181293119,212721739,12813348,72921149,108371970,76214351,136507388
Africa,1975,186148100,218622407,13127567,75017425,111130675,78677251,139945156
Africa,1976,191729022,224148385,13547354,77507584,114221438,80932248,143216137
Africa,1977,197313327,230138288,13952564,79797367,117515960,83299130,146839158
Africa,1978,202952960,236532758,14349074,82000264,120952696,85761947,150770811
Africa,1979,208691508,243273594,14742229,84243359,124448149,88307359,154966235
Africa,1980,214543277,250333711,15135221,86666671,127876606,90941377,159392334
Africa,1981,221326996,256810893,15609810,89464273,131862723,93416699,163394194
Africa,1982,228055374,263779011,16076080,91967899,136087475,96066051,167712960
Africa,1983,234746583,271202459,16536508,94299031,140447552,98885928,172316531
Africa,1984,241406067,279053892,16993744,96591921,144814146,101871757,177182135
Africa,1985,248024986,287319806,17451436,98999030,149025956,105028025,182291781
Africa,1986,255386365,295083590,18035656,101730028,153656337,107962303,187121287
Africa,1987,262579786,303376607,18612793,104115683,158464103,111080585,192296022
Africa,1988,269603102,312166781,19186818,106276754,163326348,114388369,197778412
Africa,1989,276421807,321446965,19763240,108318484,168103323,117904370,203542595
Africa,1990,282992763,331227140,20347141,110362739,172630024,121655427,209571713
Africa,1991,290093890,340626766,21042450,112639090,177454800,125284058,215342708
Africa,1992,296826572,350662803,21731967,114502278,182324294,129167103,221495700
Africa,1993,303237490,361263209,22416163,116136861,187100629,133270367,227992842
Africa,1994,309398597,372326484,23095718,117786908,191611689,137546569,234779915
Africa,1995,315361414,383786715,23773832,119693032,195668382,141974303,241812412
Africa,1996,322189346,394472962,24558211,122067903,200121443,146325165,248147797
Africa,1997,328825798,405611364,25315627,124428000,204397798,150851642,254759722
Africa,1998,335336086,417208525,26047625,126866726,208469360,155514823,261693702
Africa,1999,341789966,429295538,26750523,129443065,212346901,160268560,269026978
Africa,2000,348263048,441880272,27422684,132250006,216013042,165080253,276800019
Africa,2001,355786521,453813346,28221061,135683136,220103385,169483366,284329980
Africa,2002,363284226,466358904,28979467,138843792,224440434,173984788,292374116
Africa,2003,370872753,479436161,29707952,141881518,228991235,178523288,300912873
Africa,2004,378686179,492945998,30416424,144993653,233692526,183021135,309924863
Africa,2005,386804533,506838326,31114849,148387955,238416578,187447280,319391046
Africa,2006,395972006,520158940,32025220,152282805,243689201,191316845,328842095
Africa,2007,405286173,534058611,32921177,155891265,249394908,195215478,338843133
Africa,2008,414813305,548518058,33813307,159389451,255423854,199187624,349330434
Africa,2009,424625393,563519553,34713708,162987903,261637490,203296456,360223097
Africa,2010,434762176,579048244,35635924,166886632,267875544,207591656,371456588
Africa,2011,445636292,594583179,36714342,171090367,274545925,211678436,382904743
Africa,2012,456791641,610696083,37797544,175275544,281516097,215952615,394743468
Africa,2013,468095194,627400079,38902919,179404366,288690828,220470894,406929185
Africa,2014,479307550,644767276,40054963,183328406,295979144,225309281,419457995
Africa,2015,490264548,662831658,41273702,186990405,303274143,230510571,432321087
Africa,2016,501813439,680581146,42685925,190898388,310915051,235677926,444903220
Africa,2017,512756216,699355435,44156374,193877903,318878313,241292277,458063158
Africa,2018,523253075,718985610,45681833,196250556,327002519,247299319,471686291
Africa,2019,533558605,739230415,47249696,198504232,335054373,253604544,485625871
Africa,2020,543782792,759979015,48860382,201010660,342772132,260153626,499825389
Africa,2021,553936527,780995119,50722969,203268969,350667558,266802095,514193024
Africa,2022,564109618,802427947,52584831,205956825,358152793,273638810,528789137
Africa,2023,574113957,824450591,54469723,208972937,365141020,280717333,543733258
Africa,2024,583680872,847318004,56407253,212056076,371624796,288108310,559209694
Africa,2025,592719856,871111863,58418374,215051273,377668583,295816979,575294884
Africa,2026,602175304,894766547,60620724,218423856,383751448,303480871,591285676
Africa,2027,611075336,919397358,62865567,221447071,389628265,311431749,607965609
Africa,2028,619577443,944842916,65165628,224232820,395344623,319541731,625301185
Africa,2029,627969946,970822955,67524163,227010937,400959009,327600384,643222571
Africa,2030,636427283,997156150,69954071,229974460,406452823,335461552,661694598
Africa,2031,645577724,1023093795,72572140,233288104,412289620,342899095,680194700
Africa,2032,654702195,1049489884,75233160,236444283,418257912,350159766,699330118
Africa,2033,663805996,1076298147,77967586,239519145,424286851,357210471,719087676
Africa,2034,672838809,1103520059,80810735,242556404,430282405,364020962,739499097
Africa,2035,681773620,1131135363,83794714,245623817,436149803,370573669,760561694
Africa,2036,691342486,1158331295,86987665,248969491,442372995,376665448,781665847
Africa,2037,700754548,1185997145,90275040,252064731,448689817,382495807,803501338
Africa,2038,710009448,1214069708,93695217,254979895,455029553,388175596,825894112
Africa,2039,719102788,1242480672,97291685,257793438,461309350,393865299,848615373
Africa,2040,728022100,1271176348,101103283,260585656,467436444,399667078,871509270
Africa,2041,737434248,1299428178,105171606,263559110,473875138,405428813,893999365
Africa,2042,746583126,1328084256,109385350,266280595,480302531,411321660,916762596
Africa,2043,755455613,1357095123,113780991,268814678,486640935,417344409,939750714
Africa,2044,764035889,1386408327,118398834,271227490,492808399,423463148,962945179
Africa,2045,772310337,1415977460,123273529,273586597,498723740,429649607,986327853
Africa,2046,780932280,1445124008,128407534,276073349,504858931,435815299,1009308709
Africa,2047,789195749,1474628681,133707114,278353790,510841959,442067917,1032560764
Africa,2048,797091895,1504475006,139180038,280477222,516614673,448400896,1056074110
Africa,2049,804622957,1534647849,144823394,282496284,522126673,454788201,1079859648
Africa,2050,811796697,1565112756,150647308,284467168,527329529,461199353,1103913403
Africa,2051,819312408,1595198007,156606724,286599833,532712575,467570103,1127627904
Africa,2052,826444464,1625658373,162652805,288555406,537889058,473945283,1151713090
Africa,2053,833195863,1656449738,168805514,290373279,542822584,480301445,1176148293
Africa,2054,839581265,1687525901,175074168,292093826,547487439,486594280,1200931621
Africa,2055,845618151,1718827306,181480950,293763959,551854192,492782911,1226044395
Africa,2056,852060005,1749684804,187922118,295641516,556418489,498840774,1250844030
Africa,2057,858126380,1780861249,194400853,297316523,560809857,504777855,1276083394
Africa,2058,863841412,1812263007,200977109,298845403,564996009,510582912,1301680095
Africa,2059,869246155,1843779630,207713685,300299858,568946297,516232432,1327547198
Africa,2060,874372659,1875309693,214670730,301748063,572624596,521703523,1353606170
Africa,2061,879964382,1906267640,221674903,303415214,576549168,527032689,1379234951
Africa,2062,885278033,1937326533,228777471,304962420,580315613,532166674,1405159859
Africa,2063,890307459,1968397020,236057012,306411142,583896317,537120848,1431276172
Africa,2064,895041321,1999385978,243599968,307772619,587268702,541908676,1457477302
Africa,2065,899480034,2030196255,251484565,309072451,590407583,546531831,1483664424
Africa,2066,904466012,2060207821,259471500,310633109,593832903,551055786,1509152035
Africa,2067,909120733,2090178054,267663046,311964047,597156686,555419279,1534758775
Africa,2068,913459567,2119999606,276128583,313113619,600345948,559631074,1560368532
Africa,2069,917504716,2149558232,284935559,314142628,603362088,563690547,1585867685
Africa,2070,921264428,2178752850,294153791,315108768,606155660,567594481,1611158369
Africa,2071,925524240,2207074877,303487271,316273866,609250374,571469074,1635605803
Africa,2072,929467571,2235223820,313035223,317247825,612219746,575197879,1660025941
Africa,2073,933084855,2263082689,322904291,318067872,615016983,578798455,1684284234
Africa,2074,936361216,2290520357,333220257,318768827,617592389,582282891,1708237466
Africa,2075,939287120,2317430592,344079979,319387912,619899208,585652844,1731777748
Africa,2076,942663678,2343385076,355092721,320185916,622477762,589071332,1754313744
Africa,2077,945687039,2369015355,366414323,320822708,624864331,592376965,1776638390
Africa,2078,948348149,2394332379,378027588,321322544,627025605,595579289,1798753090
Africa,2079,950642877,2419388660,389869662,321709284,628933593,598676839,1820711821
Africa,2080,952570703,2444177579,401933433,322010184,630560519,601659207,1842518372
Africa,2081,954963816,2468310731,413760075,322510881,632452935,604714435,1863596296
Africa,2082,956990387,2492391584,425563087,322844737,634145650,607658382,1884733202
Africa,2083,958653064,2516297596,437448714,323041064,635612000,610479119,1905818477
Africa,2084,959965403,2539884711,449534198,323136280,636829123,613146862,1926737849
Africa,2085,960938296,2563024747,461923703,323166520,637771776,615634000,1947390747
Africa,2086,962420274,2585494560,473979553,323414100,639006174,618172835,1967321725
Africa,2087,963578825,2607764813,486050755,323527871,640050954,620533250,1987231563
Africa,2088,964408694,2629717640,498247138,323526120,640882574,622715689,2007001951
Africa,2089,964906304,2651234826,510677202,323424855,641481449,624713463,2026521363
Africa,2090,965072671,2672198913,523444920,323246174,641826497,626514885,2045684028
Africa,2091,965799039,2692472418,535785629,323307860,642491179,628377941,2064094477
Africa,2092,966203418,2712457878,548168751,323205570,642997848,630052149,2082405729
Africa,2093,966289759,2732021111,560715794,322967501,643322258,631541774,2100479337
Africa,2094,966068648,2751023912,573545974,322629072,643439576,632844241,2118179671
Africa,2095,965547370,2769340176,586770044,322226906,643320464,633952314,2135387862
Africa,2096,965585837,2786966250,599523860,322046897,643538940,635158622,2151807628
Africa,2097,965341423,2804196574,612347855,321735593,643605830,636184401,2168012173
Africa,2098,964808195,2820916087,625355330,321314934,643493261,637038175,2183877912
Africa,2099,963974459,2837020611,638654588,320799558,643174901,637723854,2199296757
Africa,2100,962826295,2852406354,652355784,320201148,642625147,638238397,2214167957
Albania,1950,485309,691223,86642,180780,304529,228769,462454
Albania,1951,495603,705784,86110,186637,308966,235357,470427
Albania,1952,507225,722719,86145,193968,313257,242491,480228
Albania,1953,520076,741552,86471,202487,317589,249992,491560
Albania,1954,534408,761820,86650,212025,322383,257697,504123
Albania,1955,550435,783127,86408,222524,327911,265469,517658
Albania,1956,570019,802263,86807,234893,335126,272228,530035
Albania,1957,590052,823217,86880,245501,344551,279404,543813
Albania,1958,610948,845361,86913,254812,356136,286619,558742
Albania,1959,633170,867940,87374,263633,369537,293334,574606
Albania,1960,656957,890580,88519,272904,384053,299302,591278
Albania,1961,683480,911540,90880,282885,400595,303983,607557
Albania,1962,710693,933028,93923,291656,419037,308137,624891
Albania,1963,737913,955307,97314,299259,438654,312288,643019
Albania,1964,763846,979159,100588,305323,458523,317375,661784
Albania,1965,787500,1005139,103486,309710,477790,324073,681066
Albania,1966,811096,1031437,105252,313603,497493,331934,699503
Albania,1967,831454,1060566,106673,314479,516975,341527,719039
Albania,1968,849088,1092056,108007,313454,535634,352884,739172
Albania,1969,865007,1125042,109604,312304,552703,365923,759119
Albania,1970,879810,1159103,111685,312306,567504,380575,778528
Albania,1971,892727,1195209,114099,310988,581739,397305,797904
Albania,1972,905565,1231570,116709,312955,592610,415205,816365
Albania,1973,917552,1268962,119489,317139,600413,434063,834899
Albania,1974,927553,1308544,122366,321554,605999,453587,854957
Albania,1975,935186,1350735,125308,324835,610351,473421,877314
Albania,1976,943735,1392012,128589,329955,613780,492460,899552
Albania,1977,949483,1436457,131932,332318,617165,511888,924569
Albania,1978,953644,1482889,135317,332852,620792,530836,952053
Albania,1979,958096,1529469,138721,333358,624738,548067,981402
Albania,1980,963875,1575225,142139,335171,628704,562853,1012372
Albania,1981,969994,1619543,145792,336888,633106,575214,1044329
Albania,1982,976929,1662077,149308,339516,637413,584735,1077342
Albania,1983,985245,1704567,152812,343321,641924,592277,1112290
Albania,1984,995563,1749606,156423,348561,647002,599156,1150450
Albania,1985,1008336,1798259,160203,355489,652847,606034,1192225
Albania,1986,1025119,1851262,164626,364122,660997,613336,1237926
Albania,1987,1044905,1907336,169095,374784,670121,620323,1287013
Albania,1988,1063468,1960208,173391,385105,678363,625500,1334708
Albania,1989,1074403,2001985,177268,390864,683539,627210,1374775
Albania,1990,1072900,2027988,180566,388493,684407,624683,1403305
Albania,1991,1074740,2015391,185300,389120,685620,606324,1409067
Albania,1992,1064712,1986720,189155,380326,684386,587647,1399073
Albania,1993,1046712,1950333,192538,364735,681977,571549,1378784
Albania,1994,1028084,1916465,196046,347796,680288,560485,1355980
Albania,1995,1014500,1891997,200239,334432,680068,555744,1336253
Albania,1996,993619,1895220,203389,319847,673772,545570,1349650
Albania,1997,979472,1906429,207140,307887,671585,537290,1369139
Albania,1998,969442,1922873,211444,298258,671184,531272,1391601
Albania,1999,958997,1940463,216116,289093,669904,527696,1412767
Albania,2000,944809,1956295,220866,278753,666056,526794,1429501
Albania,2001,924347,1969129,228932,267031,657316,530314,1438815
Albania,2002,900640,1981016,237373,255065,645575,536896,1444120
Albania,2003,873899,1991140,245966,242898,631001,545934,1445206
Albania,2004,845120,1998261,254366,230863,614257,555736,1442525
Albania,2005,814989,2001789,262401,219025,595964,564877,1436912
Albania,2006,780311,2001338,272682,207240,573071,562663,1438675
Albania,2007,746942,1994380,282585,196472,550470,557020,1437360
Albania,2008,715239,1983969,292443,186884,528355,549502,1434467
Albania,2009,686206,1973700,302729,179148,507058,541710,1431990
Albania,2010,660640,1966055,313830,173969,486671,535002,1431053
Albania,2011,627047,1976104,323508,170055,456992,522362,1453742
Albania,2012,597755,1988856,333428,169081,428674,509379,1479477
Albania,2013,571613,2003749,343616,169958,401655,497574,1506175
Albania,2014,547935,2018346,354494,171084,376851,486581,1531765
Albania,2015,526989,2029871,366492,171783,355206,475257,1554614
Albania,2016,518619,2032164,375565,177372,341247,472981,1559183
Albania,2017,509756,2034012,386419,177175,332581,468413,1565599
Albania,2018,502048,2033452,398863,173519,328529,461043,1572409
Albania,2019,497175,2028603,412650,169624,327551,450427,1578176
Albania,2020,495411,2018941,427682,167594,327817,436619,1582322
Albania,2021,492392,2008333,444079,163084,329308,419596,1588737
Albania,2022,493459,1991932,461149,162078,331381,398886,1593046
Albania,2023,496640,1971928,478773,163450,333190,376944,1594984
Albania,2024,498974,1951586,496876,164906,334068,357281,1594305
Albania,2025,499038,1932619,515335,164904,334134,342004,1590615
Albania,2026,499086,1913791,533075,165384,333702,329770,1584021
Albania,2027,496815,1896485,550848,164311,332504,321879,1574606
Albania,2028,492713,1880521,568280,161905,330808,317664,1562857
Albania,2029,488125,1865166,584670,159061,329064,315642,1549524
Albania,2030,483726,1850071,599622,156371,327355,314778,1535293
Albania,2031,479230,1836159,612475,153643,325587,314475,1521684
Albania,2032,474558,1823091,623647,150711,323847,315657,1507434
Albania,2033,469592,1810620,633504,147706,321886,317713,1492907
Albania,2034,463985,1798462,642648,144586,319399,319760,1478702
Albania,2035,457582,1786342,651527,141361,316221,321156,1465186
Albania,2036,450664,1775092,659026,138072,312592,320971,1454121
Albania,2037,443360,1763826,665947,134935,308425,319722,1444104
Albania,2038,435645,1752483,672444,131951,303694,317824,1434659
Albania,2039,427610,1740964,678606,129167,298443,315945,1425019
Albania,2040,419407,1729087,684564,126636,292771,314454,1414633
Albania,2041,411576,1717836,688847,124610,286966,312365,1405471
Albania,2042,403874,1706268,692670,122840,281034,310380,1395888
Albania,2043,396313,1693981,696484,121293,275020,308394,1385587
Albania,2044,388969,1680399,700880,119947,269022,306134,1374265
Albania,2045,381952,1665150,706173,118825,263127,303398,1361752
Albania,2046,376081,1648815,711009,118528,257553,299339,1349476
Albania,2047,370573,1631008,716607,117999,252574,294848,1336160
Albania,2048,365484,1612190,722505,117328,248156,290066,1322124
Albania,2049,360855,1593081,728025,116627,244228,285103,1307978
Albania,2050,356668,1574056,732867,116011,240657,280031,1294025
Albania,2051,353348,1555434,736309,115845,237503,273992,1281442
Albania,2052,350387,1537242,738867,115300,235087,267844,1269398
Albania,2053,347721,1519029,741045,114503,233218,261810,1257219
Albania,2054,345247,1500112,743632,113573,231674,256120,1243992
Albania,2055,342829,1479966,747261,112617,230212,250900,1229066
Albania,2056,340551,1459603,750862,111675,228876,245404,1214199
Albania,2057,338409,1438839,754620,110624,227785,240378,1198461
Albania,2058,336223,1417228,759153,109470,226753,235948,1181280
Albania,2059,333816,1394093,765291,108200,225616,232189,1161904
Albania,2060,331062,1369075,773528,106804,224258,229106,1139969
Albania,2061,328293,1343635,782040,105470,222823,226052,1117583
Albania,2062,325296,1316769,792062,103999,221297,223639,1093130
Albania,2063,321981,1289550,802589,102410,219571,221811,1067739
Albania,2064,318334,1263710,811873,100749,217585,220415,1043295
Albania,2065,314372,1240342,818792,99065,215307,219309,1021033
Albania,2066,310549,1221029,821307,97579,212970,217962,1003067
Albania,2067,306549,1204308,821200,96029,210520,216816,987492
Albania,2068,302347,1189786,818897,94451,207896,215845,973941
Albania,2069,297959,1176705,815135,92893,205066,214942,961763
Albania,2070,293416,1164443,810526,91406,202010,214001,950442
Albania,2071,289268,1155007,802496,90253,199015,212557,942450
Albania,2072,285136,1146868,792989,89092,196044,210982,935886
Albania,2073,280987,1139136,782966,87944,193043,209308,929828
Albania,2074,276834,1130585,773673,86844,189990,207549,923036
Albania,2075,272702,1120386,765952,85839,186863,205690,914696
Albania,2076,269187,1110380,757389,85245,183942,203316,907064
Albania,2077,265828,1098973,750080,84585,181243,200812,898161
Albania,2078,262605,1086508,743700,83895,178710,198252,888256
Albania,2079,259493,1073511,737774,83206,176287,195666,877845
Albania,2080,256435,1060126,732232,82553,173882,193033,867093
Albania,2081,254047,1048251,724590,82265,171782,190055,858196
Albania,2082,251801,1036370,716920,81820,169981,187063,849307
Albania,2083,249616,1024133,709672,81255,168361,184112,840021
Albania,2084,247434,1011217,703245,80614,166820,181256,829961
Albania,2085,245228,997526,697795,79956,165272,178529,818997
Albania,2086,243480,985096,690824,79512,163968,175665,809431
Albania,2087,241781,972422,684279,78932,162849,172950,799472
Albania,2088,240063,959514,678226,78247,161816,170448,789066
Albania,2089,238257,946388,672751,77482,160775,168198,778190
Albania,2090,236293,932991,667996,76666,159627,166185,766806
Albania,2091,234460,920662,662373,75944,158516,164073,756589
Albania,2092,232613,908637,656781,75138,157475,162228,746409
Albania,2093,230707,896976,651255,74276,156431,160673,736303
Albania,2094,228669,885577,645985,73367,155302,159369,726208
Albania,2095,226381,874080,641474,72407,153974,158209,715871
Albania,2096,224180,863910,635967,71557,152623,156911,706999
Albania,2097,222034,854674,629930,70697,151337,155859,698815
Albania,2098,219804,845877,624008,69817,149987,154974,690903
Albania,2099,217354,836910,618977,68907,148447,154116,682794
Albania,2100,214643,827449,615215,67983,146660,153191,674258
Algeria,1950,3602755,4954994,314498,1403134,2199621,1724431,3230563
Algeria,1951,3707615,5014387,317908,1479094,2228521,1750883,3263504
Algeria,1952,3833327,5062193,320877,1581210,2252117,1773128,3289065
Algeria,1953,3958010,5123268,324165,1677569,2280441,1799843,3323425
Algeria,1954,4076157,5206209,327139,1758923,2317234,1834050,3372159
Algeria,1955,4192871,5307751,329097,1830633,2362238,1874828,3432923
Algeria,1956,4353381,5379055,333386,1939137,2414244,1890673,3488382
Algeria,1957,4495168,5483834,337286,1993791,2501377,1915413,3568421
Algeria,1958,4634956,5601819,341674,2019212,2615744,1942908,3658911
Algeria,1959,4787046,5713560,348367,2041709,2745337,1967648,3745912
Algeria,1960,4954926,5811610,358352,2081829,2873097,1988883,3822727
Algeria,1961,5136593,5891160,377106,2115015,3021578,1995067,3896093
Algeria,1962,5339329,5952986,397838,2171817,3167512,1996793,3956193
Algeria,1963,5551813,6014603,418720,2247152,3304661,2004532,4010071
Algeria,1964,5756429,6102009,437532,2325509,3430920,2032654,4069355
Algeria,1965,5945328,6228411,453213,2398028,3547300,2089805,4138606
Algeria,1966,6146109,6367084,467074,2485615,3660494,2168834,4198250
Algeria,1967,6324139,6551759,478299,2546701,3777438,2276120,4275639
Algeria,1968,6487311,6768703,488373,2590582,3896729,2405391,4363312
Algeria,1969,6649597,6995720,499121,2634576,4015021,2545150,4450570
Algeria,1970,6818027,7220494,511513,2692572,4125455,2687809,4532685
Algeria,1971,7007903,7422071,530135,2761165,4246738,2821477,4600594
Algeria,1972,7204116,7623386,549591,2834909,4369207,2958081,4665305
Algeria,1973,7405386,7830328,568714,2914920,4490466,3094927,4735401
Algeria,1974,7607226,8053886,586001,2998567,4608659,3229673,4824213
Algeria,1975,7808217,8300027,600855,3086164,4722053,3361100,4938927
Algeria,1976,8034027,8540496,615716,3190796,4843231,3471800,5068696
Algeria,1977,8255586,8806299,628299,3280789,4974797,3578159,5228140
Algeria,1978,8477688,9094792,639846,3361272,5116416,3683848,5410944
Algeria,1979,8707262,9401451,652048,3440739,5266523,3794513,5606938
Algeria,1980,8947954,9723871,665890,3528040,5419914,3914128,5809743
Algeria,1981,9210691,10047876,685097,3626060,5584631,4029235,6018641
Algeria,1982,9473778,10395858,706065,3707557,5766221,4155731,6240127
Algeria,1983,9735605,10765257,727427,3777111,5958494,4291285,6473972
Algeria,1984,9991537,11155018,747298,3838086,6153451,4432204,6722814
Algeria,1985,10236554,11564448,764903,3893847,6342707,4576179,6988269
Algeria,1986,10479331,11975728,786213,3945168,6534163,4716420,7259308
Algeria,1987,10704001,12407718,806178,3979162,6724839,4859825,7547893
Algeria,1988,10907113,12858026,826353,3997788,6909325,5007914,7850112
Algeria,1989,11083861,13324827,848984,4002408,7081453,5164005,8160822
Algeria,1990,11229831,13806990,875546,3994211,7235620,5329965,8477025
Algeria,1991,11356462,14291315,906552,3975019,7381443,5494133,8797182
Algeria,1992,11450486,14790717,939891,3942777,7507709,5667365,9123352
Algeria,1993,11506293,15304308,975658,3895506,7610787,5848280,9456028
Algeria,1994,11515822,15832316,1014115,3827235,7688587,6034832,9797484
Algeria,1995,11473946,16374751,1055601,3734288,7739658,6224881,10149870
Algeria,1996,11397281,16906787,1107347,3629428,7767853,6397018,10509769
Algeria,1997,11266718,17456362,1163759,3495038,7771680,6576037,10880325
Algeria,1998,11093051,18018559,1224122,3345782,7747269,6757234,11261325
Algeria,1999,10895140,18583470,1287003,3204639,7690501,6931798,11651672
Algeria,2000,10687382,19144447,1351831,3087831,7599551,7092796,12051651
Algeria,2001,10447449,19734527,1410177,2956864,7490585,7248954,12485573
Algeria,2002,10222348,20304857,1467841,2885610,7336738,7382135,12922722
Algeria,2003,10014945,20862869,1525700,2868203,7146742,7492753,13370116
Algeria,2004,9830586,21416138,1584372,2896354,6934232,7581374,13834764
Algeria,2005,9681087,21963019,1644331,2964659,6716428,7645623,14317396
Algeria,2006,9595560,22475875,1706480,3083467,6512093,7669747,14806128
Algeria,2007,9565485,22965441,1769150,3248294,6317191,7667207,15298234
Algeria,2008,9593198,23433829,1833688,3443624,6149574,7636668,15797161
Algeria,2009,9680241,23883916,1901603,3651064,6029177,7576418,16307498
Algeria,2010,9827771,24315242,1974624,3860200,5967571,7485885,16829357
Algeria,2011,10096635,24691566,2031357,4133599,5963036,7336596,17354970
Algeria,2012,10393376,25080157,2092314,4340456,6052920,7172993,17907164
Algeria,2013,10720781,25457105,2160676,4491093,6229688,6995188,18461917
Algeria,2014,11070494,25800849,2241970,4595876,6474618,6806650,18994199
Algeria,2015,11424395,26106760,2340373,4663613,6760782,6614548,19492212
Algeria,2016,11777882,26383347,2444823,4699122,7078760,6423564,19959783
Algeria,2017,12099976,26652014,2566152,4662790,7437186,6235925,20416089
Algeria,2018,12389248,26919623,2699183,4578979,7810269,6071112,20848511
Algeria,2019,12643920,27199380,2835718,4479944,8163976,5957574,21241806
Algeria,2020,12858971,27503054,2971230,4386463,8472508,5914437,21588617
Algeria,2021,12960217,27901101,3107985,4213128,8747089,5955821,21945280
Algeria,2022,13054462,28290275,3239730,4125267,8929195,6056888,22233387
Algeria,2023,13113382,28693449,3372018,4093023,9020359,6219253,22474196
Algeria,2024,13105258,29134860,3512877,4067882,9037376,6440718,22694142
Algeria,2025,13020804,29620066,3666773,4014696,9006108,6714345,22905721
Algeria,2026,12917586,30106164,3819313,3985062,8932524,7029906,23076258
Algeria,2027,12737862,30639397,3982749,3921334,8816528,7396035,23243362
Algeria,2028,12506767,31197587,4156132,3833136,8673631,7780195,23417392
Algeria,2029,12268520,31742016,4336516,3747483,8521037,8133314,23608702
Algeria,2030,12049476,32249694,4522793,3683772,8365704,8422930,23826764
Algeria,2031,11850329,32731275,4704681,3635777,8214552,8654647,24076628
Algeria,2032,11672187,33176473,4892394,3601440,8070747,8819953,24356520
Algeria,2033,11515628,33586190,5086635,3581847,7933781,8920143,24666047
Algeria,2034,11371995,33970338,5288587,3571565,7800430,8964041,25006297
Algeria,2035,11237946,34332942,5499513,3568225,7669721,8958356,25374586
Algeria,2036,11135037,34671420,5701389,3582456,7552581,8903514,25767906
Algeria,2037,11048476,34984926,5910319,3599886,7448590,8794032,26190894
Algeria,2038,10979990,35268560,6130286,3620503,7359487,8646172,26622388
Algeria,2039,10931519,35515753,6366558,3645422,7286097,8483933,27031820
Algeria,2040,10903579,35722659,6622759,3675682,7227897,8323965,27398694
Algeria,2041,10911159,35897444,6875796,3719553,7191606,8171437,27726007
Algeria,2042,10934778,36039643,7145172,3759405,7175373,8026991,28012652
Algeria,2043,10973231,36148329,7431970,3795794,7177437,7890835,28257494
Algeria,2044,11023295,36224295,7737153,3828843,7194452,7759898,28464397
Algeria,2045,11081289,36269403,8061077,3858788,7222501,7633189,28636214
Algeria,2046,11157299,36297224,8379399,3890585,7266714,7518934,28778290
Algeria,2047,11235704,36303180,8711240,3913778,7321926,7415493,28887687
Algeria,2048,11313157,36291264,9053464,3928548,7384609,7325344,28965920
Algeria,2049,11384410,36267400,9402421,3934160,7450250,7251304,29016096
Algeria,2050,11444378,36236089,9756236,3929839,7514539,7195045,29041044
Algeria,2051,11500152,36218439,10085617,3917730,7582422,7161787,29056652
Algeria,2052,11540809,36203320,10412008,3895864,7644945,7146670,29056650
Algeria,2053,11564392,36191582,10735245,3865561,7698831,7148316,29043266
Algeria,2054,11569885,36183881,11054509,3828736,7741149,7164293,29019588
Algeria,2055,11556312,36181674,11368507,3786339,7769973,7192367,28989307
Algeria,2056,11526554,36215617,11643176,3734076,7792478,7238694,28976923
Algeria,2057,11481256,36257535,11906121,3685245,7796011,7294887,28962648
Algeria,2058,11419273,36314170,12152400,3638852,7780421,7357816,28956354
Algeria,2059,11340955,36393858,12374454,3593708,7747247,7423011,28970847
Algeria,2060,11247995,36499224,12569007,3548784,7699211,7486455,29012769
Algeria,2061,11152828,36656999,12697301,3506436,7646392,7554105,29102894
Algeria,2062,11049466,36837174,12795905,3470781,7578685,7617423,29219751
Algeria,2063,10939347,37032852,12871701,3440363,7498984,7672929,29359923
Algeria,2064,10825556,37233820,12933562,3414023,7411533,7716190,29517630
Algeria,2065,10711249,37430094,12989816,3391181,7320068,7743846,29686248
Algeria,2066,10616572,37646936,12995984,3381474,7235098,7762368,29884568
Algeria,2067,10523892,37862120,12992587,3372083,7151809,7765105,30097015
Algeria,2068,10435734,38057296,12996402,3363732,7072002,7751488,30305808
Algeria,2069,10354683,38208273,13029972,3357757,6996926,7721470,30486803
Algeria,2070,10282105,38298574,13109240,3355432,6926673,7675390,30623184
Algeria,2071,10234241,38357563,13189288,3363935,6870306,7620803,30736760
Algeria,2072,10195299,38365910,13305852,3371143,6824156,7552086,30813824
Algeria,2073,10165121,38321306,13462009,3377594,6787527,7472527,30848779
Algeria,2074,10141783,38223319,13660645,3383314,6758469,7386920,30836399
Algeria,2075,10123015,38072138,13904316,3388404,6734611,7298697,30773441
Algeria,2076,10121055,37894998,14153896,3397923,6723132,7215006,30679992
Algeria,2077,10123481,37676310,14437629,3404032,6719449,7131916,30544394
Algeria,2078,10128575,37429634,14743844,3406942,6721633,7051564,30378070
Algeria,2079,10133545,37175820,15054489,3406554,6726991,6976296,30199524
Algeria,2080,10135364,36927473,15360014,3402587,6732777,6907525,30019948
Algeria,2081,10143283,36714692,15621049,3397741,6745542,6852534,29862158
Algeria,2082,10148656,36522432,15861207,3389887,6758769,6807060,29715372
Algeria,2083,10149160,36345334,16087914,3378823,6770337,6770328,29575006
Algeria,2084,10142433,36174880,16311711,3364233,6778200,6740862,29434018
Algeria,2085,10126402,36005106,16540276,3345666,6780736,6717283,29287823
Algeria,2086,10111254,35875927,16723279,3325315,6785939,6707419,29168508
Algeria,2087,10089191,35761330,16894203,3304038,6785153,6704724,29056606
Algeria,2088,10058856,35657870,17057251,3281489,6777367,6707253,28950617
Algeria,2089,10019385,35560887,17217221,3257381,6762004,6712179,28848708
Algeria,2090,9970117,35465089,17379441,3231303,6738814,6716972,28748117
Algeria,2091,9926243,35420661,17478066,3207171,6719072,6731538,28689123
Algeria,2092,9876364,35384054,17567695,3184445,6691919,6746011,28638043
Algeria,2093,9819571,35347559,17656690,3162423,6657148,6758060,28589499
Algeria,2094,9755932,35304188,17751714,3140405,6615527,6765330,28538858
Algeria,2095,9686175,35249972,17855722,3117797,6568378,6766320,28483652
Algeria,2096,9631766,35244636,17887146,3102538,6529228,6772918,28471718
Algeria,2097,9573546,35230300,17922580,3087424,6486122,6772749,28457551
Algeria,2098,9512316,35202265,17965377,3072459,6439857,6765168,28437097
Algeria,2099,9450125,35155560,18017855,3058702,6391423,6749699,28405861
Algeria,2100,9389588,35085359,18081525,3048214,6341374,6725873,28359486
Angola,1950,1824882,2589307,133834,739234,1085648,884290,1705017
Angola,1951,1895885,2628839,134609,794235,1101650,894245,1734594
Angola,1952,1980686,2659960,133915,868769,1111917,901207,1758753
Angola,1953,2059203,2698337,132929,935859,1123344,910434,1787903
Angola,1954,2125188,2747331,132244,986620,1138568,922961,1824370
Angola,1955,2181119,2803093,131859,1023493,1157626,937557,1865536
Angola,1956,2272164,2817575,134264,1085169,1186995,938409,1879166
Angola,1957,2339903,2851947,137249,1104235,1235668,946741,1905206
Angola,1958,2397670,2894903,140144,1099317,1298353,957974,1936929
Angola,1959,2457642,2936838,142299,1090782,1366860,967850,1968988
Angola,1960,2524641,2975067,143474,1095296,1429345,975350,1999717
Angola,1961,2599961,3004958,148105,1094161,1505800,979099,2025859
Angola,1962,2685439,3028969,151653,1109977,1575462,980057,2048912
Angola,1963,2772713,3053427,154277,1139418,1633295,982740,2070687
Angola,1964,2847462,3089551,156308,1170716,1676746,994510,2095041
Angola,1965,2902812,3142618,157869,1196517,1706295,1019386,2123232
Angola,1966,2970444,3177531,161795,1233422,1737022,1044776,2132755
Angola,1967,3017223,3232432,165340,1252457,1764766,1083363,2149069
Angola,1968,3052187,3303066,168538,1260918,1791269,1132029,2171037
Angola,1969,3089876,3381446,171310,1272378,1817498,1185572,2195874
Angola,1970,3139417,3463343,173621,1298651,1840766,1240905,2222438
Angola,1971,3215074,3533231,178964,1334384,1880690,1292307,2240924
Angola,1972,3298791,3611904,184139,1371793,1926998,1347997,2263907
Angola,1973,3390358,3698476,189126,1413872,1976486,1404879,2293597
Angola,1974,3486553,3793857,193928,1461043,2025510,1459432,2334425
Angola,1975,3585662,3898273,198544,1515052,2070610,1509694,2388579
Angola,1976,3709641,3985987,205369,1579422,2130219,1546099,2439888
Angola,1977,3832831,4086066,212091,1636205,2196626,1579791,2506275
Angola,1978,3958884,4198476,218787,1689758,2269126,1613433,2585043
Angola,1979,4092384,4323591,225546,1745760,2346624,1651436,2672155
Angola,1980,4235901,4461588,232411,1810275,2425626,1696733,2764855
Angola,1981,4412159,4591147,241201,1885019,2527140,1741500,2849647
Angola,1982,4590888,4740958,250310,1949792,2641096,1796416,2944542
Angola,1983,4768854,4903330,259378,2008799,2760055,1857937,3045393
Angola,1984,4939745,5069648,267928,2065533,2874212,1921650,3147998
Angola,1985,5097510,5235784,275748,2122596,2974914,1985595,3250189
Angola,1986,5266319,5370279,284439,2185523,3080796,2038899,3331380
Angola,1987,5423375,5503210,291683,2245595,3177780,2092662,3410548
Angola,1988,5572777,5643170,298021,2305007,3267770,2150492,3492678
Angola,1989,5721682,5801412,304143,2367261,3354421,2217385,3584027
Angola,1990,5877018,5984034,310389,2438460,3438558,2296215,3687819
Angola,1991,6074727,6159254,319465,2528013,3546714,2375136,3784118
Angola,1992,6271462,6367924,328959,2603354,3668108,2469583,3898341
Angola,1993,6466081,6599240,338413,2670178,3795903,2573732,4025508
Angola,1994,6654601,6839479,347221,2733914,3920687,2679820,4159659
Angola,1995,6832356,7081533,355105,2799573,4032783,2783723,4297810
Angola,1996,7031114,7285856,365314,2875530,4155584,2870185,4415671
Angola,1997,7217433,7497109,374439,2938575,4278858,2956904,4540205
Angola,1998,7399691,7721733,382894,2997779,4401912,3046334,4675399
Angola,1999,7590145,7968462,391159,3066225,4523920,3142109,4826353
Angola,2000,7799503,8241956,399465,3157992,4641511,3246453,4995503
Angola,2001,8058318,8512581,412367,3270817,4787501,3346827,5165754
Angola,2002,8331896,8815111,425642,3386497,4945399,3457616,5357495
Angola,2003,8620326,9143963,439080,3508876,5111450,3577060,5566903
Angola,2004,8920812,9492530,452374,3639299,5281513,3703288,5789242
Angola,2005,9230768,9856402,465372,3779984,5450784,3835199,6021203
Angola,2006,9583540,10197799,481060,3942300,5641240,3957841,6239958
Angola,2007,9940255,10560352,497080,4091763,5848492,4089294,6471058
Angola,2008,10303362,10942997,513061,4232929,6070433,4227912,6715085
Angola,2009,10674869,11346290,528388,4370951,6303918,4371908,6974382
Angola,2010,11055071,11771088,542972,4512092,6542979,4520796,7250292
Angola,2011,11470522,12188515,559528,4665985,6804537,4663864,7524651
Angola,2012,11884745,12635901,575504,4799224,7085521,4815448,7820453
Angola,2013,12298080,13107343,592917,4919878,7378202,4975865,8131478
Angola,2014,12709409,13596360,614697,5037170,7672239,5146525,8449835
Angola,2015,13116245,14100537,642523,5158374,7957871,5329040,8771497
Angola,2016,13530714,14605793,676956,5277122,8253592,5518545,9087248
Angola,2017,13941344,15126672,716177,5400426,8540918,5718704,9407968
Angola,2018,14346107,15669492,758606,5528475,8817632,5931817,9737675
Angola,2019,14742984,16242687,801895,5659766,9083218,6160819,10081868
Angola,2020,15132370,16850180,844851,5794423,9337947,6406775,10443405
Angola,2021,15541294,17465196,887994,5941517,9599777,6660429,10804767
Angola,2022,15941854,18115794,930654,6084574,9857280,6930682,11185112
Angola,2023,16337171,18798256,973651,6225964,10111207,7212716,11585540
Angola,2024,16732444,19506231,1018053,6369654,10362790,7499049,12007182
Angola,2025,17131048,20235600,1064560,6519716,10611332,7784643,12450957
Angola,2026,17560586,20959934,1112257,6686206,10874380,8061120,12898814
Angola,2027,17989898,21710452,1161391,6844652,11145246,8338232,13372220
Angola,2028,18420696,22485344,1212026,6998771,11421925,8613825,13871519
Angola,2029,18854042,23283501,1264087,7152610,11701432,8885737,14397764
Angola,2030,19290258,24104232,1317792,7310597,11979661,9152960,14951272
Angola,2031,19756624,24921556,1371708,7481431,12275193,9407914,15513642
Angola,2032,20222389,25765058,1426837,7643348,12579041,9658781,16106277
Angola,2033,20687751,26633326,1484082,7799883,12887868,9908248,16725078
Angola,2034,21152242,27525359,1544554,7954781,13197461,10160736,17364623
Angola,2035,21615152,28440545,1609167,8111975,13503177,10419340,18021205
Angola,2036,22102648,29354465,1675840,8278571,13824077,10677637,18676828
Angola,2037,22585399,30295170,1745450,8437624,14147775,10942801,19352369
Angola,2038,23062914,31261691,1818875,8591614,14471300,11215285,20046406
Angola,2039,23534406,32253126,1897149,8742918,14791488,11495221,20757905
Angola,2040,23999192,33268701,1981109,8894330,15104862,11782649,21486052
Angola,2041,24485008,34282258,2068688,9054678,15430330,12071844,22210414
Angola,2042,24960763,35323597,2160710,9205671,15755092,12369666,22953931
Angola,2043,25426752,36392050,2256928,9350123,16076629,12674901,23717149
Angola,2044,25883609,37487016,2356668,9491307,16392302,12985507,24501509
Angola,2045,26331605,38607663,2459880,9632637,16698968,13300024,25307639
Angola,2046,26798903,39727610,2564251,9782679,17016224,13613321,26114289
Angola,2047,27254738,40876326,2670595,9924363,17330375,13930605,26945721
Angola,2048,27699562,42051479,2780380,10060386,17639176,14250934,27800545
Angola,2049,28134043,43250163,2895480,10193691,17940352,14572965,28677198
Angola,2050,28558685,44469999,3017369,10327416,18231269,14895629,29574370
Angola,2051,29003255,45684391,3142386,10470872,18532383,15214452,30469939
Angola,2052,29436329,46922685,3272100,10607015,18829314,15533360,31389325
Angola,2053,29858397,48183474,3406931,10738104,19120293,15851862,32331612
Angola,2054,30270192,49465465,3546979,10866541,19403651,16169264,33296201
Angola,2055,30672321,50767043,3692756,10995044,19677277,16484957,34282086
Angola,2056,31096589,52059928,3840187,11134649,19961940,16795353,35264575
Angola,2057,31509298,53374666,3991884,11265851,20243447,17103855,36270811
Angola,2058,31911247,54708980,4148859,11391166,20520081,17410133,37298847
Angola,2059,32303513,56060487,4312002,11513538,20789975,17713549,38346938
Angola,2060,32686809,57426699,4482573,11636070,21050739,18013636,39413063
Angola,2061,33094000,58779615,4655092,11769938,21324062,18308404,40471211
Angola,2062,33490331,60149948,4832879,11895698,21594633,18599906,41550042
Angola,2063,33876037,61533968,5018780,12015492,21860545,18888400,42645568
Angola,2064,34251277,62927402,5216196,12131552,22119725,19174060,43753342
Angola,2065,34616149,64326618,5427897,12246446,22369703,19456941,44869677
Angola,2066,35005361,65703636,5646459,12372597,22632764,19736422,45967214
Angola,2067,35381964,67091116,5875311,12489222,22892742,20013316,47077800
Angola,2068,35746065,68485522,6116849,12598490,23147575,20287862,48197660
Angola,2069,36097682,69882845,6373901,12702679,23395003,20560075,49322770
Angola,2070,36436649,71279927,6648718,12804291,23632358,20829918,50450009
Angola,2071,36798150,72649651,6932353,12915812,23882338,21098304,51551347
Angola,2072,37144635,74024610,7228966,13017051,24127584,21364511,52660099
Angola,2073,37476297,75404188,7538070,13110468,24365829,21628606,53775582
Angola,2074,37793512,76788549,7858227,13198882,24594630,21890291,54898258
Angola,2075,38096470,78176768,8189307,13285120,24811350,22149234,56027534
Angola,2076,38420766,79544913,8518742,13380628,25040138,22408481,57136432
Angola,2077,38729662,80921441,8853993,13468412,25261250,22664645,58256796
Angola,2078,39023072,82303893,9196916,13550162,25472910,22917742,59386151
Angola,2079,39301175,83689667,9549317,13627632,25673543,23167401,60522266
Angola,2080,39564339,85075768,9913127,13702846,25861493,23413123,61662645
Angola,2081,39851262,86440228,10270898,13789231,26062031,23659472,62780756
Angola,2082,40122431,87810492,10633801,13867685,26254746,23901460,63909032
Angola,2083,40377962,89182501,11004727,13939573,26438389,24138681,65043820
Angola,2084,40618088,90551712,11386821,14006233,26611855,24370188,66181524
Angola,2085,40843012,91913918,11783051,14069369,26773643,24595188,67318730
Angola,2086,41093318,93248239,12172836,14144239,26949079,24819615,68428624
Angola,2087,41326576,94582798,12569802,14208322,27118254,25037514,69545284
Angola,2088,41543627,95913291,12976901,14264099,27279528,25248823,70664468
Angola,2089,41745758,97235066,13397111,14314736,27431022,25453152,71781914
Angola,2090,41933672,98543989,13833358,14363178,27570494,25650182,72893807
Angola,2091,42145199,99823378,14263828,14421448,27723751,25847798,73975580
Angola,2092,42342130,101096909,14702243,14472937,27869193,26037790,75059119
Angola,2093,42523847,102361475,15151419,14518671,28005176,26220856,76140619
Angola,2094,42689418,103614380,15614078,14559237,28130181,26397678,77216702
Angola,2095,42838251,104852483,16093083,14595484,28242767,26568530,78283953
Angola,2096,43011399,106057654,16564716,14642779,28368620,26741719,79315935
Angola,2097,43166775,107256964,17043285,14680021,28486754,26908976,80347988
Angola,2098,43304451,108446662,17531870,14708494,28595957,27070338,81376324
Angola,2099,43425474,109622239,18033391,14730634,28694840,27225201,82397038
Angola,2100,43531012,110778965,18550964,14749566,28781446,27372897,83406068
Antigua and Barbuda,1950,18185,26495,1623,6602,11583,9121,17374
Antigua and Barbuda,1951,19089,27593,1683,7089,12000,9375,18218
Antigua and Barbuda,1952,19862,28414,1723,7646,12216,9521,18893
Antigua and Barbuda,1953,20401,29109,1752,8070,12331,9631,19478
Antigua and Barbuda,1954,20725,29713,1770,8320,12405,9741,19972
Antigua and Barbuda,1955,20919,30211,1767,8435,12484,9865,20346
Antigua and Barbuda,1956,21669,29886,1865,8839,12830,9733,20153
Antigua and Barbuda,1957,22276,29606,1956,8973,13303,9752,19854
Antigua and Barbuda,1958,22822,29370,2049,8962,13860,9904,19466
Antigua and Barbuda,1959,23391,29178,2153,8922,14469,10142,19036
Antigua and Barbuda,1960,24031,29050,2258,8942,15089,10446,18604
Antigua and Barbuda,1961,24310,29550,2284,8823,15487,10804,18746
Antigua and Barbuda,1962,24728,30110,2306,8815,15913,11132,18978
Antigua and Barbuda,1963,25233,30729,2332,8902,16331,11444,19285
Antigua and Barbuda,1964,25737,31423,2364,9032,16705,11777,19646
Antigua and Barbuda,1965,26194,32191,2396,9167,17027,12146,20045
Antigua and Barbuda,1966,26548,33053,2458,9281,17267,12543,20510
Antigua and Barbuda,1967,26893,33943,2524,9458,17435,12949,20994
Antigua and Barbuda,1968,27208,34864,2583,9655,17553,13361,21503
Antigua and Barbuda,1969,27473,35798,2639,9816,17657,13779,22019
Antigua and Barbuda,1970,27674,36738,2686,9903,17771,14199,22539
Antigua and Barbuda,1971,27883,37527,2778,10038,17845,14558,22969
Antigua and Barbuda,1972,27986,38329,2861,10015,17971,14932,23397
Antigua and Barbuda,1973,28000,39128,2938,9861,18139,15290,23838
Antigua and Barbuda,1974,27955,39897,3026,9618,18337,15598,24299
Antigua and Barbuda,1975,27840,40636,3133,9319,18521,15842,24794
Antigua and Barbuda,1976,27563,41439,3283,8949,18614,16025,25414
Antigua and Barbuda,1977,27197,42237,3441,8513,18684,16152,26085
Antigua and Barbuda,1978,26736,42983,3605,8052,18684,16222,26761
Antigua and Barbuda,1979,26182,43611,3735,7631,18551,16244,27367
Antigua and Barbuda,1980,25548,44076,3818,7293,18255,16218,27858
Antigua and Barbuda,1981,24680,44427,3959,6881,17799,16158,28269
Antigua and Barbuda,1982,23924,44470,4054,6810,17114,16012,28458
Antigua and Barbuda,1983,23228,44298,4113,6946,16282,15815,28483
Antigua and Barbuda,1984,22530,44045,4150,7108,15422,15599,28446
Antigua and Barbuda,1985,21841,43771,4170,7197,14644,15376,28395
Antigua and Barbuda,1986,21272,43251,4286,7538,13734,15232,28019
Antigua and Barbuda,1987,20717,42725,4403,7593,13124,15002,27723
Antigua and Barbuda,1988,20369,42148,4541,7487,12882,14625,27523
Antigua and Barbuda,1989,20407,41496,4724,7386,13021,14078,27418
Antigua and Barbuda,1990,20853,40862,4981,7363,13490,13424,27438
Antigua and Barbuda,1991,20816,41409,5082,6909,13907,12999,28410
Antigua and Barbuda,1992,21055,42129,5243,6685,14370,12588,29541
Antigua and Barbuda,1993,21454,43059,5425,6629,14825,12252,30807
Antigua and Barbuda,1994,21881,44239,5599,6665,15216,12061,32178
Antigua and Barbuda,1995,22285,45598,5736,6766,15519,12052,33546
Antigua and Barbuda,1996,22538,47346,5744,6921,15617,12226,35120
Antigua and Barbuda,1997,22956,49070,5713,7229,15727,12373,36697
Antigua and Barbuda,1998,23514,50683,5654,7627,15887,12445,38238
Antigua and Barbuda,1999,24126,52124,5581,8007,16119,12435,39689
Antigua and Barbuda,2000,24671,53414,5499,8261,16410,12399,41015
Antigua and Barbuda,2001,24952,54558,5547,8561,16391,12985,41573
Antigua and Barbuda,2002,25066,55596,5604,8676,16390,13611,41985
Antigua and Barbuda,2003,25116,56482,5695,8633,16483,14185,42297
Antigua and Barbuda,2004,25216,57216,5825,8530,16686,14616,42600
Antigua and Barbuda,2005,25388,57864,6001,8447,16941,14892,42972
Antigua and Barbuda,2006,25385,58839,6077,8331,17054,15144,43695
Antigua and Barbuda,2007,25372,59847,6162,8253,17119,15343,44504
Antigua and Barbuda,2008,25341,60900,6237,8207,17134,15514,45386
Antigua and Barbuda,2009,25279,62011,6291,8167,17112,15689,46322
Antigua and Barbuda,2010,25178,63172,6311,8119,17059,15892,47280
Antigua and Barbuda,2011,25072,64292,6355,8089,16983,16102,48190
Antigua and Barbuda,2012,24943,65460,6374,8065,16878,16330,49130
Antigua and Barbuda,2013,24804,66630,6390,8047,16757,16552,50078
Antigua and Barbuda,2014,24667,67755,6453,8037,16630,16748,51007
Antigua and Barbuda,2015,24540,68805,6578,8036,16504,16895,51910
Antigua and Barbuda,2016,24453,69717,6793,8062,16391,16997,52720
Antigua and Barbuda,2017,24375,70565,7072,8078,16297,17055,53510
Antigua and Barbuda,2018,24304,71347,7399,8087,16217,17076,54271
Antigua and Barbuda,2019,24250,72068,7766,8094,16156,17059,55009
Antigua and Barbuda,2020,24210,72744,8156,8105,16105,17011,55733
Antigua and Barbuda,2021,24203,73336,8586,8126,16077,16936,56400
Antigua and Barbuda,2022,24205,73884,9055,8137,16068,16835,57049
Antigua and Barbuda,2023,24213,74376,9549,8142,16071,16712,57664
Antigua and Barbuda,2024,24221,74825,10080,8138,16083,16585,58240
Antigua and Barbuda,2025,24225,75234,10635,8128,16097,16467,58767
Antigua and Barbuda,2026,24237,75596,11210,8114,16123,16365,59231
Antigua and Barbuda,2027,24242,75934,11795,8092,16150,16273,59661
Antigua and Barbuda,2028,24236,76221,12420,8065,16171,16190,60031
Antigua and Barbuda,2029,24217,76410,13136,8029,16188,16125,60285
Antigua and Barbuda,2030,24175,76473,13960,7986,16189,16073,60400
Antigua and Barbuda,2031,24138,76438,14866,7940,16198,16048,60390
Antigua and Barbuda,2032,24084,76298,15860,7892,16192,16042,60256
Antigua and Barbuda,2033,24011,76102,16895,7843,16168,16046,60056
Antigua and Barbuda,2034,23919,75936,17889,7791,16128,16059,59877
Antigua and Barbuda,2035,23812,75843,18797,7737,16075,16072,59771
Antigua and Barbuda,2036,23711,75844,19576,7687,16024,16097,59747
Antigua and Barbuda,2037,23599,75903,20268,7639,15960,16124,59779
Antigua and Barbuda,2038,23472,76031,20874,7593,15879,16149,59882
Antigua and Barbuda,2039,23337,76224,21394,7549,15788,16167,60057
Antigua and Barbuda,2040,23191,76465,21847,7503,15688,16168,60297
Antigua and Barbuda,2041,23073,76803,22134,7471,15602,16176,60627
Antigua and Barbuda,2042,22946,77203,22333,7439,15507,16168,61035
Antigua and Barbuda,2043,22815,77621,22486,7405,15410,16148,61473
Antigua and Barbuda,2044,22681,77989,22664,7371,15310,16110,61879
Antigua and Barbuda,2045,22549,78274,22906,7341,15208,16057,62217
Antigua and Barbuda,2046,22449,78501,23129,7324,15125,16006,62495
Antigua and Barbuda,2047,22350,78653,23401,7306,15044,15941,62712
Antigua and Barbuda,2048,22251,78738,23712,7287,14964,15863,62875
Antigua and Barbuda,2049,22156,78792,24025,7266,14890,15772,63020
Antigua and Barbuda,2050,22060,78835,24328,7246,14814,15676,63159
Antigua and Barbuda,2051,21993,78886,24572,7236,14757,15587,63299
Antigua and Barbuda,2052,21923,78927,24802,7219,14704,15493,63434
Antigua and Barbuda,2053,21855,78948,25029,7200,14655,15397,63551
Antigua and Barbuda,2054,21784,78935,25278,7178,14606,15299,63636
Antigua and Barbuda,2055,21713,78874,25560,7153,14560,15202,63672
Antigua and Barbuda,2056,21656,78777,25842,7132,14524,15115,63662
Antigua and Barbuda,2057,21595,78662,26135,7106,14489,15035,63627
Antigua and Barbuda,2058,21531,78522,26451,7079,14452,14960,63562
Antigua and Barbuda,2059,21461,78353,26781,7047,14414,14886,63467
Antigua and Barbuda,2060,21384,78170,27132,7013,14371,14815,63355
Antigua and Barbuda,2061,21314,77944,27506,6981,14333,14756,63188
Antigua and Barbuda,2062,21237,77722,27879,6946,14291,14704,63018
Antigua and Barbuda,2063,21160,77499,28250,6912,14248,14655,62844
Antigua and Barbuda,2064,21073,77276,28620,6877,14196,14613,62663
Antigua and Barbuda,2065,20978,77053,28994,6840,14138,14566,62487
Antigua and Barbuda,2066,20894,76839,29348,6806,14088,14531,62308
Antigua and Barbuda,2067,20805,76645,29683,6774,14031,14500,62145
Antigua and Barbuda,2068,20714,76455,30015,6742,13972,14465,61990
Antigua and Barbuda,2069,20609,76263,30350,6707,13902,14428,61835
Antigua and Barbuda,2070,20501,76057,30696,6674,13827,14383,61674
Antigua and Barbuda,2071,20413,75895,30964,6648,13765,14349,61546
Antigua and Barbuda,2072,20323,75738,31224,6621,13702,14313,61425
Antigua and Barbuda,2073,20223,75578,31488,6591,13632,14268,61310
Antigua and Barbuda,2074,20121,75393,31757,6560,13561,14217,61176
Antigua and Barbuda,2075,20012,75192,32043,6530,13482,14157,61035
Antigua and Barbuda,2076,19937,75024,32254,6511,13426,14105,60919
Antigua and Barbuda,2077,19853,74839,32465,6491,13362,14049,60790
Antigua and Barbuda,2078,19773,74648,32671,6473,13300,13987,60661
Antigua and Barbuda,2079,19691,74439,32886,6453,13238,13919,60520
Antigua and Barbuda,2080,19601,74196,33120,6430,13171,13844,60352
Antigua and Barbuda,2081,19547,73980,33280,6421,13126,13783,60197
Antigua and Barbuda,2082,19479,73752,33440,6403,13076,13718,60034
Antigua and Barbuda,2083,19414,73511,33617,6382,13032,13651,59860
Antigua and Barbuda,2084,19339,73241,33808,6358,12981,13580,59661
Antigua and Barbuda,2085,19264,72940,34023,6334,12930,13504,59436
Antigua and Barbuda,2086,19210,72673,34171,6316,12894,13444,59229
Antigua and Barbuda,2087,19157,72407,34312,6297,12860,13385,59022
Antigua and Barbuda,2088,19097,72122,34459,6275,12822,13325,58797
Antigua and Barbuda,2089,19033,71827,34626,6252,12781,13263,58564
Antigua and Barbuda,2090,18957,71511,34813,6224,12733,13200,58311
Antigua and Barbuda,2091,18903,71238,34929,6203,12700,13152,58086
Antigua and Barbuda,2092,18848,70974,35031,6180,12668,13107,57867
Antigua and Barbuda,2093,18781,70700,35145,6155,12626,13059,57641
Antigua and Barbuda,2094,18705,70420,35268,6125,12580,13014,57406
Antigua and Barbuda,2095,18620,70123,35419,6095,12525,12960,57163
Antigua and Barbuda,2096,18559,69885,35478,6071,12488,12932,56953
Antigua and Barbuda,2097,18491,69666,35535,6046,12445,12900,56766
Antigua and Barbuda,2098,18416,69440,35590,6019,12397,12869,56571
Antigua and Barbuda,2099,18331,69208,35666,5991,12340,12833,56375
Antigua and Barbuda,2100,18232,68957,35772,5959,12273,12789,56168
Argentina,1950,5235429,11193536,721371,1947133,3288296,3146727,8046809
Argentina,1951,5356259,11391231,759640,1999940,3356319,3163526,8227705
Argentina,1952,5477897,11589152,799047,2046175,3431722,3176322,8412830
Argentina,1953,5598722,11786385,839043,2086654,3512068,3187210,8599175
Argentina,1954,5715491,11984474,879072,2121134,3594357,3200154,8784320
Argentina,1955,5825690,12184670,918986,2150262,3675428,3217899,8966771
Argentina,1956,5941823,12367622,965083,2180289,3761534,3234650,9132972
Argentina,1957,6051114,12552956,1010777,2203785,3847329,3257302,9295654
Argentina,1958,6153226,12741594,1056503,2222564,3930662,3286778,9454816
Argentina,1959,6247987,12934698,1102846,2238743,4009244,3323963,9610735
Argentina,1960,6335338,13133400,1150337,2253968,4081370,3369384,9764016
Argentina,1961,6424253,13330119,1198705,2268053,4156200,3424887,9905232
Argentina,1962,6507429,13533177,1247076,2284361,4223068,3488812,10044365
Argentina,1963,6583731,13742178,1295931,2302216,4281515,3559516,10182662
Argentina,1964,6651775,13956328,1345826,2319771,4332004,3634538,10321790
Argentina,1965,6711469,14174764,1397157,2335883,4375586,3711887,10462877
Argentina,1966,6777135,14378400,1453213,2356294,4420841,3792127,10586273
Argentina,1967,6834571,14588248,1509384,2374062,4460509,3874607,10713641
Argentina,1968,6889334,14805863,1566081,2392840,4496494,3957643,10848220
Argentina,1969,6949978,15032247,1623762,2418858,4531120,4038864,10993383
Argentina,1970,7022734,15267473,1682851,2456969,4565765,4116535,11150938
Argentina,1971,7115678,15503981,1746780,2502196,4613482,4198839,11305142
Argentina,1972,7221524,15750569,1810856,2559800,4661724,4277367,11473202
Argentina,1973,7338501,16000445,1874442,2628684,4709817,4349905,11650540
Argentina,1974,7464736,16243421,1936349,2707967,4756769,4413699,11829722
Argentina,1975,7599741,16471550,1995684,2796674,4803067,4466705,12004845
Argentina,1976,7764130,16649499,2063523,2906023,4858107,4489763,12159736
Argentina,1977,7947513,16803924,2127128,3026678,4920835,4503180,12300744
Argentina,1978,8143168,16946862,2187711,3147061,4996107,4511859,12435003
Argentina,1979,8338098,17099077,2247359,3247579,5090519,4522887,12576190
Argentina,1980,8523556,17274518,2307814,3316624,5206932,4541256,12733262
Argentina,1981,8741216,17435834,2366314,3396804,5344412,4571405,12864429
Argentina,1982,8915328,17650941,2427718,3398561,5516767,4616182,13034759
Argentina,1983,9064052,17899587,2491099,3350629,5713423,4672091,13227496
Argentina,1984,9214178,18152287,2554439,3299569,5914609,4733822,13418465
Argentina,1985,9376626,18395236,2616921,3277583,6099043,4799524,13595712
Argentina,1986,9491514,18673362,2692368,3211027,6280487,4883515,13789847
Argentina,1987,9643521,18921489,2761463,3224186,6419335,4963080,13958409
Argentina,1988,9805019,19163296,2827202,3291453,6513566,5048444,14114852
Argentina,1989,9935995,19433701,2893865,3365771,6570224,5155061,14278640
Argentina,1990,10019624,19746934,2963181,3414603,6605021,5289854,14457080
Argentina,1991,10114019,20039025,3040874,3493603,6620416,5434975,14604050
Argentina,1992,10157281,20377820,3120050,3530030,6627251,5608603,14769217
Argentina,1993,10167312,20744995,3198610,3532397,6634915,5795800,14949195
Argentina,1994,10175046,21110290,3272779,3523021,6652025,5972814,15137476
Argentina,1995,10195402,21458405,3341007,3517911,6677491,6125054,15333351
Argentina,1996,10224646,21777285,3417751,3514068,6710578,6252486,15524799
Argentina,1997,10257424,22087832,3488713,3500201,6757223,6359196,15728636
Argentina,1998,10294785,22392455,3554350,3484337,6810448,6444315,15948140
Argentina,1999,10332993,22699592,3615483,3473208,6859785,6509161,16190431
Argentina,2000,10370463,23014007,3672982,3471917,6898546,6555355,16458652
Argentina,2001,10392127,23341581,3737801,3460562,6931565,6588129,16753452
Argentina,2002,10429934,23663780,3795656,3481877,6948057,6595260,17068520
Argentina,2003,10474261,23985753,3849365,3523481,6950780,6589270,17396483
Argentina,2004,10512064,24314082,3902550,3565749,6946315,6588582,17725500
Argentina,2005,10537532,24650249,3957707,3594876,6942656,6603881,18046368
Argentina,2006,10579519,24960036,4019335,3640006,6939513,6629143,18330893
Argentina,2007,10599847,25288050,4082327,3654741,6945106,6673982,18614068
Argentina,2008,10610290,25624337,4147762,3648893,6961397,6729147,18895190
Argentina,2009,10629471,25953592,4216344,3641416,6988055,6778662,19174930
Argentina,2010,10666178,26268474,4289237,3645443,7020735,6813227,19455247
Argentina,2011,10705716,26575746,4375417,3641149,7064567,6843823,19731923
Argentina,2012,10764816,26869103,4462820,3654965,7109851,6861694,20007409
Argentina,2013,10833599,27153851,4552475,3680809,7152790,6871326,20282525
Argentina,2014,10894908,27440753,4645854,3704965,7189943,6880795,20559958
Argentina,2015,10939513,27734296,4743956,3718139,7221374,6894781,20839515
Argentina,2016,10987577,28009966,4849887,3735764,7251813,6910601,21099365
Argentina,2017,11016988,28296384,4957669,3737498,7279490,6930087,21366297
Argentina,2018,11032554,28589024,5067286,3727258,7305296,6953500,21635524
Argentina,2019,11043891,28879805,5178085,3713968,7329923,6980444,21899361
Argentina,2020,11055640,29164425,5290334,3703645,7351995,7010683,22153742
Argentina,2021,11065037,29441695,5407694,3689574,7375463,7048008,22393687
Argentina,2022,11075716,29714762,5522795,3681578,7394138,7089176,22625586
Argentina,2023,11084656,29985433,5636931,3677976,7406680,7131937,22853496
Argentina,2024,11086514,30257676,5751644,3674371,7412143,7172845,23084831
Argentina,2025,11078929,30532545,5868326,3667833,7411096,7209317,23323228
Argentina,2026,11073506,30800215,5985163,3664101,7409405,7243372,23556843
Argentina,2027,11060599,31071368,6100978,3658128,7402471,7272710,23798658
Argentina,2028,11041359,31343522,6216952,3650001,7391358,7297821,24045701
Argentina,2029,11018505,31613185,6333649,3640995,7377510,7319809,24293376
Argentina,2030,10993641,31877569,6452096,3632032,7361609,7339238,24538331
Argentina,2031,10975762,32132563,6567302,3626736,7349026,7358806,24773757
Argentina,2032,10955547,32384302,6682427,3619540,7336007,7375821,25008481
Argentina,2033,10933360,32629440,6800410,3611053,7322307,7389109,25240331
Argentina,2034,10909139,32864640,6924620,3601773,7307366,7396932,25467708
Argentina,2035,10882776,33087025,7058006,3592185,7290591,7398264,25688761
Argentina,2036,10862750,33296332,7192280,3584878,7277872,7397341,25898991
Argentina,2037,10841402,33497226,7330372,3576990,7264412,7390453,26106773
Argentina,2038,10818415,33683630,7478598,3568529,7249886,7378972,26304658
Argentina,2039,10793211,33847255,7645746,3559328,7233883,7365044,26482211
Argentina,2040,10765382,33983201,7837060,3549305,7216077,7350007,26633194
Argentina,2041,10743868,34093892,8041075,3541578,7202290,7337887,26756005
Argentina,2042,10720221,34181151,8264354,3532728,7187493,7325170,26855981
Argentina,2043,10694321,34253116,8498861,3522858,7171463,7311763,26941353
Argentina,2044,10666108,34322661,8731817,3512161,7153947,7297220,27025441
Argentina,2045,10635384,34396852,8956317,3500773,7134611,7281173,27115679
Argentina,2046,10611002,34479331,9159800,3491561,7119441,7268488,27210843
Argentina,2047,10584725,34570037,9350423,3481571,7103154,7255223,27314814
Argentina,2048,10556136,34662625,9534733,3470702,7085434,7241113,27421512
Argentina,2049,10524648,34747658,9722505,3458710,7065938,7225736,27521922
Argentina,2050,10489729,34818692,9920481,3445424,7044305,7208684,27610008
Argentina,2051,10461605,34887006,10107045,3434519,7027086,7195286,27691720
Argentina,2052,10430595,34948727,10295632,3422018,7008577,7180872,27767855
Argentina,2053,10396540,35001810,10488263,3408155,6988385,7165172,27836638
Argentina,2054,10359412,35044575,10686471,3393323,6966089,7147895,27896680
Argentina,2055,10319037,35075468,10891812,3377788,6941249,7128740,27946728
Argentina,2056,10285732,35110386,11077962,3364489,6921243,7114108,27996278
Argentina,2057,10250304,35137312,11266053,3351031,6899273,7098117,28039195
Argentina,2058,10212338,35156930,11455704,3337300,6875038,7080541,28076389
Argentina,2059,10171408,35171268,11645247,3323106,6848302,7061117,28110151
Argentina,2060,10127241,35180492,11834708,3308316,6818925,7039516,28140976
Argentina,2061,10092081,35205485,11990975,3296913,6795168,7022951,28182534
Argentina,2062,10055019,35230519,12140642,3285329,6769690,7004816,28225703
Argentina,2063,10015698,35249979,12289597,3273297,6742401,6984754,28265225
Argentina,2064,9973807,35256500,12445431,3260492,6713315,6962374,28294126
Argentina,2065,9929079,35244920,12613524,3246711,6682368,6937308,28307612
Argentina,2066,9894903,35239803,12755970,3236921,6657982,6917118,28322685
Argentina,2067,9858604,35223391,12903351,3225523,6633081,6895171,28328220
Argentina,2068,9820214,35194961,13056599,3212840,6607374,6871150,28323811
Argentina,2069,9779923,35155176,13215160,3199472,6580451,6844739,28310437
Argentina,2070,9737606,35103666,13379821,3185817,6551789,6815660,28288006
Argentina,2071,9704352,35064693,13515409,3175011,6529341,6791412,28273281
Argentina,2072,9670832,35021238,13648458,3164534,6506298,6765609,28255629
Argentina,2073,9636514,34971305,13781786,3154088,6482426,6738484,28232821
Argentina,2074,9600048,34910520,13921455,3142900,6457148,6710027,28200493
Argentina,2075,9559921,34833424,14074744,3130246,6429675,6679711,28153713
Argentina,2076,9529929,34769956,14198102,3121170,6408759,6655654,28114302
Argentina,2077,9498085,34700790,14323040,3110707,6387378,6631343,28069447
Argentina,2078,9463428,34621777,14454954,3098728,6364700,6605903,28015874
Argentina,2079,9425659,34531234,14596136,3085467,6340192,6578729,27952505
Argentina,2080,9384722,34428968,14747088,3071193,6313529,6549599,27879369
Argentina,2081,9353783,34349589,14860260,3059990,6293793,6527397,27822192
Argentina,2082,9321187,34266718,14973769,3048197,6272990,6504488,27762230
Argentina,2083,9286473,34178357,15090025,3035788,6250685,6480591,27697766
Argentina,2084,9248912,34081677,15212470,3022618,6226294,6455258,27626419
Argentina,2085,9207670,33973222,15345329,3008474,6199196,6427869,27545353
Argentina,2086,9176021,33888881,15439500,2997464,6178557,6407239,27481642
Argentina,2087,9142862,33801718,15533195,2986429,6156433,6385789,27415929
Argentina,2088,9107481,33708790,15630185,2975002,6132479,6363121,27345669
Argentina,2089,9069046,33606618,15734901,2962692,6106354,6338745,27267873
Argentina,2090,9026728,33491530,15852002,2949072,6077656,6312061,27179469
Argentina,2091,8995616,33403658,15926361,2939441,6056175,6292486,27111172
Argentina,2092,8962511,33312487,16001811,2928742,6033769,6272053,27040434
Argentina,2093,8926772,33213888,16083193,2916893,6009879,6249967,26963921
Argentina,2094,8888033,33104316,16174516,2904020,5984013,6225441,26878875
Argentina,2095,8846031,32981179,16278752,2890302,5955729,6197931,26783248
Argentina,2096,8815335,32888453,16337474,2880237,5935098,6177448,26711005
Argentina,2097,8783234,32790414,16399250,2869897,5913337,6155223,26635191
Argentina,2098,8749359,32684874,16466793,2859276,5890083,6131080,26553794
Argentina,2099,8713087,32569955,16542784,2848073,5865014,6104962,26464993
Argentina,2100,8673440,32442998,16631040,2835716,5837724,6076566,26366432
Armenia,1950,450172,790440,112898,150356,299816,308266,482174
Armenia,1951,456427,810699,114746,174794,281633,317456,493243
Armenia,1952,456801,843456,118019,188918,267883,329361,514095
Armenia,1953,461143,879089,121192,201749,259394,340104,538985
Armenia,1954,475638,911309,123224,216577,259061,347116,564193
Armenia,1955,501830,937878,123797,235219,266611,349537,588341
Armenia,1956,534420,961843,124330,252866,281554,349081,612762
Armenia,1957,577167,979994,123553,272347,304820,344720,635274
Armenia,1958,626217,995086,122000,291773,334444,337337,657749
Armenia,1959,676360,1011209,120348,309177,367183,328075,683134
Armenia,1960,724438,1030712,118970,323412,401026,317883,712829
Armenia,1961,772382,1050666,118443,336308,436074,306454,744212
Armenia,1962,817091,1074350,118085,344881,472210,294227,780123
Armenia,1963,857911,1101596,118068,349188,508723,284157,817439
Armenia,1964,894484,1131865,118649,349616,544868,280551,851314
Armenia,1965,926056,1165230,120030,346340,579716,286177,879053
Armenia,1966,951121,1201942,122968,338345,612776,301005,900937
Armenia,1967,969175,1243240,126709,326455,642720,325409,917831
Armenia,1968,980988,1289092,131060,312625,668363,357340,931752
Armenia,1969,988501,1338754,135670,300193,688308,393029,945725
Armenia,1970,993302,1391442,140321,291511,701791,429699,961743
Armenia,1971,989149,1452693,145864,279469,709680,470287,982406
Armenia,1972,986574,1513213,150697,278880,707694,510103,1003110
Armenia,1973,984130,1573533,155118,286209,697921,548252,1025281
Armenia,1974,979216,1634960,159571,295339,683877,584281,1050679
Armenia,1975,970801,1697733,164223,301645,669156,617479,1080254
Armenia,1976,965599,1754440,169540,313183,652416,646977,1107463
Armenia,1977,956155,1813191,175033,318948,637207,674467,1138724
Armenia,1978,945812,1871599,180000,320633,625179,698056,1173543
Armenia,1979,939196,1926533,183376,322367,616829,714712,1211821
Armenia,1980,938301,1976723,184727,327084,611217,722527,1254196
Armenia,1981,942285,2020724,185083,332884,609401,716680,1304044
Armenia,1982,951886,2058129,183671,341393,610493,702346,1355783
Armenia,1983,965724,2091320,181550,351729,613995,683164,1408156
Armenia,1984,981216,2124191,180188,361905,619311,663978,1460213
Armenia,1985,996933,2158506,180496,370908,626025,647555,1510951
Armenia,1986,1015099,2195723,181434,383567,631532,631983,1563740
Armenia,1987,1034480,2233956,183506,392599,641881,616467,1617489
Armenia,1988,1052226,2265470,186955,396989,655237,599784,1665686
Armenia,1989,1063387,2280902,192180,395132,668255,581244,1699658
Armenia,1990,1063002,2275895,199268,385616,677386,561651,1714244
Armenia,1991,1052516,2239789,212946,375572,676944,537816,1701973
Armenia,1992,1030566,2184264,227980,358209,672357,515785,1668479
Armenia,1993,1000935,2118961,243202,335791,665144,497138,1621823
Armenia,1994,969669,2056771,257220,312034,657635,483162,1573609
Armenia,1995,941309,2006378,269655,290039,651270,474619,1531759
Armenia,1996,909816,1980179,278220,263562,646254,478402,1501777
Armenia,1997,880380,1968005,284701,241116,639264,486586,1481419
Armenia,1998,851847,1966292,290545,222671,629176,498314,1467978
Armenia,1999,822649,1968560,297808,207930,614719,512284,1456276
Armenia,2000,792295,1969853,307440,196554,595741,527213,1442640
Armenia,2001,756829,1975636,318190,185274,571555,539577,1436059
Armenia,2002,724371,1978335,331191,180884,543487,551109,1427226
Armenia,2003,694420,1979472,343914,181460,512960,560836,1418636
Armenia,2004,666312,1981811,352489,184131,482181,567435,1414376
Armenia,2005,639824,1986674,354761,186628,453196,570077,1416597
Armenia,2006,619219,1987092,352189,194097,425122,567087,1420005
Armenia,2007,598847,1990151,344058,197740,401107,560700,1429451
Armenia,2008,580582,1994606,333032,198558,382024,551060,1443546
Armenia,2009,567123,1998498,322963,198905,368218,538317,1460181
Armenia,2010,559946,2001045,316320,201083,358863,522877,1478168
Armenia,2011,558664,2004467,312450,205243,353421,505063,1499404
Armenia,2012,560854,2009342,311726,207108,353746,484604,1524738
Armenia,2013,566066,2014206,313237,207697,358369,462507,1551699
Armenia,2014,572604,2017975,315641,207342,365262,440510,1577465
Armenia,2015,578856,2019877,318217,206147,372709,419961,1599916
Armenia,2016,582629,2018577,323610,202199,380430,400605,1617972
Armenia,2017,586285,2015003,329162,198239,388046,382570,1632433
Armenia,2018,588984,2009602,335566,194180,394804,366934,1642668
Armenia,2019,589973,2002840,343893,189877,400096,354910,1647930
Armenia,2020,588898,1995068,354713,185153,403745,347209,1647859
Armenia,2021,584225,1985821,369898,178831,405394,343587,1642234
Armenia,2022,578211,1975254,386624,173863,404348,344176,1631078
Armenia,2023,570548,1964523,404098,169700,400848,348140,1616383
Armenia,2024,561255,1954727,421255,165735,395520,353982,1600745
Armenia,2025,550551,1946287,437532,161535,389016,360583,1585704
Armenia,2026,539361,1937383,453844,158191,381170,367457,1569926
Armenia,2027,526842,1929998,469081,154344,372498,374935,1555063
Armenia,2028,513533,1923914,483003,150225,363308,382133,1541781
Armenia,2029,500312,1918966,494990,146355,353957,387928,1531038
Armenia,2030,487753,1915088,504622,143153,344600,391613,1523475
Armenia,2031,475931,1911705,512443,140797,335134,392799,1518906
Armenia,2032,464979,1909368,517807,138741,326238,391465,1517903
Armenia,2033,455018,1907571,521202,137078,317940,387976,1519595
Armenia,2034,445947,1905605,523544,135797,310150,383001,1522604
Armenia,2035,437688,1902764,525698,134934,302754,376997,1525767
Armenia,2036,430653,1898824,527521,134914,295739,369654,1529170
Armenia,2037,424658,1894135,528864,135011,289647,361107,1533028
Armenia,2038,419601,1888086,530426,135182,284419,351745,1536341
Armenia,2039,415369,1880393,532598,135386,279983,342139,1538254
Armenia,2040,411900,1871085,535414,135647,276253,332780,1538305
Armenia,2041,409567,1859803,538858,136515,273052,323482,1536321
Armenia,2042,407740,1847093,543002,136866,270874,314564,1532529
Armenia,2043,406418,1832839,547906,136817,269601,306162,1526677
Armenia,2044,405495,1816747,553869,136485,269010,298322,1518425
Armenia,2045,404760,1798561,561297,135958,268802,291104,1507457
Armenia,2046,403924,1777893,570841,135317,268607,284264,1493629
Armenia,2047,403115,1755809,581324,134271,268844,278109,1477700
Armenia,2048,402187,1732251,592928,132899,269288,272741,1459510
Armenia,2049,400970,1707231,605815,131273,269697,268254,1438977
Armenia,2050,399311,1680864,620009,129450,269861,264724,1416140
Armenia,2051,396677,1653190,636011,127248,269429,261877,1391313
Armenia,2052,393752,1624782,652571,125086,268666,259836,1364946
Armenia,2053,390425,1596456,669013,122939,267486,258553,1337903
Armenia,2054,386622,1569208,684443,120773,265849,257890,1311318
Armenia,2055,382303,1543580,698403,118560,263743,257728,1285852
Armenia,2056,377335,1519718,710883,116374,260961,257802,1261916
Armenia,2057,372109,1497733,721415,114313,257796,258200,1239533
Armenia,2058,366633,1477735,729914,112358,254275,258748,1218987
Armenia,2059,360999,1459914,736136,110524,250475,259195,1200719
Armenia,2060,355300,1444284,740012,108843,246457,259377,1184907
Armenia,2061,349798,1431661,740477,107610,242188,259166,1172495
Armenia,2062,344415,1421378,738315,106437,237978,258532,1162846
Armenia,2063,339194,1412547,734385,105344,233850,257437,1155110
Armenia,2064,334220,1404059,729747,104377,229843,255869,1148190
Armenia,2065,329565,1395194,725073,103600,225965,253855,1141339
Armenia,2066,325561,1386997,719000,103361,222200,251337,1135660
Armenia,2067,321926,1378557,712744,103063,218863,248260,1130297
Armenia,2068,318690,1369368,706781,102747,215943,244762,1124606
Armenia,2069,315840,1358779,701763,102449,213391,241017,1117762
Armenia,2070,313332,1346374,698150,102224,211108,237175,1109199
Armenia,2071,311352,1332964,694960,102347,209005,233177,1099787
Armenia,2072,309685,1317960,693008,102289,207396,229053,1088907
Armenia,2073,308297,1301616,692089,102090,206207,224940,1076676
Armenia,2074,307110,1284333,691878,101794,205316,220978,1063355
Armenia,2075,306016,1266397,692210,101437,204579,217288,1049109
Armenia,2076,304988,1248400,692531,101155,203833,213784,1034616
Armenia,2077,304061,1230163,693014,100697,203364,210561,1019602
Armenia,2078,303159,1211961,693481,100091,203068,207674,1004287
Armenia,2079,302182,1194149,693681,99358,202824,205153,988996
Armenia,2080,301016,1176919,693582,98517,202499,203020,973899
Armenia,2081,299527,1160868,692729,97607,201920,201165,959703
Armenia,2082,297965,1145992,690912,96622,201343,199686,946306
Armenia,2083,296258,1132159,688351,95565,200693,198556,933603
Armenia,2084,294347,1119096,685427,94452,199895,197706,921390
Armenia,2085,292154,1106498,682565,93282,198872,197064,909434
Armenia,2086,289686,1095344,678802,92135,197551,196582,898762
Armenia,2087,287130,1085192,674380,91014,196116,196271,888921
Armenia,2088,284435,1075768,669662,89909,194526,196057,879711
Armenia,2089,281573,1066775,664956,88813,192760,195837,870938
Armenia,2090,278542,1057985,660511,87739,190803,195549,862436
Armenia,2091,275633,1050887,654550,86891,188742,195273,855614
Armenia,2092,272711,1044249,648422,86059,186652,194862,849387
Armenia,2093,269758,1037722,642496,85246,184512,194278,843444
Armenia,2094,266796,1031031,637021,84469,182327,193482,837549
Armenia,2095,263874,1024106,631988,83761,180113,192490,831616
Armenia,2096,261395,1018640,625283,83388,178007,191452,827188
Armenia,2097,258974,1012824,619088,82973,176001,190118,822706
Armenia,2098,256647,1006599,613391,82543,174104,188545,818054
Armenia,2099,254480,999949,608117,82144,172336,186813,813136
Armenia,2100,252526,992835,603211,81855,170671,184988,807847
Aruba,1950,16375,21007,686,6752,9623,6956,14051
Aruba,1951,16545,21029,693,6863,9682,6974,14055
Aruba,1952,16953,21303,708,7084,9869,7081,14222
Aruba,1953,17568,21845,735,7377,10191,7277,14568
Aruba,1954,18350,22641,769,7715,10635,7551,15090
Aruba,1955,19273,23636,815,8096,11177,7879,15757
Aruba,1956,20399,24634,900,8479,11920,8160,16474
Aruba,1957,21464,25782,995,8701,12763,8495,17287
Aruba,1958,22418,26972,1107,8793,13625,8859,18113
Aruba,1959,23211,28095,1225,8804,14407,9243,18852
Aruba,1960,23770,29095,1346,8760,15010,9633,19462
Aruba,1961,24037,29968,1433,8706,15331,9990,19978
Aruba,1962,24135,30577,1513,8680,15455,10266,20311
Aruba,1963,24089,31018,1588,8656,15433,10483,20535
Aruba,1964,23925,31436,1671,8575,15350,10685,20751
Aruba,1965,23684,31910,1766,8414,15270,10897,21013
Aruba,1966,23484,32364,1867,8282,15202,11108,21256
Aruba,1967,23164,32919,1972,8004,15160,11347,21572
Aruba,1968,22777,33522,2087,7641,15136,11593,21929
Aruba,1969,22395,34112,2219,7293,15102,11818,22294
Aruba,1970,22040,34658,2365,7011,15029,12011,22647
Aruba,1971,21450,35398,2592,6581,14869,12219,23179
Aruba,1972,20953,36053,2834,6356,14597,12349,23704
Aruba,1973,20476,36682,3085,6272,14204,12422,24260
Aruba,1974,19895,37309,3324,6202,13693,12467,24842
Aruba,1975,19154,37951,3552,6059,13095,12501,25450
Aruba,1976,18708,38217,3661,6033,12675,12528,25689
Aruba,1977,18054,38544,3768,5843,12211,12609,25935
Aruba,1978,17270,38962,3871,5547,11723,12741,26221
Aruba,1979,16520,39473,3987,5300,11220,12897,26576
Aruba,1980,15934,40045,4117,5263,10671,13043,27002
Aruba,1981,15644,40692,4231,5489,10155,13132,27560
Aruba,1982,15529,41456,4360,5769,9760,13160,28296
Aruba,1983,15551,42175,4475,6098,9453,13066,29109
Aruba,1984,15574,42694,4568,6361,9213,12801,29893
Aruba,1985,15459,42955,4612,6442,9017,12354,30601
Aruba,1986,15575,42445,4624,6499,9076,11388,31057
Aruba,1987,15444,41779,4610,6248,9196,10407,31372
Aruba,1988,15180,41298,4601,5814,9366,9583,31715
Aruba,1989,15039,41349,4644,5449,9590,9046,32303
Aruba,1990,15256,42135,4758,5397,9859,8828,33307
Aruba,1991,15564,44281,4777,5418,10146,9240,35041
Aruba,1992,16243,47097,4895,5648,10595,9656,37441
Aruba,1993,17173,50244,5087,6051,11122,10011,40233
Aruba,1994,18100,53285,5315,6468,11632,10245,43040
Aruba,1995,18812,55960,5552,6743,12069,10366,45594
Aruba,1996,19604,57783,5813,7043,12561,10554,47229
Aruba,1997,20152,59240,6059,7171,12981,10708,48532
Aruba,1998,20502,60465,6310,7156,13346,10845,49620
Aruba,1999,20781,61646,6578,7073,13708,10990,50656
Aruba,2000,21059,62907,6887,6978,14081,11188,51719
Aruba,2001,21291,64400,7207,6848,14443,11609,52791
Aruba,2002,21490,65945,7557,6708,14782,12088,53857
Aruba,2003,21613,67480,7924,6560,15053,12588,54892
Aruba,2004,21606,68854,8277,6409,15197,13044,55810
Aruba,2005,21480,69957,8594,6299,15181,13418,56539
Aruba,2006,21401,70438,8993,6321,15080,13256,57182
Aruba,2007,21336,70542,9342,6409,14927,12989,57553
Aruba,2008,21287,70388,9678,6543,14744,12720,57668
Aruba,2009,21252,70166,10035,6654,14598,12533,57633
Aruba,2010,21222,69987,10460,6661,14561,12468,57519
Aruba,2011,20955,70297,10801,6567,14388,12978,57319
Aruba,2012,20623,70754,11200,6365,14258,13539,57215
Aruba,2013,20240,71292,11655,6083,14157,14095,57197
Aruba,2014,19857,71790,12148,5810,14047,14562,57228
Aruba,2015,19515,72162,12664,5627,13888,14875,57287
Aruba,2016,19121,72487,13214,5416,13705,15087,57400
Aruba,2017,18854,72636,13774,5395,13459,15121,57515
Aruba,2018,18663,72661,14346,5508,13155,15028,57633
Aruba,2019,18464,72641,14948,5650,12814,14893,57748
Aruba,2020,18224,72616,15598,5748,12476,14773,57843
Aruba,2021,18122,72435,16240,5960,12162,14653,57782
Aruba,2022,17945,72295,16907,6046,11899,14546,57749
Aruba,2023,17745,72129,17610,6041,11704,14433,57696
Aruba,2024,17612,71853,18339,6029,11583,14273,57580
Aruba,2025,17583,71421,19112,6060,11523,14053,57368
Aruba,2026,17619,70894,19898,6094,11525,13814,57080
Aruba,2027,17745,70236,20701,6157,11588,13529,56707
Aruba,2028,17933,69513,21490,6243,11690,13216,56297
Aruba,2029,18127,68816,22229,6320,11807,12903,55913
Aruba,2030,18285,68200,22892,6364,11921,12605,55595
Aruba,2031,18454,67656,23435,6404,12050,12344,55312
Aruba,2032,18587,67202,23898,6411,12176,12097,55105
Aruba,2033,18683,66824,24282,6388,12295,11884,54940
Aruba,2034,18757,66473,24625,6349,12408,11722,54751
Aruba,2035,18813,66134,24938,6302,12511,11626,54508
Aruba,2036,18844,65833,25189,6236,12608,11612,54221
Aruba,2037,18853,65574,25395,6170,12683,11666,53908
Aruba,2038,18830,65345,25555,6101,12729,11766,53579
Aruba,2039,18772,65154,25680,6028,12744,11885,53269
Aruba,2040,18679,65000,25763,5947,12732,12003,52997
Aruba,2041,18563,64887,25796,5862,12701,12130,52757
Aruba,2042,18419,64815,25779,5781,12638,12255,52560
Aruba,2043,18251,64785,25723,5706,12545,12370,52415
Aruba,2044,18065,64799,25624,5634,12431,12478,52321
Aruba,2045,17870,64837,25484,5569,12301,12572,52265
Aruba,2046,17680,64884,25318,5517,12163,12657,52227
Aruba,2047,17485,64955,25117,5473,12012,12723,52232
Aruba,2048,17296,65057,24879,5436,11860,12769,52288
Aruba,2049,17114,65194,24605,5410,11704,12790,52404
Aruba,2050,16948,65346,24301,5394,11554,12777,52569
Aruba,2051,16808,65469,24013,5398,11410,12737,52732
Aruba,2052,16689,65623,23681,5405,11284,12669,52954
Aruba,2053,16586,65766,23356,5415,11171,12575,53191
Aruba,2054,16504,65828,23112,5428,11076,12463,53365
Aruba,2055,16442,65763,22990,5445,10997,12335,53428
Aruba,2056,16409,65517,23034,5477,10932,12195,53322
Aruba,2057,16390,65179,23184,5499,10891,12046,53133
Aruba,2058,16386,64766,23404,5516,10870,11890,52876
Aruba,2059,16394,64325,23653,5528,10866,11736,52589
Aruba,2060,16408,63896,23901,5536,10872,11591,52305
Aruba,2061,16432,63431,24195,5542,10890,11454,51977
Aruba,2062,16456,62980,24475,5541,10915,11326,51654
Aruba,2063,16481,62545,24754,5532,10949,11212,51333
Aruba,2064,16498,62124,25037,5517,10981,11113,51011
Aruba,2065,16504,61711,25320,5495,11009,11031,50680
Aruba,2066,16503,61315,25606,5465,11038,10975,50340
Aruba,2067,16491,60949,25867,5432,11059,10936,50013
Aruba,2068,16466,60612,26112,5397,11069,10915,49697
Aruba,2069,16425,60285,26360,5357,11068,10904,49381
Aruba,2070,16368,59961,26619,5313,11055,10904,49057
Aruba,2071,16304,59659,26855,5267,11037,10924,48735
Aruba,2072,16223,59371,27086,5220,11003,10955,48416
Aruba,2073,16137,59099,27297,5178,10959,10985,48114
Aruba,2074,16034,58871,27477,5135,10899,11017,47854
Aruba,2075,15921,58688,27608,5092,10829,11043,47645
Aruba,2076,15819,58581,27640,5056,10763,11070,47511
Aruba,2077,15712,58529,27618,5025,10687,11091,47438
Aruba,2078,15602,58498,27568,4997,10605,11102,47396
Aruba,2079,15485,58460,27517,4969,10516,11099,47361
Aruba,2080,15371,58390,27491,4946,10425,11084,47306
Aruba,2081,15282,58336,27412,4935,10347,11064,47272
Aruba,2082,15194,58258,27345,4925,10269,11033,47225
Aruba,2083,15109,58146,27302,4914,10195,10987,47159
Aruba,2084,15027,58000,27279,4903,10124,10926,47074
Aruba,2085,14951,57826,27275,4896,10055,10854,46972
Aruba,2086,14901,57659,27241,4898,10003,10786,46873
Aruba,2087,14855,57472,27215,4899,9956,10706,46766
Aruba,2088,14818,57260,27191,4900,9918,10622,46638
Aruba,2089,14784,57035,27190,4898,9886,10537,46498
Aruba,2090,14754,56768,27225,4896,9858,10447,46321
Aruba,2091,14735,56501,27243,4896,9839,10366,46135
Aruba,2092,14722,56225,27268,4892,9830,10290,45935
Aruba,2093,14703,55935,27310,4882,9821,10215,45720
Aruba,2094,14683,55628,27382,4868,9815,10143,45485
Aruba,2095,14656,55301,27479,4852,9804,10076,45225
Aruba,2096,14639,55009,27537,4835,9804,10025,44984
Aruba,2097,14615,54715,27595,4815,9800,9981,44734
Aruba,2098,14591,54429,27656,4797,9794,9943,44486
Aruba,2099,14555,54144,27734,4774,9781,9910,44234
Aruba,2100,14506,53864,27824,4744,9762,9881,43983
Asia,1950,511234921,836218253,56608416,200480463,310754458,262979159,573239094
Asia,1951,528114320,848559431,57861034,213203450,314910870,267417627,581141804
Asia,1952,545729231,858757600,58672985,226667883,319061348,271054701,587702899
Asia,1953,562023266,869618984,59193464,237666476,324356790,274586935,595032049
Asia,1954,576472869,882355334,59474807,245092777,331380092,278199101,604156233
Asia,1955,589845021,896790379,59507827,249926290,339918731,281773397,615016982
Asia,1956,608817068,905597666,60357919,258423737,350393331,283363596,622234070
Asia,1957,625184302,918172338,61092155,260794649,364389653,285633880,632538458
Asia,1958,640986358,932687953,61614123,260250961,380735397,288229162,644458791
Asia,1959,657813706,947630758,61853165,260139270,397674436,291012695,656618063
Asia,1960,676066031,962588133,61808588,262761448,413304583,294144103,668444030
Asia,1961,693001828,978356674,63488563,262854597,430147231,298060022,680296652
Asia,1962,712997865,992891648,64786116,268742434,444255431,301899465,690992183
Asia,1963,734386728,1008165067,65819470,278801835,455584893,306664299,701500768
Asia,1964,754772615,1026928574,66750860,289870006,464902609,313788263,713140311
Asia,1965,773280662,1050300645,67647428,299943733,473336929,323971343,726329302
Asia,1966,795039624,1071641648,70180799,312923263,482116361,335039958,736601690
Asia,1967,813971396,1098306685,72808109,322006966,491964430,349373409,748933276
Asia,1968,831149610,1128616248,75472426,328040603,503109007,365765313,762850935
Asia,1969,848337151,1159976474,78079719,332785032,515552119,382273168,777703306
Asia,1970,866215645,1191014452,80598298,337683276,528532369,397718679,793295773
Asia,1971,886021359,1219577633,83786940,343040915,542980444,411508715,808068918
Asia,1972,905266592,1248918714,86911547,346053258,559213334,424591496,824327218
Asia,1973,923660225,1279030124,89976008,347458130,576202095,436860443,842169681
Asia,1974,940194635,1310585441,93022486,347619420,592575215,448521806,862063635
Asia,1975,954147818,1344098513,96091673,346985319,607162499,459828449,884270064
Asia,1976,966565707,1377592113,99936193,345088328,621477379,470613199,906978914
Asia,1977,976353642,1413069717,103768576,342376562,633977080,480787589,932282128
Asia,1978,983957753,1450612793,107587185,339630058,644327695,491098248,959514545
Asia,1979,990328015,1490048281,111358562,338049534,652278481,502603016,987445265
Asia,1980,996279864,1531136547,115072558,338501362,657778502,515877542,1015259005
Asia,1981,1001721923,1573274704,119426909,338946696,662775227,530891359,1042383345
Asia,1982,1007949811,1615926080,123559443,343105094,664844717,547139867,1068786213
Asia,1983,1014733192,1659544389,127553322,349995307,664737885,564020093,1095524296
Asia,1984,1021841176,1704612385,131502793,358201713,663639463,580499049,1124113336
Asia,1985,1029456542,1751032941,135463961,366840087,662616455,595775413,1155257528
Asia,1986,1042326788,1793849068,139847338,379290971,663035817,608748794,1185100274
Asia,1987,1055153778,1838477355,144184467,389701827,665451951,620909518,1217567837
Asia,1988,1067954864,1883747904,148524401,397854246,670100618,631612767,1252135137
Asia,1989,1080303140,1928512569,152952577,403330330,676972810,640191855,1288320714
Asia,1990,1091473837,1972314194,157553688,406079722,685394115,646411185,1325903009
Asia,1991,1105651512,2010148672,162751159,409782074,695869438,648976926,1361171746
Asia,1992,1115751733,2049661148,168191214,406010315,709741418,650055096,1399606052
Asia,1993,1123043602,2089923609,173792645,397407276,725636326,650054908,1439868701
Asia,1994,1129139651,2129952938,179433841,387812791,741326860,649833711,1480119227
Asia,1995,1134621634,2169598703,185085916,380016135,754605499,650252673,1519346030
Asia,1996,1134366827,2212802620,191931622,367602774,766764053,652615064,1560187556
Asia,1997,1135815975,2253565837,198451709,361578287,774237688,654737916,1598827921
Asia,1998,1136947653,2294000254,204810603,360181021,776766632,657888900,1636111354
Asia,1999,1135016010,2336947094,211226682,360051444,774964566,663647147,1673299947
Asia,2000,1129138319,2383437672,217794634,358896135,770242184,672695145,1710742527
Asia,2001,1124111169,2428368234,224945666,360200135,763911034,684153166,1744215068
Asia,2002,1115559540,2476688767,232121219,360120278,755439262,698823271,1777865496
Asia,2003,1104848728,2527126834,239226178,358956356,745892372,715009686,1812117148
Asia,2004,1094578117,2577245456,246047578,358012714,736565403,729970940,1847274516
Asia,2005,1086268410,2625538647,252535605,358262844,728005566,741951269,1883587378
Asia,2006,1081231486,2669985720,259385461,360745596,720485890,750914635,1919071085
Asia,2007,1077447691,2713286417,265950589,362382367,715065324,757096764,1956189653
Asia,2008,1075180596,2755028230,272434847,363622458,711558138,760211353,1994816877
Asia,2009,1074125981,2795279898,279143919,364671286,709454695,760245092,2035034806
Asia,2010,1073983845,2834104195,286337172,365793174,708190671,757416321,2076687874
Asia,2011,1075416472,2870229538,294634966,367268543,708147929,752441117,2117788421
Asia,2012,1077603060,2905224292,303187379,368137066,709465994,744488735,2160735557
Asia,2013,1080272618,2938727048,312391539,368530768,711741850,734779233,2203947815
Asia,2014,1082928960,2970370940,322799755,368510698,714418262,725212960,2245157980
Asia,2015,1085155471,2999999455,334742675,368116983,717038488,717102354,2282897101
Asia,2016,1087226435,3026788444,348661852,367287739,719938696,710922379,2315866065
Asia,2017,1088762232,3051784593,363881548,366205864,722556368,706185053,2345599540
Asia,2018,1089583270,3075676108,379873716,364845647,724737623,702845367,2372830741
Asia,2019,1089554753,3099453662,395798657,363177950,726376803,700631516,2398822146
Asia,2020,1088591268,3123640304,411222619,361198612,727392656,699380649,2424259655
Asia,2021,1087238654,3147209416,426590299,359070498,728168156,699707631,2447501785
Asia,2022,1084932930,3171304778,441267106,356764680,728168250,701222301,2470082477
Asia,2023,1081686268,3195316692,455820265,354318175,727368093,703541552,2491775140
Asia,2024,1077617615,3218304300,471043197,351802789,725814826,706116182,2512188118
Asia,2025,1072825158,3239640212,487444485,349261074,723564084,708591121,2531049091
Asia,2026,1068097066,3258714099,504826974,346866945,721230121,711569974,2547144125
Asia,2027,1062799281,3276557118,522790654,344608615,718190666,714344568,2562212550
Asia,2028,1056956643,3293003252,541495307,342434614,714522029,716734229,2576269023
Asia,2029,1050619766,3307875322,561098466,340275449,710344317,718565911,2589309411
Asia,2030,1043870137,3321010027,581706198,338113383,705756754,719727748,2601282279
Asia,2031,1037973832,3331560854,602908156,336579177,701394655,720689297,2610871557
Asia,2032,1031681156,3340835568,624643835,334798328,696882828,720866252,2619969316
Asia,2033,1025154342,3348875814,646709925,332869009,692285333,720235620,2628640194
Asia,2034,1018584000,3355840419,668754627,330944133,687639867,718827393,2637013026
Asia,2035,1012076479,3361841491,690561855,329156470,682920009,716697052,2645144439
Asia,2036,1006655835,3366422366,711566670,327890133,678765702,714375487,2652046879
Asia,2037,1001315167,3370343537,732030377,326549460,674765707,711331875,2659011662
Asia,2038,996072549,3373805596,751764295,325180978,670891571,707666581,2666139015
Asia,2039,990889425,3377243563,770409961,323809962,667079463,703545117,2673698446
Asia,2040,985734745,3380866347,787818004,322475102,663259643,699115316,2681751031
Asia,2041,981560803,3384116384,803608962,321557231,660003572,694897317,2689219067
Asia,2042,977425497,3387878373,817839386,320531319,656894178,690432118,2697446255
Asia,2043,973305305,3391489616,831188421,319406423,653898882,685810194,2705679422
Asia,2044,969147671,3394049761,844594269,318181076,650966595,681140989,2712908772
Asia,2045,964892634,3394934968,858730704,316865727,648026907,676517713,2718417255
Asia,2046,961426162,3393654321,873209386,315859951,645566211,672422845,2721231476
Asia,2047,957799343,3391530646,887666056,314592318,643207025,668451301,2723079345
Asia,2048,954001986,3388050748,902620735,313109293,640892693,664595598,2723455150
Asia,2049,950006380,3382525871,918784990,311463781,638542599,660820887,2721704984
Asia,2050,945754478,3374551774,936621247,309697703,636056775,657115843,2717435931
Asia,2051,941949678,3363815012,955750917,308062105,633887573,653977861,2709837151
Asia,2052,937888121,3351251461,975957603,306265912,631622209,650936636,2700314825
Asia,2053,933526115,3337635350,996522469,304335187,629190928,647973798,2689661552
Asia,2054,928828321,3324284107,1016176849,302297477,626530844,645077288,2679206819
Asia,2055,923772274,3312016769,1034142473,300178787,623593487,642248169,2669768600
Asia,2056,918998348,3300373186,1050257144,298177268,620821080,639938872,2660434314
Asia,2057,913960786,3290225652,1064223148,296161094,617799692,637671614,2652554038
Asia,2058,908654523,3281254928,1076408220,294134402,614520121,635408089,2645846839
Asia,2059,903092559,3272942825,1087369168,292104855,610987704,633092189,2639850636
Asia,2060,897286162,3264870100,1097561108,290081321,607204841,630680817,2634189283
Asia,2061,891912294,3256711298,1106664363,288315559,603596735,628586811,2628124487
Asia,2062,886426574,3249459619,1114257480,286583596,599842978,626391062,2623068557
Asia,2063,880836214,3242648949,1120837234,284877716,595958498,624037754,2618611195
Asia,2064,875155120,3235689010,1127018527,283191012,591964108,621455837,2614233173
Asia,2065,869387353,3228088994,1133324012,281526534,587860819,618598970,2609490024
Asia,2066,864312003,3219584970,1139269192,280231593,584080410,615894595,2603690375
Asia,2067,859233187,3211036806,1144717728,278867616,580365571,612946876,2598089930
Asia,2068,854167660,3202102028,1150023418,277458179,576709481,609743859,2592358169
Asia,2069,849124929,3192430117,1155553638,276037142,573087787,606284393,2586145724
Asia,2070,844087081,3181725134,1161647252,274635970,569451111,602578083,2579147051
Asia,2071,839790122,3170125883,1167457287,273551143,566238979,599104165,2571021718
Asia,2072,835562760,3158115247,1173195153,272402937,563159823,595434291,2562680956
Asia,2073,831360296,3145480654,1179131424,271195408,560164888,591587599,2553893055
Asia,2074,827129686,3132159180,1185391018,269929294,557200392,587619898,2544539282
Asia,2075,822832163,3118143470,1192032763,268616710,554215453,583591966,2534551504
Asia,2076,819135817,3103609919,1198231693,267530713,551605104,579956502,2523653417
Asia,2077,815408165,3089003089,1204201991,266337510,549070655,576313843,2512689246
Asia,2078,811630921,3074249243,1210063390,265055695,546575226,572682409,2501566834
Asia,2079,807776035,3059310585,1215912333,263706888,544069147,569081509,2490229076
Asia,2080,803794153,3044103371,1221910408,262305017,541489136,565524087,2478579284
Asia,2081,800155606,3028528482,1227705700,261020355,539135251,562377607,2466150875
Asia,2082,796477999,3013421341,1232864890,259694907,536783092,559339681,2454081660
Asia,2083,792731112,2998699706,1237529102,258329357,534401755,556396535,2442303171
Asia,2084,788847506,2984182737,1241977055,256907665,531939841,553505082,2430677655
Asia,2085,784732399,2969556392,1246643108,255407479,529324920,550611018,2418945374
Asia,2086,780957356,2955144916,1250649604,254046309,526911047,548119189,2407025727
Asia,2087,777087301,2941451723,1253939065,252638624,524448677,545697965,2395753758
Asia,2088,773051985,2928030229,1257036943,251174907,521877078,543272259,2384757970
Asia,2089,768821981,2914521497,1260336233,249664534,519157447,540778430,2373743067
Asia,2090,764392938,2900736820,1264034353,248123605,516269333,538190868,2362545952
Asia,2091,760437461,2887634394,1266505710,246779681,513657780,536000679,2351633715
Asia,2092,756404836,2874850111,1268670944,245443186,510961650,533750094,2341100017
Asia,2093,752271231,2862153002,1270790216,244106098,508165133,531405887,2330747115
Asia,2094,748012453,2849319840,1273114510,242754751,505257702,528935284,2320384556
Asia,2095,743606695,2836157714,1275859369,241378339,502228356,526318631,2309839083
Asia,2096,739800883,2823736132,1277206166,240269902,499530981,524045999,2299690133
Asia,2097,735924199,2811419065,1278456380,239123971,496800228,521646061,2289773004
Asia,2098,731968371,2798976075,1279839603,237941278,494027093,519099092,2279876983
Asia,2099,727957387,2786232362,1281494641,236748263,491209124,516399011,2269833351
Asia,2100,723917429,2773028796,1283538768,235587546,488329883,513545526,2259483270
Australia,1950,2175213,5334210,667919,888742,1286471,1190707,4143503
Australia,1951,2284191,5435412,693001,926831,1357360,1194354,4241058
Australia,1952,2377908,5526440,716622,944591,1433317,1195564,4330876
Australia,1953,2472076,5606682,738144,959130,1512946,1195821,4410861
Australia,1954,2570839,5682653,757698,975648,1595191,1198995,4483658
Australia,1955,2671646,5763179,776083,993481,1678165,1209079,4554100
Australia,1956,2758158,5860040,801070,995525,1762633,1242305,4617735
Australia,1957,2854632,5957432,823764,1015825,1838807,1281914,4675518
Australia,1958,2951031,6061136,844782,1045028,1906003,1327864,4733272
Australia,1959,3036872,6175468,864401,1073489,1963383,1380276,4795192
Australia,1960,3106524,6300570,882613,1094209,2012315,1438967,4861603
Australia,1961,3175739,6415677,902139,1121671,2054068,1508239,4907438
Australia,1962,3225942,6545459,920288,1136664,2089278,1585400,4960059
Australia,1963,3265999,6690243,938028,1143154,2122845,1667336,5022907
Australia,1964,3309845,6849078,956288,1149863,2159982,1750122,5098956
Australia,1965,3365548,7021935,975830,1163443,2202105,1831585,5190350
Australia,1966,3434953,7217182,991316,1178747,2256206,1931177,5286005
Australia,1967,3513984,7427669,1007704,1195334,2318650,2027936,5399733
Australia,1968,3599310,7641413,1024364,1213387,2385923,2115616,5525797
Australia,1969,3679530,7848281,1040489,1230294,2449236,2189869,5658412
Australia,1970,3743023,8044144,1055740,1242501,2500522,2249835,5794309
Australia,1971,3776585,8218566,1089006,1252566,2524019,2297403,5921163
Australia,1972,3800810,8376430,1119632,1266933,2533877,2330968,6045462
Australia,1973,3815062,8522341,1149035,1279122,2535940,2354421,6167920
Australia,1974,3817182,8665327,1179539,1281311,2535871,2375719,6289608
Australia,1975,3806204,8812230,1212772,1271014,2535190,2400457,6411773
Australia,1976,3809677,8936397,1248549,1276436,2533241,2433115,6503282
Australia,1977,3785381,9078372,1288312,1247800,2537581,2473343,6605029
Australia,1978,3747949,9231191,1330158,1200115,2547834,2515392,6715799
Australia,1979,3717593,9384915,1370734,1156807,2560786,2551159,6833756
Australia,1980,3704627,9536019,1408468,1133824,2570803,2577053,6958966
Australia,1981,3675111,9713015,1450368,1095816,2579295,2603989,7109026
Australia,1982,3675905,9877925,1487235,1099709,2576196,2619592,7258333
Australia,1983,3694632,10039885,1522841,1132496,2562136,2628458,7411427
Australia,1984,3710763,10213552,1562899,1170271,2540492,2638525,7575027
Australia,1985,3715060,10404139,1610444,1197231,2517829,2654006,7750133
Australia,1986,3741294,10585967,1658903,1243803,2497491,2675282,7910685
Australia,1987,3747658,10793227,1714050,1262788,2484870,2702548,8090679
Australia,1988,3744188,11010431,1772811,1262149,2482039,2729999,8280432
Australia,1989,3747595,11214092,1830607,1258259,2489336,2748972,8465120
Australia,1990,3764282,11391937,1885212,1261641,2502641,2755382,8636555
Australia,1991,3779532,11547100,1945242,1259971,2519561,2754893,8792207
Australia,1992,3808939,11675995,2001014,1269207,2539732,2745716,8930279
Australia,1993,3845685,11789248,2052546,1285227,2560458,2730964,9058284
Australia,1994,3877432,11904748,2100557,1298436,2578996,2714553,9190195
Australia,1995,3898729,12032037,2145977,1303522,2595207,2698410,9333627
Australia,1996,3923640,12158696,2189349,1313259,2610381,2671492,9487204
Australia,1997,3940153,12297038,2230397,1311546,2628607,2641090,9655948
Australia,1998,3951452,12443381,2270212,1302105,2649347,2610699,9832682
Australia,1999,3963531,12590026,2310555,1291343,2672188,2586338,10003688
Australia,2000,3978430,12733801,2353606,1282549,2695881,2573512,10160289
Australia,2001,3977056,12895037,2396440,1262944,2714112,2605912,10289125
Australia,2002,3976662,13056719,2441810,1251711,2724951,2650519,10406200
Australia,2003,3979423,13226056,2491493,1248714,2730709,2703331,10522725
Australia,2004,3988178,13413225,2547026,1254774,2733404,2757822,10655403
Australia,2005,4006770,13622477,2609656,1271578,2735192,2808662,10813815
Australia,2006,4027268,13880162,2666176,1292428,2734840,2902094,10978068
Australia,2007,4061247,14157372,2728045,1329367,2731880,2983151,11174221
Australia,2008,4107828,14436724,2797941,1376257,2731571,3045913,11390811
Australia,2009,4158909,14700536,2879595,1422076,2736833,3089177,11611359
Australia,2010,4206351,14939107,2974606,1457825,2748526,3113837,11825270
Australia,2011,4274517,15123775,3081507,1502468,2772049,3133312,11990463
Australia,2012,4326226,15296686,3198937,1524057,2802169,3147486,12149200
Australia,2013,4371024,15457424,3322281,1529791,2841233,3154502,12302922
Australia,2014,4421415,15608195,3445058,1533468,2887947,3153315,12454880
Australia,2015,4482710,15752380,3564466,1545117,2937593,3143925,12608455
Australia,2016,4559376,15886582,3679890,1551188,3008188,3131593,12754989
Australia,2017,4648673,16011176,3790712,1574120,3074553,3117057,12894119
Australia,2018,4741977,16130474,3899796,1607673,3134304,3104847,13025627
Australia,2019,4825114,16251098,4012424,1638684,3186430,3101445,13149653
Australia,2020,4890452,16375539,4132186,1657552,3232900,3110267,13265272
Australia,2021,4959551,16488728,4252176,1679410,3280141,3131709,13357019
Australia,2022,5007829,16611875,4376583,1685316,3322513,3167459,13444416
Australia,2023,5040388,16740554,4505745,1679154,3361234,3213636,13526918
Australia,2024,5067471,16866773,4638988,1670061,3397410,3263744,13603029
Australia,2025,5094396,16986562,4776110,1664229,3430167,3313299,13673263
Australia,2026,5121057,17110488,4907065,1653815,3467242,3370704,13739784
Australia,2027,5149217,17228659,5039727,1651860,3497357,3428411,13800248
Australia,2028,5175484,17345090,5173106,1656000,3519484,3484682,13860408
Australia,2029,5193842,17466901,5305450,1660675,3533167,3537858,13929043
Australia,2030,5201914,17596984,5435844,1662062,3539852,3586326,14010658
Australia,2031,5217107,17736088,5546159,1667181,3549926,3636006,14100082
Australia,2032,5223476,17885358,5651599,1669776,3553700,3680550,14204808
Australia,2033,5223459,18038943,5755930,1670616,3552843,3719853,14319090
Australia,2034,5221709,18187332,5864490,1672304,3549405,3754277,14433055
Australia,2035,5221153,18324517,5980778,1676578,3544575,3783798,14540719
Australia,2036,5233179,18459446,6084633,1685061,3548118,3816138,14643308
Australia,2037,5246863,18585015,6194223,1695985,3550878,3844516,14740499
Australia,2038,5262097,18704738,6306519,1708940,3553157,3867799,14836939
Australia,2039,5277805,18825483,6416132,1722699,3555106,3884545,14940938
Australia,2040,5293626,18950394,6520621,1736522,3557104,3893772,15056622
Australia,2041,5324369,19083828,6600879,1755383,3568986,3903267,15180561
Australia,2042,5355193,19224528,6673082,1772814,3582379,3907170,15317358
Australia,2043,5386595,19365838,6743625,1789101,3597494,3906656,15459182
Australia,2044,5418878,19497163,6823065,1804749,3614129,3903589,15593574
Australia,2045,5451714,19610988,6919354,1820016,3631698,3898994,15711994
Australia,2046,5497712,19718379,7008937,1838024,3659688,3900964,15817415
Australia,2047,5543642,19814422,7109750,1854675,3688967,3903487,15910935
Australia,2048,5588484,19899785,7221391,1869840,3718644,3906312,15993473
Australia,2049,5630728,19977924,7340929,1883070,3747658,3909212,16068712
Australia,2050,5669170,20051082,7466566,1893936,3775234,3911960,16139122
Australia,2051,5715619,20130249,7575208,1905412,3810207,3921830,16208419
Australia,2052,5758338,20208745,7685349,1915057,3843281,3933581,16275164
Australia,2053,5796749,20286283,7797867,1922878,3873871,3946992,16339291
Australia,2054,5830289,20362140,7914227,1928930,3901359,3961763,16400377
Australia,2055,5858356,20435142,8036291,1933052,3925304,3977302,16457840
Australia,2056,5891748,20519366,8139167,1937187,3954561,4000577,16518789
Australia,2057,5920997,20605823,8241174,1941451,3979546,4026034,16579789
Australia,2058,5945368,20694534,8343023,1945367,4000001,4052587,16641947
Australia,2059,5964174,20785472,8445427,1948284,4015890,4078774,16706698
Australia,2060,5977009,20877265,8550183,1949575,4027434,4103168,16774097
Australia,2061,5997114,20987123,8626821,1952753,4044361,4133217,16853906
Australia,2062,6013006,21102239,8699668,1955877,4057129,4162797,16939442
Australia,2063,6024353,21218559,8773211,1958603,4065750,4190567,17027992
Australia,2064,6031378,21331768,8851670,1960783,4070595,4215181,17116587
Australia,2065,6034447,21438500,8938148,1962274,4072173,4235538,17202962
Australia,2066,6047332,21559187,8998472,1966941,4080391,4259421,17299766
Australia,2067,6057878,21678235,9060373,1971709,4086169,4280386,17397849
Australia,2068,6066263,21792031,9127350,1976486,4089777,4297945,17494086
Australia,2069,6072350,21894604,9205522,1981091,4091259,4311440,17583164
Australia,2070,6075717,21980100,9301189,1985230,4090487,4319986,17660114
Australia,2071,6091242,22074960,9373079,1993281,4097961,4332314,17742646
Australia,2072,6105887,22158338,9455063,2001418,4104469,4341509,17816829
Australia,2073,6118716,22228229,9549941,2009129,4109587,4347027,17881202
Australia,2074,6129069,22285704,9657134,2015917,4113152,4348861,17936843
Australia,2075,6136724,22331912,9775574,2021487,4115237,4347086,17984826
Australia,2076,6157034,22395247,9861503,2030867,4126167,4350588,18044659
Australia,2077,6175719,22453712,9951276,2038916,4136803,4352533,18101179
Australia,2078,6192771,22505780,10046499,2045743,4147028,4352950,18152830
Australia,2079,6207615,22547423,10151902,2051364,4156251,4351600,18195823
Australia,2080,6219040,22573668,10273776,2055510,4163530,4347783,18225885
Australia,2081,6240740,22615407,10367552,2062016,4178724,4350289,18265118
Australia,2082,6261091,22651467,10466077,2068021,4193070,4352827,18298640
Australia,2083,6278787,22680052,10572626,2073055,4205732,4354807,18325245
Australia,2084,6292377,22700366,10689687,2076494,4215883,4355702,18344664
Australia,2085,6300648,22710894,10820126,2077748,4222900,4354874,18356020
Australia,2086,6318626,22746916,10913703,2081332,4237294,4361618,18385298
Australia,2087,6333676,22782841,11008603,2084044,4249632,4369012,18413829
Australia,2088,6344855,22815377,11109058,2085565,4259290,4376156,18439221
Australia,2089,6351287,22840530,11219899,2085617,4265670,4382004,18458526
Australia,2090,6352071,22854365,11345897,2083824,4268247,4385477,18468888
Australia,2091,6362730,22897397,11430949,2084632,4278098,4396481,18500916
Australia,2092,6370522,22938559,11518794,2085277,4285245,4407265,18531294
Australia,2093,6374378,22974105,11614126,2085274,4289104,4416703,18557402
Australia,2094,6373374,23000628,11721164,2084086,4289288,4423660,18576968
Australia,2095,6366835,23015046,11843516,2081205,4285630,4427137,18587909
Australia,2096,6371702,23061789,11919635,2081935,4289767,4437544,18624245
Australia,2097,6373740,23104467,11999952,2082384,4291356,4446363,18658104
Australia,2098,6372378,23139476,12088402,2082272,4290106,4452756,18686720
Australia,2099,6367237,23162813,12189106,2081441,4285796,4455861,18706952
Australia,2100,6357925,23170237,12306424,2079759,4278166,4454748,18715489
Australia/New Zealand,1950,2730212,6516209,838921,1120742,1609470,1463707,5052502
Australia/New Zealand,1951,2860887,6631010,868638,1165875,1695012,1469061,5161949
Australia/New Zealand,1952,2974541,6741976,897251,1185535,1789006,1473017,5268959
Australia/New Zealand,1953,3090378,6843419,923337,1202068,1888310,1476084,5367335
Australia/New Zealand,1954,3213101,6939896,946676,1222650,1990451,1482215,5457681
Australia/New Zealand,1955,3338769,7040412,968118,1246559,2092210,1496086,5544326
Australia/New Zealand,1956,3447535,7158327,996868,1251217,2196318,1536577,5621750
Australia/New Zealand,1957,3568722,7274704,1022228,1279074,2289648,1584065,5690639
Australia/New Zealand,1958,3689741,7398031,1045310,1318001,2371740,1638996,5759035
Australia/New Zealand,1959,3797875,7535333,1066946,1355618,2442257,1702200,5833133
Australia/New Zealand,1960,3886796,7688003,1087502,1383345,2503451,1774026,5913977
Australia/New Zealand,1961,3978468,7830959,1108194,1420971,2557497,1860298,5970661
Australia/New Zealand,1962,4045966,7994835,1128087,1440465,2605501,1957095,6037740
Australia/New Zealand,1963,4099378,8177137,1147928,1447151,2652227,2059723,6117414
Australia/New Zealand,1964,4154812,8372702,1168227,1452416,2702396,2162276,6210426
Australia/New Zealand,1965,4221170,8579257,1189531,1464792,2756378,2261660,6317597
Australia/New Zealand,1966,4299560,8800799,1210174,1477579,2821981,2374584,6426215
Australia/New Zealand,1967,4386719,9034150,1231164,1492258,2894461,2483294,6550856
Australia/New Zealand,1968,4479371,9270217,1252326,1509349,2970022,2582422,6687795
Australia/New Zealand,1969,4566437,9502731,1273499,1526238,3040199,2668689,6834042
Australia/New Zealand,1970,4637068,9729489,1294737,1539442,3097626,2741888,6987601
Australia/New Zealand,1971,4678841,9942289,1333849,1550622,3128219,2804606,7137683
Australia/New Zealand,1972,4713188,10142662,1370708,1568142,3145046,2852009,7290653
Australia/New Zealand,1973,4736706,10332788,1406353,1583838,3152868,2887818,7444970
Australia/New Zealand,1974,4743339,10518161,1442725,1587100,3156239,2920010,7598151
Australia/New Zealand,1975,4729394,10703123,1481322,1573444,3155950,2954575,7748548
Australia/New Zealand,1976,4729409,10848063,1525721,1578112,3151297,2991319,7856744
Australia/New Zealand,1977,4692815,11007947,1573709,1540788,3152027,3036112,7971835
Australia/New Zealand,1978,4637233,11177722,1623299,1479417,3157816,3083502,8094220
Australia/New Zealand,1979,4588427,11349033,1671079,1422613,3165814,3124824,8224209
Australia/New Zealand,1980,4560553,11519514,1715666,1390392,3170161,3156276,8363238
Australia/New Zealand,1981,4514705,11724765,1763852,1342145,3172560,3188279,8536486
Australia/New Zealand,1982,4504997,11918045,1806562,1342581,3162416,3206898,8711147
Australia/New Zealand,1983,4516503,12108645,1847939,1377185,3139318,3217793,8890852
Australia/New Zealand,1984,4525081,12311067,1894102,1418694,3106387,3229484,9081583
Australia/New Zealand,1985,4520150,12529529,1948200,1448965,3071185,3246176,9283353
Australia/New Zealand,1986,4541006,12731407,2004055,1502631,3038375,3263501,9467906
Australia/New Zealand,1987,4541300,12957687,2066691,1526627,3014673,3285321,9672366
Australia/New Zealand,1988,4532325,13194560,2133337,1529504,3002821,3307264,9887296
Australia/New Zealand,1989,4533687,13419994,2199570,1529322,3004365,3321286,10098708
Australia/New Zealand,1990,4553721,13622694,2263188,1538063,3015658,3323580,10299114
Australia/New Zealand,1991,4577521,13808673,2331850,1543391,3034130,3320913,10487760
Australia/New Zealand,1992,4618529,13973279,2397321,1557980,3060549,3309812,10663467
Australia/New Zealand,1993,4668457,14124452,2459034,1578106,3090351,3293329,10831123
Australia/New Zealand,1994,4712689,14276562,2516765,1593865,3118824,3274536,11002026
Australia/New Zealand,1995,4744157,14436812,2570710,1599606,3144551,3254760,11182052
Australia/New Zealand,1996,4779432,14588152,2621450,1608158,3171274,3217975,11370177
Australia/New Zealand,1997,4803818,14747749,2668383,1603772,3200046,3177493,11570256
Australia/New Zealand,1998,4820297,14915267,2713455,1590883,3229414,3139808,11775459
Australia/New Zealand,1999,4836140,15086547,2759556,1576968,3259172,3113089,11973458
Australia/New Zealand,2000,4855011,15260223,2809602,1565985,3289026,3103256,12156967
Australia/New Zealand,2001,4855604,15461547,2859315,1541605,3313999,3144540,12317007
Australia/New Zealand,2002,4859031,15666773,2912593,1529059,3329972,3200703,12466070
Australia/New Zealand,2003,4866029,15881881,2971131,1527323,3338706,3267528,12614353
Australia/New Zealand,2004,4877864,16114883,3036120,1536104,3341760,3336958,12777925
Australia/New Zealand,2005,4897725,16368024,3108509,1556152,3341573,3401873,12966151
Australia/New Zealand,2006,4919446,16662365,3177712,1581885,3337561,3506913,13155452
Australia/New Zealand,2007,4954410,16973287,3252118,1625224,3329186,3597986,13375301
Australia/New Zealand,2008,5001914,17283726,3335178,1678929,3322985,3669517,13614209
Australia/New Zealand,2009,5053862,17576683,3431977,1730495,3323367,3720426,13856257
Australia/New Zealand,2010,5102104,17843003,3545019,1770078,3332026,3751220,14091783
Australia/New Zealand,2011,5180083,18049404,3668677,1821453,3358630,3774838,14274566
Australia/New Zealand,2012,5237436,18245855,3806301,1843312,3394124,3793575,14452280
Australia/New Zealand,2013,5285366,18430672,3952218,1845177,3440189,3805417,14625255
Australia/New Zealand,2014,5338793,18604386,4098189,1844463,3494330,3808604,14795782
Australia/New Zealand,2015,5404271,18769453,4240364,1853797,3550474,3802218,14967235
Australia/New Zealand,2016,5483245,18924496,4378940,1855196,3628049,3786815,15137681
Australia/New Zealand,2017,5578816,19065839,4511724,1878111,3700705,3765695,15300144
Australia/New Zealand,2018,5680253,19199163,4642429,1914923,3765330,3745173,15453990
Australia/New Zealand,2019,5770029,19333314,4777702,1949564,3820465,3734370,15598944
Australia/New Zealand,2020,5838886,19471789,4921922,1970344,3868542,3738315,15733474
Australia/New Zealand,2021,5912198,19597906,5065948,1995223,3916975,3757554,15840352
Australia/New Zealand,2022,5961655,19735022,5215477,2002228,3959427,3793631,15941391
Australia/New Zealand,2023,5993240,19877785,5370994,1995553,3997687,3842122,16035663
Australia/New Zealand,2024,6019102,20016382,5531866,1985544,4033558,3895383,16120999
Australia/New Zealand,2025,6045551,20145851,5697974,1979222,4066329,3948167,16197684
Australia/New Zealand,2026,6073101,20278847,5856597,1968716,4104385,4010111,16268736
Australia/New Zealand,2027,6102414,20404198,6017957,1966562,4135852,4072822,16331376
Australia/New Zealand,2028,6129898,20526394,6180664,1970489,4159409,4133949,16392445
Australia/New Zealand,2029,6148951,20653729,6342210,1974737,4174214,4191020,16462709
Australia/New Zealand,2030,6156856,20789829,6501160,1975382,4181474,4241942,16547887
Australia/New Zealand,2031,6172519,20937659,6635639,1979861,4192658,4293717,16643942
Australia/New Zealand,2032,6178754,21096486,6764005,1981692,4197062,4338687,16757799
Australia/New Zealand,2033,6177988,21259944,6890541,1981664,4196324,4377323,16882621
Australia/New Zealand,2034,6174959,21417595,7021433,1982462,4192497,4410930,17006665
Australia/New Zealand,2035,6172660,21562845,7160728,1985871,4186789,4440071,17122774
Australia/New Zealand,2036,6183885,21707557,7283921,1993836,4190049,4473495,17234062
Australia/New Zealand,2037,6196493,21842047,7413007,2004438,4192055,4503254,17338793
Australia/New Zealand,2038,6210332,21970478,7544413,2017199,4193133,4527998,17442480
Australia/New Zealand,2039,6224317,22100813,7671708,2030799,4193518,4545868,17554945
Australia/New Zealand,2040,6238126,22236713,7791974,2044451,4193675,4555604,17681109
Australia/New Zealand,2041,6268376,22384920,7881937,2063839,4204537,4566208,17818712
Australia/New Zealand,2042,6298514,22542134,7961532,2081637,4216877,4570760,17971374
Australia/New Zealand,2043,6329089,22700637,8038210,2098156,4230933,4570419,18130218
Australia/New Zealand,2044,6360434,22848129,8124241,2113934,4246500,4567007,18281122
Australia/New Zealand,2045,6392189,22975811,8228921,2129256,4262933,4561511,18414300
Australia/New Zealand,2046,6438714,23097961,8323777,2147900,4290814,4563226,18534735
Australia/New Zealand,2047,6485042,23207278,8430872,2164877,4320165,4565013,18642265
Australia/New Zealand,2048,6530095,23303938,8550351,2180121,4349974,4566657,18737281
Australia/New Zealand,2049,6572312,23391079,8679617,2193272,4379040,4568010,18823069
Australia/New Zealand,2050,6610426,23470746,8817130,2203970,4406456,4568927,18901819
Australia/New Zealand,2051,6657704,23557399,8934887,2215579,4442125,4577897,18979502
Australia/New Zealand,2052,6701139,23641591,9055455,2225340,4475799,4588550,19053041
Australia/New Zealand,2053,6740012,23722828,9180077,2233212,4506800,4600741,19122087
Australia/New Zealand,2054,6773585,23800133,9310715,2239156,4534429,4614242,19185891
Australia/New Zealand,2055,6801111,23872060,9449654,2242938,4558173,4628479,19243581
Australia/New Zealand,2056,6834982,23956020,9567129,2247079,4587903,4651538,19304482
Australia/New Zealand,2057,6864324,24040745,9685148,2251145,4613179,4676885,19363860
Australia/New Zealand,2058,6888359,24126644,9804165,2254673,4633686,4703360,19423284
Australia/New Zealand,2059,6906384,24214285,9924387,2257051,4649333,4729366,19484919
Australia/New Zealand,2060,6917931,24302492,10047553,2257671,4660260,4753348,19549144
Australia/New Zealand,2061,6937740,24412087,10138098,2260504,4677236,4783908,19628179
Australia/New Zealand,2062,6953086,24527630,10224229,2263240,4689846,4813906,19713724
Australia/New Zealand,2063,6963514,24644656,10311031,2265505,4698009,4841901,19802755
Australia/New Zealand,2064,6969137,24758478,10403201,2267111,4702026,4866446,19892032
Australia/New Zealand,2065,6970273,24865387,10504265,2267897,4702376,4886370,19979017
Australia/New Zealand,2066,6982373,24989981,10574203,2272289,4710084,4910649,20079332
Australia/New Zealand,2067,6991878,25113651,10645153,2276723,4715155,4931750,20181901
Australia/New Zealand,2068,6998917,25231777,10721639,2281094,4717823,4949161,20282616
Australia/New Zealand,2069,7003293,25336802,10811379,2285210,4718083,4962160,20374642
Australia/New Zealand,2070,7004483,25421596,10922008,2288747,4715736,4969777,20451819
Australia/New Zealand,2071,7019316,25517960,11004920,2296749,4722567,4982120,20535840
Australia/New Zealand,2072,7033073,25600726,11099963,2304759,4728314,4991041,20609685
Australia/New Zealand,2073,7044661,25667794,11210095,2312217,4732444,4995897,20671897
Australia/New Zealand,2074,7053325,25720775,11334206,2318596,4734729,4996612,20724163
Australia/New Zealand,2075,7058810,25761213,11470774,2323599,4735211,4993251,20767962
Australia/New Zealand,2076,7078663,25823614,11567730,2333017,4745646,4996234,20827380
Australia/New Zealand,2077,7096609,25880704,11668657,2340929,4755680,4997334,20883370
Australia/New Zealand,2078,7112606,25930557,11775537,2347457,4765149,4996586,20933971
Australia/New Zealand,2079,7126006,25968423,11893805,2352630,4773376,4993720,20974703
Australia/New Zealand,2080,7135467,25988611,12030569,2356163,4779304,4987989,21000622
Australia/New Zealand,2081,7156796,26028624,12132495,2362582,4794214,4989725,21038899
Australia/New Zealand,2082,7176581,26062067,12239489,2368421,4808160,4991300,21070767
Australia/New Zealand,2083,7193378,26086763,12355400,2373170,4820208,4992076,21094687
Australia/New Zealand,2084,7205582,26101501,12483384,2376149,4829433,4991478,21110023
Australia/New Zealand,2085,7211824,26104293,12627048,2376714,4835110,4988799,21115494
Australia/New Zealand,2086,7229303,26137057,12727348,2380126,4849177,4994865,21142192
Australia/New Zealand,2087,7243607,26169191,12829291,2382533,4861074,5001498,21167693
Australia/New Zealand,2088,7253680,26196982,12937723,2383596,4870084,5007720,21189262
Australia/New Zealand,2089,7258503,26215849,13058299,2383017,4875486,5012357,21203492
Australia/New Zealand,2090,7256985,26221122,13196791,2380376,4876609,5014192,21206930
Australia/New Zealand,2091,7266919,26260746,13287447,2380857,4886062,5024769,21235977
Australia/New Zealand,2092,7273801,26298137,13381293,2381128,4892673,5035024,21263113
Australia/New Zealand,2093,7276335,26328815,13483998,2380632,4895703,5043681,21285134
Australia/New Zealand,2094,7273392,26348682,13600662,2378759,4894633,5049468,21299214
Australia/New Zealand,2095,7264129,26354075,13735631,2374939,4889190,5051271,21302804
Australia/New Zealand,2096,7268078,26397911,13816307,2375354,4892724,5061313,21336598
Australia/New Zealand,2097,7268898,26437119,13901888,2375379,4893519,5069568,21367551
Australia/New Zealand,2098,7265870,26467478,13997107,2374690,4891180,5075090,21392388
Australia/New Zealand,2099,7258497,26484331,14106877,2373108,4885389,5076917,21407414
Australia/New Zealand,2100,7246267,26482814,14236335,2370475,4875792,5074010,21408804
Austria,1950,1579070,4634884,722485,516129,1062941,949938,3684946
Austria,1951,1570392,4622556,738390,493452,1076940,935180,3687376
Austria,1952,1564645,4613379,753172,480019,1084626,926267,3687112
Austria,1953,1560419,4607826,766897,475585,1084834,923763,3684063
Austria,1954,1557736,4605552,779331,480102,1077634,927362,3678190
Austria,1955,1556386,4606497,790523,490872,1065514,936639,3669858
Austria,1956,1554249,4607990,805386,503036,1051213,951013,3656977
Austria,1957,1554320,4612975,818429,520993,1033327,971347,3641628
Austria,1958,1556233,4621253,830938,541229,1015004,994987,3626266
Austria,1959,1561472,4630794,844284,561314,1000158,1017412,3613382
Austria,1960,1572028,4639518,859220,580912,991116,1035454,3604064
Austria,1961,1597227,4636537,877378,609843,987384,1048899,3587638
Austria,1962,1621622,4638474,896737,627333,994289,1058624,3579850
Austria,1963,1647698,4641577,916719,636555,1011143,1063542,3578035
Austria,1964,1677372,4642136,936583,641915,1035457,1062807,3579329
Austria,1965,1710188,4638930,956040,646653,1063535,1056495,3582435
Austria,1966,1742060,4632152,978028,646809,1095251,1047689,3584463
Austria,1967,1775260,4623498,998413,645544,1129716,1032717,3590781
Austria,1968,1806972,4615468,1017139,642504,1164468,1015476,3599992
Austria,1969,1832237,4612794,1034315,635501,1196736,1002111,3610683
Austria,1970,1847853,4618316,1050070,622908,1224945,996583,3621733
Austria,1971,1852464,4627660,1070216,603728,1248736,1001080,3626580
Austria,1972,1847048,4646290,1087779,581331,1265717,1012777,3633513
Austria,1973,1831945,4672257,1102863,556707,1275238,1030725,3641532
Austria,1974,1809070,4701898,1115322,532066,1277004,1052988,3648910
Austria,1975,1779821,4732929,1124939,508594,1271227,1078049,3654880
Austria,1976,1740436,4758990,1141323,480588,1259848,1105998,3652992
Austria,1977,1698620,4783207,1154749,460541,1238079,1137047,3646160
Austria,1978,1654236,4810031,1163492,446781,1207455,1169106,3640925
Austria,1979,1607954,4845434,1164496,437208,1170746,1199088,3646346
Austria,1980,1561609,4891810,1156333,430482,1131127,1224676,3667134
Austria,1981,1519089,4939525,1145899,429573,1089516,1245216,3694309
Austria,1982,1479125,4996971,1126085,432010,1047115,1260615,3736356
Austria,1983,1442446,5057830,1102826,436227,1006219,1269946,3787884
Austria,1984,1409313,5113334,1084646,439983,969330,1272368,3840966
Austria,1985,1379759,5158652,1076457,441995,937764,1267522,3891130
Austria,1986,1360214,5183412,1081767,450081,910133,1256332,3927080
Austria,1987,1338567,5204344,1096441,446884,891683,1238273,3966071
Austria,1988,1319164,5223013,1116663,437266,881898,1213868,4009145
Austria,1989,1307832,5242227,1136513,429201,878631,1184310,4057917
Austria,1990,1307689,5263733,1152527,428845,878844,1150889,4112844
Austria,1991,1317663,5282888,1172150,426493,891170,1127644,4155244
Austria,1992,1341055,5301670,1188208,435829,905226,1098910,4202760
Austria,1993,1371966,5319655,1200465,452683,919283,1067231,4252424
Austria,1994,1399324,5338867,1209018,467476,931848,1037268,4301599
Austria,1995,1415640,5360793,1213688,472413,943227,1012547,4348246
Austria,1996,1418713,5376805,1222345,475134,943579,987092,4389713
Austria,1997,1408490,5397131,1227255,465944,942546,969888,4427243
Austria,1998,1389393,5421105,1230552,448001,941392,959621,4461484
Austria,1999,1370636,5445688,1234789,429418,941218,953454,4492234
Austria,2000,1357829,5469593,1241854,416399,941430,949587,4520006
Austria,2001,1344474,5496499,1256775,399423,945051,961516,4534983
Austria,2002,1338046,5523303,1273063,393090,944956,975586,4547717
Austria,2003,1335293,5549236,1291323,394690,940603,989940,4559296
Austria,2004,1329793,5574543,1312469,397956,931837,1002953,4571590
Austria,2005,1318253,5598527,1336870,398127,920126,1013385,4585142
Austria,2006,1305807,5612775,1366153,399957,905850,1020497,4592278
Austria,2007,1287942,5625538,1398303,398479,889463,1024953,4600585
Austria,2008,1267573,5638841,1432039,394587,872986,1026625,4612216
Austria,2009,1249843,5654965,1465230,391338,858505,1025965,4629000
Austria,2010,1237664,5675450,1496835,390936,846728,1023422,4652028
Austria,2011,1228683,5703953,1527228,391218,837465,1029578,4674375
Austria,2012,1224281,5736874,1556393,393739,830542,1032689,4704185
Austria,2013,1223864,5769615,1584303,398118,825746,1030853,4738762
Austria,2014,1224895,5797672,1610653,402933,821962,1022804,4774868
Austria,2015,1225423,5818133,1635101,407014,818409,1008431,4809702
Austria,2016,1228085,5826354,1657698,411629,816456,987572,4838782
Austria,2017,1230966,5827146,1677341,416381,814585,963626,4863520
Austria,2018,1234201,5821502,1696117,420804,813397,938392,4883110
Austria,2019,1238167,5810506,1717528,424567,813600,914499,4896007
Austria,2020,1243004,5794834,1744372,427447,815557,893676,4901158
Austria,2021,1250333,5774123,1776227,430541,819792,879187,4894936
Austria,2022,1257229,5750720,1812518,432009,825220,868509,4882211
Austria,2023,1263783,5723674,1853409,432178,831605,860605,4863069
Austria,2024,1269995,5692077,1898500,431537,838458,853921,4838156
Austria,2025,1275554,5655657,1947406,430307,845247,847556,4808101
Austria,2026,1279890,5617668,1997442,427179,852711,845450,4772218
Austria,2027,1283596,5576432,2050065,424707,858889,844128,4732304
Austria,2028,1286142,5532718,2104870,422529,863613,843480,4689238
Austria,2029,1286797,5487715,2161195,420009,866788,843705,4644010
Austria,2030,1285192,5442315,2218375,416607,868585,844904,4597411
Austria,2031,1282426,5399534,2272215,412248,870178,850526,4549008
Austria,2032,1277699,5357253,2325668,408238,869461,856965,4500288
Austria,2033,1271244,5316879,2377227,404422,866822,863578,4453301
Austria,2034,1263567,5280200,2424807,400790,862777,869652,4410548
Austria,2035,1255041,5248063,2467373,397247,857794,874696,4373367
Austria,2036,1246780,5223118,2501199,393679,853101,882335,4340783
Austria,2037,1238087,5203367,2528977,391055,847032,889062,4314305
Austria,2038,1229185,5187587,2551848,389168,840017,894273,4293314
Austria,2039,1220234,5173850,2571728,387757,832477,897408,4276442
Austria,2040,1211375,5160388,2590347,386594,824781,898112,4262276
Austria,2041,1204774,5151505,2601293,386264,818510,900329,4251176
Austria,2042,1198539,5144273,2609407,386447,812092,900389,4243884
Austria,2043,1192862,5136121,2617050,387010,805852,898139,4237982
Austria,2044,1187875,5123935,2627182,387842,800033,893743,4230192
Austria,2045,1183642,5105771,2641657,388836,794806,887434,4218337
Austria,2046,1182593,5088178,2651549,390668,791925,883567,4204611
Austria,2047,1182218,5065643,2664872,392644,789574,878242,4187401
Austria,2048,1182562,5038879,2680782,394672,787890,871466,4167413
Austria,2049,1183480,5009606,2697538,396622,786858,863476,4146130
Austria,2050,1184761,4978854,2714242,398340,786421,854553,4124301
Austria,2051,1188422,4952425,2723078,400266,788156,848798,4103627
Austria,2052,1192369,4926092,2730453,402181,790188,842767,4083325
Austria,2053,1196495,4899251,2737202,403939,792556,836467,4062784
Austria,2054,1200464,4870761,2744928,405309,795155,830042,4040719
Austria,2055,1203870,4839746,2755068,406027,797843,823614,4016132
Austria,2056,1208304,4811387,2760902,406370,801934,820845,3990542
Austria,2057,1212238,4782896,2766843,406533,805705,818736,3964160
Austria,2058,1215528,4755063,2772449,406409,809119,817001,3938062
Austria,2059,1217971,4729274,2776799,405891,812080,815401,3913873
Austria,2060,1219284,4706024,2779885,404793,814491,813776,3892248
Austria,2061,1220655,4689897,2776034,403034,817621,815550,3874347
Austria,2062,1221353,4678432,2768479,401602,819751,817848,3860584
Austria,2063,1221181,4670088,2759024,400275,820906,820233,3849855
Austria,2064,1219874,4662590,2750265,398771,821103,822296,3840294
Austria,2065,1217194,4654010,2744426,396800,820394,823725,3830285
Austria,2066,1215165,4650925,2732941,394693,820472,828066,3822859
Austria,2067,1212372,4648908,2721645,392954,819418,832226,3816682
Austria,2068,1208693,4646641,2711882,391379,817314,835670,3810971
Austria,2069,1204128,4643123,2704535,389817,814311,837971,3805152
Austria,2070,1198743,4637601,2700149,388121,810622,838881,3798720
Austria,2071,1195257,4638680,2687410,386897,808360,842263,3796417
Austria,2072,1191474,4639043,2675808,386144,805330,844663,3794380
Austria,2073,1187366,4637731,2666277,385662,801704,845746,3791985
Austria,2074,1182900,4633914,2659553,385232,797668,845320,3788594
Austria,2075,1178071,4626909,2656282,384665,793406,843303,3783606
Austria,2076,1175738,4624889,2645402,384831,790907,843347,3781542
Austria,2077,1173394,4621469,2635854,385110,788284,842324,3779145
Austria,2078,1171167,4616126,2628067,385446,785721,840131,3775995
Austria,2079,1168986,4607859,2623201,385747,783239,836738,3771121
Austria,2080,1166580,4595282,2622986,385858,780722,832056,3763226
Austria,2081,1166586,4587117,2616075,386481,780105,829677,3757440
Austria,2082,1166859,4577407,2610631,387245,779614,826740,3750667
Austria,2083,1167136,4565251,2607960,387968,779168,823050,3742201
Austria,2084,1167070,4550185,2609030,388437,778633,818578,3731607
Austria,2085,1166370,4531866,2614641,388458,777912,813362,3718504
Austria,2086,1167715,4519340,2613094,388777,778938,810877,3708463
Austria,2087,1168909,4506467,2612751,389044,779865,808387,3698080
Austria,2088,1169798,4492800,2614223,389145,780653,805718,3687082
Austria,2089,1170082,4477592,2618605,388929,781153,802718,3674874
Austria,2090,1169335,4459740,2627421,388185,781150,799204,3660536
Austria,2091,1170259,4449166,2628041,387580,782679,798616,3650550
Austria,2092,1170799,4439059,2629289,387032,783767,798237,3640822
Austria,2093,1170568,4428126,2632794,386333,784235,797662,3630464
Austria,2094,1169244,4415462,2639734,385280,783964,796601,3618861
Austria,2095,1166621,4400541,2650746,383695,782926,794900,3605641
Austria,2096,1165824,4394482,2651496,382409,783415,796054,3598428
Austria,2097,1164284,4388344,2653401,381172,783112,797072,3591272
Austria,2098,1161906,4381413,2657129,379874,782032,797671,3583742
Austria,2099,1158608,4372923,2663411,378408,780200,797604,3575319
Austria,2100,1154211,4361864,2673283,376601,777610,796643,3565221
Azerbaijan,1950,994744,1726718,206459,341855,652889,685488,1041230
Azerbaijan,1951,1006264,1772693,208310,391282,614982,706751,1065942
Azerbaijan,1952,1014952,1833477,211582,429204,585748,729592,1103885
Azerbaijan,1953,1032197,1896102,214514,464838,567359,747945,1148157
Azerbaijan,1954,1063946,1953323,215897,499363,564583,757650,1195673
Azerbaijan,1955,1111809,2002254,215324,535159,576650,757052,1245202
Azerbaijan,1956,1178125,2037460,215075,575008,603117,745372,1292088
Azerbaijan,1957,1256512,2067302,213213,608666,647846,725902,1341400
Azerbaijan,1958,1345169,2093207,210815,638493,706676,700547,1392660
Azerbaijan,1959,1440522,2118439,209370,667922,772600,672486,1445953
Azerbaijan,1960,1539915,2145754,209727,699845,840070,644623,1501131
Azerbaijan,1961,1641352,2175605,213363,727995,913357,618027,1557578
Azerbaijan,1962,1747738,2205640,218047,761816,985922,590986,1614654
Azerbaijan,1963,1852902,2238765,223461,796642,1056260,569225,1669540
Azerbaijan,1964,1948593,2278927,229169,824483,1124110,560730,1718197
Azerbaijan,1965,2029476,2328183,234951,839752,1189724,570244,1757939
Azerbaijan,1966,2108567,2371226,241732,855529,1253038,591448,1779778
Azerbaijan,1967,2167099,2427804,248967,849353,1317746,631919,1795885
Azerbaijan,1968,2209296,2494652,256287,827471,1381825,687060,1807592
Azerbaijan,1969,2242329,2566565,263036,801074,1441255,748730,1817835
Azerbaijan,1970,2269673,2641453,268899,778566,1491107,811627,1829826
Azerbaijan,1971,2284475,2725028,275029,746743,1537732,877683,1847345
Azerbaijan,1972,2296300,2809671,279296,727620,1568680,943729,1865942
Azerbaijan,1973,2301984,2898619,282481,718469,1583515,1010533,1888086
Azerbaijan,1974,2296943,2996371,285763,712421,1584522,1079797,1916574
Azerbaijan,1975,2280265,3104151,289721,704578,1575687,1151732,1952419
Azerbaijan,1976,2261604,3211909,295211,701642,1559962,1222964,1988945
Azerbaijan,1977,2233869,3327909,301356,697235,1536634,1295117,2032792
Azerbaijan,1978,2201125,3449617,307187,692536,1508589,1365110,2084507
Azerbaijan,1979,2170351,3572216,311078,691514,1478837,1427737,2144479
Azerbaijan,1980,2146218,3692226,312294,697246,1448972,1479115,2213111
Azerbaijan,1981,2132288,3802926,314106,711594,1420694,1508512,2294414
Azerbaijan,1982,2127156,3908786,313616,729064,1398092,1524807,2383979
Azerbaijan,1983,2131156,4009040,311880,749786,1381370,1529173,2479867
Azerbaijan,1984,2143690,4103599,310296,773408,1370282,1523547,2580052
Azerbaijan,1985,2164440,4192283,309732,800081,1364359,1509753,2682530
Azerbaijan,1986,2205401,4261359,311873,835342,1370059,1476962,2784397
Azerbaijan,1987,2253213,4325901,314386,868577,1384636,1437109,2888792
Azerbaijan,1988,2304368,4387342,318326,898415,1405953,1395465,2991877
Azerbaijan,1989,2355532,4446081,325278,922210,1433322,1358107,3087974
Azerbaijan,1990,2404781,4501827,336162,938591,1466190,1329423,3172404
Azerbaijan,1991,2462205,4546143,349608,957277,1504928,1319352,3226791
Azerbaijan,1992,2512572,4593546,365815,957738,1554834,1315299,3278247
Azerbaijan,1993,2555594,4643162,383005,943952,1611642,1315380,3327782
Azerbaijan,1994,2590052,4694572,399085,921396,1668656,1317626,3376946
Azerbaijan,1995,2613550,4748744,413132,894379,1719171,1322277,3426467
Azerbaijan,1996,2619191,4808519,427843,855429,1763762,1332942,3475577
Azerbaijan,1997,2612731,4873032,439906,815860,1796871,1348616,3524416
Azerbaijan,1998,2594444,4944775,450685,777793,1816651,1372123,3572652
Azerbaijan,1999,2566047,5025915,462163,743097,1822950,1405931,3619984
Azerbaijan,2000,2530049,5117520,475172,712543,1817506,1450312,3667208
Azerbaijan,2001,2473653,5226696,496930,674064,1799589,1507968,3718728
Azerbaijan,2002,2417488,5339871,519656,653174,1764314,1571151,3768720
Azerbaijan,2003,2360176,5460650,540533,645075,1715101,1636168,3824482
Azerbaijan,2004,2300541,5592885,555456,643226,1657315,1697780,3895105
Azerbaijan,2005,2239632,5736633,562341,643145,1596487,1751724,3984909
Azerbaijan,2006,2194426,5871821,563948,656861,1537565,1792697,4079124
Azerbaijan,2007,2147772,6017186,559346,664971,1482801,1824935,4192251
Azerbaijan,2008,2105255,6165811,550842,670609,1434646,1845328,4320483
Azerbaijan,2009,2075281,6307764,541362,681049,1394232,1850621,4457143
Azerbaijan,2010,2062593,6437108,532756,702250,1360343,1839912,4597196
Azerbaijan,2011,2068087,6546062,532230,734926,1333161,1814085,4731977
Azerbaijan,2012,2091050,6641456,532411,773450,1317600,1774172,4867284
Azerbaijan,2013,2127466,6723219,534608,813868,1313598,1723380,4999839
Azerbaijan,2014,2167333,6795765,540673,846858,1320475,1667460,5128305
Azerbaijan,2015,2203412,6862210,551862,866401,1337011,1610637,5251573
Azerbaijan,2016,2253243,6903226,568907,890505,1362738,1550820,5352406
Azerbaijan,2017,2287611,6948574,591404,884695,1402916,1493559,5455015
Azerbaijan,2018,2312242,6992700,618972,858341,1453901,1440356,5552344
Azerbaijan,2019,2335737,7027902,650936,826681,1509056,1393306,5634596
Azerbaijan,2020,2360786,7051924,687033,800098,1560688,1354708,5697216
Azerbaijan,2021,2363339,7084326,731481,753705,1609634,1330134,5754192
Azerbaijan,2022,2373777,7100930,777857,728876,1644901,1313171,5787759
Azerbaijan,2023,2383301,7110122,827010,719276,1664025,1306281,5803841
Azerbaijan,2024,2379819,7123203,880394,712602,1667217,1312267,5810936
Azerbaijan,2025,2358689,7144867,938518,700092,1658597,1331823,5813044
Azerbaijan,2026,2331881,7163887,1000783,690697,1641184,1363862,5800025
Azerbaijan,2027,2290126,7190841,1066028,678576,1611550,1408520,5782321
Azerbaijan,2028,2237944,7224019,1132014,664095,1573849,1460439,5763580
Azerbaijan,2029,2184883,7258299,1195020,651360,1533523,1511199,5747100
Azerbaijan,2030,2136898,7290458,1252846,643205,1493693,1554952,5735506
Azerbaijan,2031,2097652,7318104,1304477,641417,1456235,1593019,5725085
Azerbaijan,2032,2062365,7345371,1350618,640497,1421868,1624183,5721188
Azerbaijan,2033,2031850,7370594,1392130,640853,1390997,1645972,5724622
Azerbaijan,2034,2005089,7393358,1430341,641862,1363227,1655899,5737459
Azerbaijan,2035,1981454,7413275,1466176,643442,1338012,1652676,5760599
Azerbaijan,2036,1966959,7427206,1496841,649130,1317829,1637431,5789775
Azerbaijan,2037,1955185,7439191,1524724,652304,1302881,1608439,5830752
Azerbaijan,2038,1946390,7448078,1550510,653689,1292701,1569832,5878246
Azerbaijan,2039,1940346,7453310,1574679,654150,1286196,1528325,5924985
Azerbaijan,2040,1936413,7454775,1597732,654331,1282082,1488608,5966167
Azerbaijan,2041,1936037,7451668,1618990,654307,1281730,1452065,5999603
Azerbaijan,2042,1936916,7446019,1638730,653291,1283625,1417730,6028289
Azerbaijan,2043,1938334,7436585,1658873,651447,1286887,1386357,6050228
Azerbaijan,2044,1939182,7421828,1682025,648723,1290459,1358258,6063570
Azerbaijan,2045,1938622,7400884,1709874,645021,1293601,1333710,6067174
Azerbaijan,2046,1936995,7371739,1744110,639700,1297295,1314444,6057295
Azerbaijan,2047,1934066,7338221,1781158,634613,1299453,1299797,6038424
Azerbaijan,2048,1929318,7300738,1821242,629486,1299832,1289414,6011324
Azerbaijan,2049,1922479,7259550,1864480,624018,1298461,1282457,5977093
Azerbaijan,2050,1913468,7214862,1910868,617922,1295546,1278230,5936632
Azerbaijan,2051,1903252,7162618,1963570,611337,1291915,1277354,5885264
Azerbaijan,2052,1891153,7108889,2017306,604929,1286224,1279185,5829704
Azerbaijan,2053,1877287,7054862,2070945,598622,1278665,1282746,5772116
Azerbaijan,2054,1862107,7002125,2122691,592453,1269654,1286672,5715453
Azerbaijan,2055,1846005,6951718,2171296,586443,1259562,1289953,5661765
Azerbaijan,2056,1830214,6899336,2219959,580988,1249226,1292888,5606448
Azerbaijan,2057,1813892,6850641,2263955,575868,1238024,1294846,5555795
Azerbaijan,2058,1797279,6806481,2302296,571112,1226167,1295529,5510952
Azerbaijan,2059,1780691,6768226,2333426,566796,1213895,1294691,5473535
Azerbaijan,2060,1764401,6736441,2356595,563005,1201396,1292138,5444303
Azerbaijan,2061,1750066,6708039,2373353,560351,1189715,1288344,5419695
Azerbaijan,2062,1736374,6686715,2381383,558043,1178331,1282641,5404074
Azerbaijan,2063,1723376,6670747,2382383,556029,1167347,1275202,5395545
Azerbaijan,2064,1711051,6658130,2378388,554215,1156836,1266387,5391743
Azerbaijan,2065,1699405,6647412,2370868,552579,1146826,1256486,5390926
Azerbaijan,2066,1690397,6636116,2360389,552087,1138310,1246179,5389937
Azerbaijan,2067,1681946,6627249,2346115,551151,1130795,1234971,5392278
Azerbaijan,2068,1674120,6619073,2329783,549891,1124229,1223114,5395959
Azerbaijan,2069,1666911,6609577,2313463,548458,1118453,1210926,5398651
Azerbaijan,2070,1660195,6597282,2298829,546966,1113229,1198677,5398605
Azerbaijan,2071,1654892,6579340,2287881,545725,1109167,1186962,5392378
Azerbaijan,2072,1649913,6560142,2277377,544137,1105776,1175483,5384659
Azerbaijan,2073,1645117,6537333,2269893,542268,1102849,1164430,5372903
Azerbaijan,2074,1640273,6507787,2268856,540147,1100126,1154027,5353760
Azerbaijan,2075,1635170,6469836,2276213,537779,1097391,1144431,5325405
Azerbaijan,2076,1630005,6419928,2295384,535081,1094924,1135893,5284035
Azerbaijan,2077,1624663,6363402,2321232,532336,1092327,1128349,5235053
Azerbaijan,2078,1619001,6303529,2350748,529513,1089488,1121773,5181756
Azerbaijan,2079,1612880,6245207,2379310,526557,1086323,1116063,5129144
Azerbaijan,2080,1606168,6191340,2404280,523400,1082768,1111091,5080249
Azerbaijan,2081,1598910,6136970,2430611,519972,1078938,1106836,5030134
Azerbaijan,2082,1591310,6088228,2452003,516613,1074697,1103423,4984805
Azerbaijan,2083,1583306,6044562,2469160,513288,1070018,1100615,4943947
Azerbaijan,2084,1574884,6004975,2483152,509976,1064908,1098061,4906914
Azerbaijan,2085,1566013,5968640,2494890,506641,1059372,1095456,4873184
Azerbaijan,2086,1557136,5932911,2506609,503391,1053745,1092930,4839981
Azerbaijan,2087,1548128,5902215,2513962,500286,1047842,1090408,4811807
Azerbaijan,2088,1538941,5875314,2518198,497294,1041647,1087714,4787600
Azerbaijan,2089,1529558,5850730,2520709,494393,1035165,1084634,4766096
Azerbaijan,2090,1519983,5827281,2522591,491573,1028410,1081012,4746269
Azerbaijan,2091,1511408,5804822,2522711,489235,1022173,1077429,4727393
Azerbaijan,2092,1502889,5784451,2520876,486992,1015897,1073348,4711103
Azerbaijan,2093,1494384,5764816,2518414,484818,1009566,1068715,4696101
Azerbaijan,2094,1485881,5744489,2516700,482703,1003178,1063525,4680964
Azerbaijan,2095,1477398,5722536,2516564,480656,996742,1057794,4664742
Azerbaijan,2096,1470626,5700899,2514269,479282,991344,1052478,4648421
Azerbaijan,2097,1463921,5678216,2512687,477832,986089,1046683,4631533
Azerbaijan,2098,1457249,5654050,2512136,476292,980957,1040455,4613595
Azerbaijan,2099,1450600,5628110,2512728,474686,975914,1033876,4594234
Azerbaijan,2100,1443949,5600116,2514554,473057,970892,1026997,4573119
Bahamas,1950,31041,44524,3520,12061,18980,14356,30168
Bahamas,1951,31437,44990,3558,12201,19236,14423,30567
Bahamas,1952,31951,45850,3625,12236,19715,14644,31206
Bahamas,1953,32806,46869,3696,12473,20333,14932,31937
Bahamas,1954,34026,47985,3762,12937,21089,15264,32721
Bahamas,1955,35569,49226,3822,13588,21981,15654,33572
Bahamas,1956,37118,50915,3864,14126,22992,16277,34638
Bahamas,1957,39017,52681,3905,14815,24202,16846,35835
Bahamas,1958,41218,54589,3962,15597,25621,17387,37202
Bahamas,1959,43686,56674,4045,16474,27212,17944,38730
Bahamas,1960,46429,58961,4138,17482,28947,18570,40391
Bahamas,1961,48840,62023,4245,18554,30286,19733,42290
Bahamas,1962,51543,65174,4366,19746,31797,20819,44355
Bahamas,1963,54498,68327,4508,20942,33556,21780,46547
Bahamas,1964,57571,71458,4669,21968,35603,22638,48820
Bahamas,1965,60617,74605,4832,22672,37945,23467,51138
Bahamas,1966,63019,78355,4992,23196,39823,24813,53542
Bahamas,1967,65249,82199,5161,23390,41859,26155,56044
Bahamas,1968,67351,85931,5345,23354,43997,27417,58514
Bahamas,1969,69408,89303,5537,23292,46116,28513,60790
Bahamas,1970,71392,92230,5732,23245,48147,29438,62792
Bahamas,1971,72022,95813,6028,22417,49605,31356,64457
Bahamas,1972,73051,98522,6266,22725,50326,32817,65705
Bahamas,1973,74285,100721,6482,23722,50563,33888,66833
Bahamas,1974,75393,102997,6709,24721,50672,34819,68178
Bahamas,1975,76230,105696,6956,25227,51003,35810,69886
Bahamas,1976,77053,108583,7266,25727,51326,37865,70718
Bahamas,1977,77254,112233,7624,25688,51566,40415,71818
Bahamas,1978,77143,116349,8021,25309,51834,43200,73149
Bahamas,1979,77249,120379,8404,25074,52175,45812,74567
Bahamas,1980,77856,124060,8745,25264,52592,47981,76079
Bahamas,1981,77915,128427,9054,24969,52946,49458,78969
Bahamas,1982,78861,132125,9289,25823,53038,50428,81697
Bahamas,1983,80267,135446,9474,27361,52906,51021,84425
Bahamas,1984,81461,138897,9657,28781,52680,51467,87430
Bahamas,1985,82106,142722,9859,29553,52553,51882,90840
Bahamas,1986,83047,146035,10049,30690,52357,51947,94088
Bahamas,1987,83125,149992,10276,30593,52532,52076,97916
Bahamas,1988,82751,154300,10528,29679,53072,52217,102083
Bahamas,1989,82634,158428,10787,28762,53872,52277,106151
Bahamas,1990,83141,162129,11066,28425,54716,52229,109900
Bahamas,1991,83460,166215,11441,27698,55762,52302,113913
Bahamas,1992,84664,169648,11822,28077,56587,52251,117397
Bahamas,1993,86276,172684,12205,29174,57102,52156,120528
Bahamas,1994,87486,175811,12598,30187,57299,52156,123655
Bahamas,1995,87880,179251,13019,30569,57311,52309,126942
Bahamas,1996,88557,181702,13531,31351,57206,51796,129906
Bahamas,1997,88340,184573,14057,31021,57319,51419,133154
Bahamas,1998,87636,187799,14625,29926,57710,51203,136596
Bahamas,1999,87164,191163,15245,28787,58377,51162,140001
Bahamas,2000,87300,194649,15941,28147,59153,51382,143267
Bahamas,2001,86354,200018,16763,26995,59359,52929,147089
Bahamas,2002,85851,205669,17637,26604,59247,54414,151255
Bahamas,2003,85535,211678,18533,26849,58686,55684,155994
Bahamas,2004,85061,218006,19459,27288,57773,56697,161309
Bahamas,2005,84281,224494,20474,27473,56808,57521,166973
Bahamas,2006,84505,229953,21372,27337,57168,58890,171063
Bahamas,2007,84503,235536,22289,27326,57177,60283,175253
Bahamas,2008,83964,241513,23199,27234,56730,61580,179933
Bahamas,2009,82827,247904,24125,27043,55784,62729,185175
Bahamas,2010,81314,254435,25083,26960,54354,63759,190676
Bahamas,2011,81348,258933,26287,28184,53164,64462,194471
Bahamas,2012,80826,263588,27625,28482,52344,65144,198444
Bahamas,2013,80197,267989,29054,28269,51928,65588,202401
Bahamas,2014,79886,271725,30558,28003,51883,65528,206197
Bahamas,2015,79995,274712,32131,27929,52066,64853,209859
Bahamas,2016,80188,277221,33823,27533,52655,63739,213482
Bahamas,2017,80867,278928,35566,27489,53378,62093,216835
Bahamas,2018,81804,280104,37377,27691,54113,60160,219944
Bahamas,2019,82621,281178,39296,27895,54726,58307,222871
Bahamas,2020,83141,282366,41332,27942,55199,56763,225603
Bahamas,2021,83613,283587,43356,27922,55691,55610,227977
Bahamas,2022,83850,284918,45457,27884,55966,54761,230157
Bahamas,2023,83868,286304,47664,27798,56070,54222,232082
Bahamas,2024,83770,287560,50015,27686,56084,53957,233603
Bahamas,2025,83624,288575,52533,27555,56069,53932,234643
Bahamas,2026,83565,289371,55059,27432,56133,54278,235093
Bahamas,2027,83395,290031,57726,27274,56121,54937,235094
Bahamas,2028,83132,290611,60450,27087,56045,55756,234855
Bahamas,2029,82785,291216,63108,26880,55905,56515,234701
Bahamas,2030,82369,291893,65634,26655,55714,57065,234828
Bahamas,2031,82010,292673,67875,26410,55600,57544,235129
Bahamas,2032,81586,293571,69937,26177,55409,57825,235746
Bahamas,2033,81102,294486,71910,25955,55147,57938,236548
Bahamas,2034,80560,295302,73929,25742,54818,57963,237339
Bahamas,2035,79973,295937,76060,25533,54440,57947,237990
Bahamas,2036,79474,296484,78090,25322,54152,58003,238481
Bahamas,2037,78950,296856,80203,25160,53790,58003,238853
Bahamas,2038,78405,297153,82318,25038,53367,57944,239209
Bahamas,2039,77851,297497,84309,24946,52905,57813,239684
Bahamas,2040,77304,297956,86096,24875,52429,57607,240349
Bahamas,2041,76934,298569,87489,24848,52086,57463,241106
Bahamas,2042,76578,299323,88653,24860,51718,57279,242044
Bahamas,2043,76249,300066,89740,24899,51350,57039,243027
Bahamas,2044,75945,300598,90952,24952,50993,56734,243864
Bahamas,2045,75671,300768,92432,25005,50666,56351,244417
Bahamas,2046,75609,300672,93920,25106,50503,56029,244643
Bahamas,2047,75552,300305,95609,25185,50367,55667,244638
Bahamas,2048,75510,299728,97440,25245,50265,55269,244459
Bahamas,2049,75484,299023,99313,25290,50194,54832,244191
Bahamas,2050,75460,298260,101174,25313,50147,54362,243898
Bahamas,2051,75572,297480,102835,25326,50246,53979,243501
Bahamas,2052,75669,296716,104430,25322,50347,53602,243114
Bahamas,2053,75746,295892,106032,25305,50441,53227,242665
Bahamas,2054,75788,294931,107747,25269,50519,52875,242056
Bahamas,2055,75783,293769,109635,25205,50578,52539,241230
Bahamas,2056,75832,292529,111493,25103,50729,52341,240188
Bahamas,2057,75839,291189,113419,25020,50819,52192,238997
Bahamas,2058,75798,289826,115367,24945,50853,52085,237741
Bahamas,2059,75697,288504,117267,24865,50832,52002,236502
Bahamas,2060,75524,287268,119102,24758,50766,51930,235338
Bahamas,2061,75413,286212,120640,24638,50775,51980,234232
Bahamas,2062,75245,285296,122039,24529,50716,52070,233226
Bahamas,2063,75019,284507,123315,24427,50592,52166,232341
Bahamas,2064,74730,283889,124428,24318,50412,52238,231651
Bahamas,2065,74405,283454,125359,24205,50200,52264,231190
Bahamas,2066,74171,283341,125815,24095,50076,52359,230982
Bahamas,2067,73908,283471,126013,24003,49905,52428,231043
Bahamas,2068,73617,283714,126078,23924,49693,52462,231252
Bahamas,2069,73297,283863,126218,23848,49449,52444,231419
Bahamas,2070,72952,283740,126599,23767,49185,52353,231387
Bahamas,2071,72741,283603,126819,23711,49030,52322,231281
Bahamas,2072,72517,283272,127190,23669,48848,52246,231026
Bahamas,2073,72278,282748,127734,23635,48643,52114,230634
Bahamas,2074,72015,282079,128398,23600,48415,51930,230149
Bahamas,2075,71743,281300,129138,23561,48182,51691,229609
Bahamas,2076,71618,280629,129585,23548,48070,51523,229106
Bahamas,2077,71483,279900,130061,23543,47940,51328,228572
Bahamas,2078,71348,279120,130551,23539,47809,51110,228010
Bahamas,2079,71203,278275,131090,23532,47671,50865,227410
Bahamas,2080,71042,277297,131731,23513,47529,50579,226718
Bahamas,2081,71007,276451,132098,23507,47500,50378,226073
Bahamas,2082,70965,275598,132446,23502,47463,50175,225423
Bahamas,2083,70898,274700,132840,23487,47411,49962,224738
Bahamas,2084,70803,273717,133327,23460,47343,49732,223985
Bahamas,2085,70673,272639,133933,23413,47260,49484,223155
Bahamas,2086,70646,271715,134268,23369,47277,49325,222390
Bahamas,2087,70592,270803,134609,23323,47269,49180,221623
Bahamas,2088,70510,269892,134964,23270,47240,49040,220852
Bahamas,2089,70389,268952,135386,23207,47182,48895,220057
Bahamas,2090,70218,267942,135934,23125,47093,48733,219209
Bahamas,2091,70132,267135,136191,23043,47089,48663,218472
Bahamas,2092,70020,266364,136434,22970,47050,48605,217759
Bahamas,2093,69865,265593,136723,22897,46968,48545,217048
Bahamas,2094,69667,264775,137096,22817,46850,48471,216304
Bahamas,2095,69408,263894,137595,22718,46690,48365,215529
Bahamas,2096,69257,263293,137704,22635,46622,48348,214945
Bahamas,2097,69076,262711,137818,22560,46516,48325,214386
Bahamas,2098,68855,262112,137986,22483,46372,48286,213826
Bahamas,2099,68597,261450,138241,22406,46191,48211,213239
Bahamas,2100,68306,260692,138617,22325,45981,48097,212595
Bahrain,1950,48914,63379,3318,20240,28674,22136,41243
Bahrain,1951,49467,64023,3342,20288,29179,22104,41919
Bahrain,1952,50485,65677,3424,20314,30171,22384,43293
Bahrain,1953,51980,67968,3541,20532,31448,22841,45127
Bahrain,1954,53936,70641,3676,21126,32810,23398,47243
Bahrain,1955,56233,73542,3810,22132,34101,24047,49495
Bahrain,1956,58324,76959,3985,22947,35377,25214,51745
Bahrain,1957,60616,80326,4167,24117,36499,26251,54075
Bahrain,1958,62945,83663,4374,25428,37517,27132,56531
Bahrain,1959,65119,87048,4610,26644,38475,27908,59140
Bahrain,1960,67071,90497,4859,27671,39400,28649,61848
Bahrain,1961,71410,91728,4756,29814,41596,30430,61298
Bahrain,1962,75493,93090,4561,30853,44640,32036,61054
Bahrain,1963,79627,94248,4265,31146,48481,33148,61100
Bahrain,1964,83879,95150,3858,31260,52619,33761,61389
Bahrain,1965,87953,96132,3346,31609,56344,34219,61913
Bahrain,1966,89000,99186,3594,31738,57262,34513,64673
Bahrain,1967,90067,102103,3893,32366,57701,34971,67132
Bahrain,1968,91392,104998,4263,33352,58040,35599,69399
Bahrain,1969,93100,108216,4727,34433,58667,36547,71669
Bahrain,1970,95253,112039,5313,35518,59735,37967,74072
Bahrain,1971,96826,118022,5464,36521,60305,42140,75882
Bahrain,1972,98036,125450,5669,37068,60968,46992,78458
Bahrain,1973,99444,134173,5910,37491,61953,52161,82012
Bahrain,1974,101752,143999,6160,38315,63437,57176,86823
Bahrain,1975,105331,154799,6413,39909,65422,61679,93120
Bahrain,1976,108368,168793,6591,40774,67594,67616,101177
Bahrain,1977,112479,183936,6760,42692,69787,72603,111333
Bahrain,1978,117106,199431,6936,45315,71791,76319,123112
Bahrain,1979,121294,214351,7153,47936,73358,78647,135704
Bahrain,1980,124424,228037,7427,49897,74527,79617,148420
Bahrain,1981,127754,238112,8254,52008,75746,79069,159043
Bahrain,1982,130719,246183,9048,53818,76901,77064,169119
Bahrain,1983,133618,253043,9793,55311,78307,73981,179062
Bahrain,1984,136877,259892,10458,56755,80122,70551,189341
Bahrain,1985,140736,267643,11051,58467,82269,67442,200201
Bahrain,1986,145470,277036,10976,60585,84885,71775,205261
Bahrain,1987,150039,288032,10902,62499,87540,75848,212184
Bahrain,1988,154613,299751,10838,64212,90401,78951,220800
Bahrain,1989,158832,311455,10803,65456,93376,80761,230694
Bahrain,1990,162121,322987,10823,65928,96193,81480,241507
Bahrain,1991,165352,332949,11464,66208,99144,85535,247414
Bahrain,1992,167287,343713,12087,65286,102001,89087,254626
Bahrain,1993,168384,355186,12643,63458,104926,91537,263649
Bahrain,1994,169239,367238,13111,61678,107561,92795,274443
Bahrain,1995,170499,379667,13533,61291,109208,93158,286509
Bahrain,1996,174161,390372,14135,63216,110945,96926,293446
Bahrain,1997,177885,402320,14725,65137,112748,100905,301415
Bahrain,1998,183109,415350,15243,67643,115466,104481,310869
Bahrain,1999,190596,430205,15744,70739,119857,107505,322700
Bahrain,2000,200322,447988,16304,74017,126305,110177,337811
Bahrain,2001,202753,478130,16666,73406,129347,122772,355358
Bahrain,2002,206205,511730,17213,74043,132162,134012,377718
Bahrain,2003,211442,549316,17953,75705,135737,143424,405892
Bahrain,2004,218873,592112,18863,78233,140640,151116,440996
Bahrain,2005,228376,640872,19920,81248,147128,157253,483619
Bahrain,2006,231848,705686,20880,81052,150796,175243,530443
Bahrain,2007,237601,776236,22054,83270,154331,188351,587885
Bahrain,2008,244237,847027,23326,86625,157612,194423,652604
Bahrain,2009,249526,910919,24584,89675,159851,193128,717791
Bahrain,2010,252038,963017,25807,91448,160590,186065,776952
Bahrain,2011,260150,990723,27396,95416,164734,190918,799805
Bahrain,2012,265150,1006435,28632,98398,166752,192669,813766
Bahrain,2013,269620,1016145,29646,100813,168807,190461,825684
Bahrain,2014,276203,1029523,30671,103331,172872,185679,843844
Bahrain,2015,286027,1053941,31887,106230,179797,180650,873291
Bahrain,2016,289189,1102591,33391,106665,182524,192688,909903
Bahrain,2017,294365,1162815,35404,107499,186866,200336,962479
Bahrain,2018,300485,1228498,38010,108212,192273,201863,1026635
Bahrain,2019,306012,1290612,41272,108465,197547,196808,1093804
Bahrain,2020,309787,1342865,45113,108248,201539,187118,1155747
Bahrain,2021,316216,1377467,50612,109118,207098,204091,1173376
Bahrain,2022,319957,1403350,56781,109968,209989,218674,1184676
Bahrain,2023,322519,1422541,63383,110840,211679,227090,1195451
Bahrain,2024,324913,1439532,70165,111614,213299,228582,1210950
Bahrain,2025,327369,1458007,77027,112163,215206,225310,1232697
Bahrain,2026,329975,1478693,83956,113179,216796,237189,1241504
Bahrain,2027,331371,1501483,91057,113745,217626,246746,1254737
Bahrain,2028,332570,1524390,98419,113936,218634,251499,1272891
Bahrain,2029,334080,1545308,106103,113984,220096,250635,1294673
Bahrain,2030,335711,1563314,114110,114061,221650,245436,1317878
Bahrain,2031,337754,1578082,122394,114387,223367,250028,1328054
Bahrain,2032,339061,1591266,131007,114835,224226,253763,1337503
Bahrain,2033,340245,1602519,139951,115280,224965,254734,1347785
Bahrain,2034,341353,1612237,149232,115413,225940,252277,1359960
Bahrain,2035,342071,1621048,158858,115033,227038,247240,1373808
Bahrain,2036,342769,1629195,168309,114807,227962,252810,1376385
Bahrain,2037,342090,1637361,178208,113784,228306,257032,1380329
Bahrain,2038,340913,1644713,188619,112203,228710,258267,1386446
Bahrain,2039,339836,1650761,199481,110488,229348,256142,1394619
Bahrain,2040,338846,1655703,210678,108911,229935,251614,1404089
Bahrain,2041,336847,1661801,221131,106889,229958,257459,1404342
Bahrain,2042,334495,1668071,231198,105492,229003,261770,1406301
Bahrain,2043,332263,1674166,240785,104557,227706,263130,1411036
Bahrain,2044,330097,1680163,249859,103767,226330,261250,1418913
Bahrain,2045,327725,1686508,258257,102910,224815,256986,1429522
Bahrain,2046,325211,1691692,267449,102293,222918,256069,1435623
Bahrain,2047,322010,1696792,276942,101717,220293,255442,1441350
Bahrain,2048,318679,1701526,286453,101171,217508,254087,1447439
Bahrain,2049,315687,1705957,295474,100718,214969,251372,1454585
Bahrain,2050,313130,1710291,303687,100400,212730,247416,1462875
Bahrain,2051,311018,1714990,310654,100439,210579,248802,1466188
Bahrain,2052,308835,1719935,316995,100436,208399,249500,1470435
Bahrain,2053,307017,1724291,323151,100434,206583,248639,1475652
Bahrain,2054,305692,1727321,329748,100453,205239,245864,1481457
Bahrain,2055,304732,1728767,337182,100520,204212,241472,1487295
Bahrain,2056,304074,1729219,344941,100740,203334,241652,1487567
Bahrain,2057,303394,1728642,353386,100936,202458,240623,1488019
Bahrain,2058,303005,1726305,362918,101102,201903,237902,1488403
Bahrain,2059,302942,1721664,374024,101212,201730,233671,1487993
Bahrain,2060,303031,1714648,386946,101247,201784,228540,1486108
Bahrain,2061,303182,1705902,401116,101290,201892,228345,1477557
Bahrain,2062,303090,1695332,416936,101249,201841,227681,1467651
Bahrain,2063,303050,1683049,433989,101126,201924,225937,1457112
Bahrain,2064,303141,1669664,451575,100925,202216,222974,1446690
Bahrain,2065,303228,1655800,469183,100641,202587,219169,1436631
Bahrain,2066,303164,1642163,486272,100285,202879,220078,1422085
Bahrain,2067,302773,1628479,503257,99934,202839,220604,1407875
Bahrain,2068,302318,1614597,520025,99565,202753,220125,1394472
Bahrain,2069,301866,1600618,536393,99141,202725,218444,1382174
Bahrain,2070,301295,1586782,552235,98631,202664,215876,1370906
Bahrain,2071,300609,1574106,566527,98118,202491,217633,1356473
Bahrain,2072,299535,1562194,579917,97604,201931,218898,1343296
Bahrain,2073,298355,1550319,592842,97075,201280,219059,1331260
Bahrain,2074,297192,1537777,605877,96533,200659,217938,1319839
Bahrain,2075,295976,1524283,619359,95971,200005,215805,1308478
Bahrain,2076,294811,1511330,631684,95493,199318,217602,1293728
Bahrain,2077,293364,1498008,644093,95063,198301,218764,1279244
Bahrain,2078,291908,1484189,656440,94670,197238,218746,1265443
Bahrain,2079,290556,1470019,668463,94301,196255,217399,1252620
Bahrain,2080,289232,1455748,679994,93944,195288,215004,1240744
Bahrain,2081,288188,1443117,689038,93769,194419,216225,1226892
Bahrain,2082,286962,1430789,697398,93636,193326,216779,1214010
Bahrain,2083,285799,1418514,705093,93524,192275,216170,1202344
Bahrain,2084,284772,1406311,712010,93402,191370,214299,1192012
Bahrain,2085,283812,1394388,718040,93256,190556,211468,1182920
Bahrain,2086,283240,1384505,721105,93312,189928,212006,1172499
Bahrain,2087,282485,1375377,723068,93300,189185,211976,1163401
Bahrain,2088,281801,1366571,724150,93234,188567,210940,1155631
Bahrain,2089,281270,1357733,724657,93131,188139,208816,1148917
Bahrain,2090,280795,1348701,724871,93000,187795,205872,1142829
Bahrain,2091,280544,1340990,723126,92953,187591,206063,1134927
Bahrain,2092,280172,1333722,720705,92899,187273,205839,1127883
Bahrain,2093,279856,1326429,717921,92821,187035,204797,1121632
Bahrain,2094,279605,1318679,715243,92694,186911,202862,1115817
Bahrain,2095,279283,1310228,713099,92483,186800,200260,1109968
Bahrain,2096,279060,1302420,710013,92312,186748,200577,1101843
Bahrain,2097,278656,1294686,706912,92112,186544,200638,1094048
Bahrain,2098,278208,1286747,703964,91863,186345,200038,1086709
Bahrain,2099,277730,1278533,701302,91544,186186,198637,1079896
Bahrain,2100,277103,1270087,699068,91131,185972,196620,1073467
Bangladesh,1950,15629552,20782696,1482433,6237853,9391699,7130367,13652329
Bangladesh,1951,15987266,21265179,1452631,6365628,9621638,7297124,13968055
Bangladesh,1952,16280688,21795766,1414602,6420960,9859728,7477583,14318183
Bangladesh,1953,16575502,22355245,1369615,6484677,10090825,7663878,14691367
Bangladesh,1954,16911683,22936606,1320776,6609807,10301876,7852543,15084063
Bangladesh,1955,17302038,23548266,1271220,6821745,10480293,8047184,15501082
Bangladesh,1956,17785103,24105276,1279548,7060038,10725065,8230762,15874514
Bangladesh,1957,18336527,24692737,1285555,7371526,10965001,8420815,16271922
Bangladesh,1958,18933449,25323549,1289486,7729964,11203485,8620982,16702567
Bangladesh,1959,19550050,26005688,1291707,8104827,11445223,8833838,17171850
Bangladesh,1960,20172764,26734110,1292873,8480280,11692484,9058681,17675429
Bangladesh,1961,20958770,27301803,1332229,8953338,12005432,9228903,18072900
Bangladesh,1962,21707126,27952437,1370574,9310856,12396270,9426723,18525714
Bangladesh,1963,22457465,28667241,1407711,9596692,12860773,9642385,19024856
Bangladesh,1964,23266543,29418719,1443838,9884442,13382101,9862021,19556698
Bangladesh,1965,24159974,30194123,1479941,10234473,13925501,10081183,20112940
Bangladesh,1966,25193427,30930847,1548716,10617810,14575617,10290892,20639955
Bangladesh,1967,26300418,31704504,1615747,11027283,15273135,10506046,21198458
Bangladesh,1968,27413042,32488051,1678380,11438716,15974326,10726294,21761757
Bangladesh,1969,28412562,33270244,1734588,11780773,16631789,10961893,22308351
Bangladesh,1970,29211903,34051413,1784454,11997635,17214268,11223958,22827455
Bangladesh,1971,29944366,34616781,1863597,12241652,17702714,11246231,23370550
Bangladesh,1972,30519554,35141530,1936386,12303960,18215594,11232001,23909529
Bangladesh,1973,31003654,35681139,2006392,12254376,18749278,11218638,24462501
Bangladesh,1974,31520326,36286641,2077453,12234830,19285496,11260975,25025666
Bangladesh,1975,32157801,36995593,2152529,12377348,19780453,11417351,25578242
Bangladesh,1976,32971588,37799405,2228143,12603318,20368270,12013520,25785885
Bangladesh,1977,33849979,38776170,2299747,12945586,20904393,12775477,26000693
Bangladesh,1978,34771906,39895616,2366324,13384551,21387355,13652738,26242878
Bangladesh,1979,35677926,41130992,2427858,13844685,21833241,14575211,26555781
Bangladesh,1980,36528176,42457802,2484882,14271931,22256245,15491721,26966081
Bangladesh,1981,37500248,43660593,2560427,14794155,22706093,16302198,27358395
Bangladesh,1982,38367648,45009578,2630105,15134328,23233320,17112731,27896847
Bangladesh,1983,39175244,46470082,2692916,15345166,23830078,17901754,28568328
Bangladesh,1984,39988056,47996086,2748220,15516696,24471360,18642651,29353435
Bangladesh,1985,40835065,49567864,2796936,15723730,25111335,19323458,30244406
Bangladesh,1986,41726850,51111472,2904109,15921293,25805557,19890626,31220846
Bangladesh,1987,42625969,52707974,3009866,16093251,26532718,20394954,32313020
Bangladesh,1988,43499515,54362134,3113672,16247153,27252362,20860314,33501820
Bangladesh,1989,44287175,56096603,3215454,16369946,27917229,21330419,34766184
Bangladesh,1990,44953088,57919630,3315924,16461413,28491675,21832383,36087247
Bangladesh,1991,45621663,59651506,3454263,16573079,29048584,22275141,37376365
Bangladesh,1992,46171753,61459726,3590459,16611504,29560249,22735698,38724028
Bangladesh,1993,46626603,63342773,3725763,16603450,30023153,23223314,40119459
Bangladesh,1994,47026195,65294676,3861396,16591037,30435158,23748663,41546013
Bangladesh,1995,47394901,67312815,3999155,16608371,30786530,24320506,42992309
Bangladesh,1996,47760527,69306573,4202545,16641067,31119460,24942515,44364058
Bangladesh,1997,48085992,71361896,4406752,16684087,31401905,25613468,45748428
Bangladesh,1998,48367681,73466938,4613346,16734686,31632995,26306282,47160656
Bangladesh,1999,48595627,75609920,4824144,16779926,31815701,26980505,48629415
Bangladesh,2000,48764759,77776048,5040436,16814042,31950717,27607395,50168653
Bangladesh,2001,49037039,79809023,5261098,16914645,32122394,28162008,51647015
Bangladesh,2002,49246180,81877646,5476841,16952624,32293556,28666012,53211634
Bangladesh,2003,49384842,83945089,5689070,16933025,32451817,29109954,54835135
Bangladesh,2004,49439806,85967657,5900026,16860593,32579213,29490979,56476678
Bangladesh,2005,49398371,87921883,6110847,16744481,32653890,29814381,58107502
Bangladesh,2006,49420297,89601632,6346075,16676261,32744036,30027520,59574112
Bangladesh,2007,49342211,91228713,6568267,16502794,32839417,30177793,61050920
Bangladesh,2008,49195924,92834834,6775056,16266905,32929019,30284928,62549906
Bangladesh,2009,49026742,94463843,6964123,16029342,32997400,30381181,64082662
Bangladesh,2010,48861222,96152797,7135083,15836304,33024918,30499669,65653128
Bangladesh,2011,48552617,97987374,7371925,15607968,32944649,30672098,67315276
Bangladesh,2012,48284706,99843589,7598758,15467715,32816991,30840649,69002940
Bangladesh,2013,48031094,101732877,7807321,15390254,32640840,31004369,70728508
Bangladesh,2014,47751785,103669903,7983591,15329075,32422710,31163307,72506596
Bangladesh,2015,47428206,105651107,8121573,15253913,32174293,31320072,74331035
Bangladesh,2016,47094392,107583339,8273829,15235546,31858846,31469422,76113917
Bangladesh,2017,46716762,109557752,8395237,15166773,31549989,31615802,77941950
Bangladesh,2018,46322533,111536305,8509311,15060635,31261898,31740033,79796272
Bangladesh,2019,45951368,113466512,8648040,14944982,31006386,31816338,81650174
Bangladesh,2020,45620334,115322112,8832863,14841667,30778667,31835914,83486198
Bangladesh,2021,45290492,117094939,9114204,14754294,30536198,31821209,85273730
Bangladesh,2022,44981201,118811460,9436548,14640462,30340739,31748606,87062854
Bangladesh,2023,44688788,120453107,9805511,14510565,30178223,31620715,88832392
Bangladesh,2024,44398303,122005667,10227159,14371936,30026367,31449149,90556518
Bangladesh,2025,44096686,123460466,10705757,14231958,29864728,31247857,92212609
Bangladesh,2026,43771807,124789425,11275123,14086721,29685086,31034103,93755322
Bangladesh,2027,43446533,126016139,11890684,13945558,29500975,30781902,95234237
Bangladesh,2028,43113515,127152170,12549112,13805808,29307707,30508215,96643955
Bangladesh,2029,42763621,128216980,13243827,13661685,29101936,30239426,97977554
Bangladesh,2030,42391203,129223519,13970089,13509870,28881333,29996467,99227052
Bangladesh,2031,42006682,130142778,14745202,13369314,28637368,29796014,100346764
Bangladesh,2032,41602342,131003062,15545839,13217725,28384617,29618349,101384713
Bangladesh,2033,41181710,131810074,16362562,13057949,28123761,29453401,102356673
Bangladesh,2034,40752465,132573598,17177994,12896414,27856051,29285359,103288239
Bangladesh,2035,40318218,133299430,17982877,12738606,27579612,29108113,104191317
Bangladesh,2036,39883093,133975092,18785200,12596271,27286822,28944435,105030657
Bangladesh,2037,39447479,134617451,19567824,12453291,26994188,28768751,105848700
Bangladesh,2038,39012985,135202713,20354235,12311488,26701497,28577297,106625416
Bangladesh,2039,38580590,135699907,21176197,12172704,26407886,28368153,107331754
Bangladesh,2040,38150409,136091071,22052832,12039550,26110859,28144196,107946875
Bangladesh,2041,37732843,136376011,22974614,11928247,25804596,27926045,108449966
Bangladesh,2042,37323926,136566533,23933422,11817285,25506641,27685199,108881334
Bangladesh,2043,36924151,136662462,24928168,11706740,25217411,27423309,109239153
Bangladesh,2044,36532621,136668609,25953702,11596292,24936329,27145940,109522669
Bangladesh,2045,36147276,136589341,27006903,11487036,24660240,26861194,109728147
Bangladesh,2046,35785752,136432794,28062010,11402510,24383242,26591840,109840954
Bangladesh,2047,35429848,136202206,29134655,11305895,24123953,26310208,109891998
Bangladesh,2048,35081442,135895499,30225628,11201039,23880403,26016367,109879132
Bangladesh,2049,34742849,135519633,31326533,11093731,23649118,25713505,109806128
Bangladesh,2050,34413610,135085589,32427617,10989355,23424255,25409275,109676314
Bangladesh,2051,34095778,134618646,33502002,10898830,23196948,25130473,109488173
Bangladesh,2052,33788015,134104153,34566034,10805204,22982811,24845943,109258210
Bangladesh,2053,33489453,133543360,35619881,10709973,22779480,24558163,108985197
Bangladesh,2054,33196663,132938368,36665443,10613751,22582912,24271915,108666453
Bangladesh,2055,32905237,132289465,37707448,10517627,22387610,23993902,108295563
Bangladesh,2056,32617849,131616844,38723636,10433566,22184283,23747466,107869378
Bangladesh,2057,32335668,130919320,39714683,10346978,21988690,23505357,107413963
Bangladesh,2058,32057771,130186177,40692837,10258340,21799431,23266398,106919779
Bangladesh,2059,31782743,129404038,41673518,10168361,21614382,23030263,106373775
Bangladesh,2060,31507573,128564280,42669061,10078130,21429443,22799943,105764337
Bangladesh,2061,31239298,127703152,43636899,10001731,21237567,22599560,105103592
Bangladesh,2062,30974369,126811997,44590011,9920784,21053585,22401972,104410025
Bangladesh,2063,30712649,125883435,45536729,9836718,20875931,22204148,103679287
Bangladesh,2064,30453897,124911707,46483918,9751761,20702136,22003910,102907797
Bangladesh,2065,30196036,123894794,47436536,9668147,20527889,21803099,102091695
Bangladesh,2066,29948446,122891333,48327339,9598516,20349930,21628276,101263057
Bangladesh,2067,29706392,121863644,49199609,9527536,20178856,21448993,100414651
Bangladesh,2068,29467559,120812263,50056214,9454994,20012565,21263485,99548778
Bangladesh,2069,29230136,119751784,50885579,9380838,19849298,21073217,98678567
Bangladesh,2070,28992805,118697094,51675189,9306182,19686623,20883233,97813861
Bangladesh,2071,28767393,117699606,52362890,9246293,19521100,20717597,96982009
Bangladesh,2072,28543910,116723225,52995525,9180663,19363247,20547990,96175235
Bangladesh,2073,28323773,115758070,53582067,9111241,19212532,20374144,95383926
Bangladesh,2074,28107390,114787917,54138648,9040577,19066813,20196732,94591185
Bangladesh,2075,27892285,113799876,54681173,8970785,18921500,20018651,93781225
Bangladesh,2076,27686546,112854164,55142202,8912839,18773707,19864205,92989959
Bangladesh,2077,27485981,111912258,55565671,8853145,18632836,19706420,92205838
Bangladesh,2078,27289071,110963563,55964941,8791996,18497075,19544389,91419174
Bangladesh,2079,27093451,109999234,56352654,8729508,18363943,19378886,90620348
Bangladesh,2080,26896307,109014300,56737954,8666375,18229932,19213239,89801061
Bangladesh,2081,26711258,108078829,57038348,8616062,18095196,19072777,89006052
Bangladesh,2082,26528366,107140697,57317042,8562381,17965985,18929850,88210847
Bangladesh,2083,26346629,106193714,57582498,8505737,17840892,18783179,87410535
Bangladesh,2084,26165195,105236560,57838214,8446990,17718205,18633159,86603401
Bangladesh,2085,25982512,104270998,58085306,8387429,17595083,18482978,85788020
Bangladesh,2086,25812868,103370499,58237324,8340140,17472728,18357733,85012766
Bangladesh,2087,25643744,102475327,58367848,8288514,17355230,18229684,84245643
Bangladesh,2088,25474745,101579203,58484830,8233541,17241204,18097580,83481623
Bangladesh,2089,25305808,100679843,58591864,8176836,17128972,17961771,82718072
Bangladesh,2090,25136248,99779426,58688796,8120230,17016018,17825426,81954000
Bangladesh,2091,24977231,98946572,58697208,8074013,16903218,17711762,81234810
Bangladesh,2092,24819156,98120696,58688738,8025773,16793383,17594117,80526579
Bangladesh,2093,24662023,97300149,58666537,7976035,16685988,17472470,79827679
Bangladesh,2094,24505247,96484728,58632905,7925190,16580057,17348086,79136642
Bangladesh,2095,24347345,95674887,58590385,7873816,16473529,17224004,78450883
Bangladesh,2096,24199912,94929593,58469971,7833038,16366874,17120869,77808724
Bangladesh,2097,24052280,94196061,58336635,7788927,16263353,17014889,77181172
Bangladesh,2098,23904431,93469505,58196717,7741971,16162460,16905299,76564206
Bangladesh,2099,23756679,92745850,58055508,7693496,16063183,16792232,75953618
Bangladesh,2100,23608937,92023522,57916206,7645515,15963422,16677946,75345576
Barbados,1950,70001,128994,11997,26000,44001,36999,91995
Barbados,1951,71781,131159,12763,27470,44311,37580,93579
Barbados,1952,73422,132679,13535,28524,44898,37917,94762
Barbados,1953,75265,133335,14209,29508,45757,37890,95445
Barbados,1954,77267,133258,14735,30352,46915,37538,95720
Barbados,1955,79200,132699,15174,30898,48302,37004,95695
Barbados,1956,81181,132008,15161,31196,49985,36324,95684
Barbados,1957,83237,130803,15172,31600,51637,35671,95132
Barbados,1958,85116,129436,15278,31941,53175,35273,94163
Barbados,1959,86677,128196,15476,32181,54496,35309,92887
Barbados,1960,87942,127267,15730,32396,55546,35865,91402
Barbados,1961,89069,126638,15971,33027,56042,35882,90756
Barbados,1962,90018,126402,16166,33301,56717,36155,90247
Barbados,1963,90805,126425,16357,33277,57528,36691,89734
Barbados,1964,91451,126498,16598,32995,58456,37455,89043
Barbados,1965,91920,126532,16922,32493,59427,38476,88056
Barbados,1966,91746,126917,17381,31830,59916,39754,87163
Barbados,1967,91216,127471,17934,30596,60620,41182,86289
Barbados,1968,90434,128221,18544,29053,61381,42721,85500
Barbados,1969,89562,129202,19149,27538,62024,44280,84922
Barbados,1970,88662,130464,19722,26252,62410,45844,84620
Barbados,1971,86196,133495,20344,24402,61794,47340,86155
Barbados,1972,84107,136236,21098,23359,60748,48520,87716
Barbados,1973,82135,138780,22061,22810,59325,49553,89227
Barbados,1974,79959,141378,23202,22371,57588,50596,90782
Barbados,1975,77549,144106,24379,21964,55585,51664,92442
Barbados,1976,76858,145663,24923,22918,53940,52732,92931
Barbados,1977,75822,147588,25374,22957,52865,53740,93848
Barbados,1978,74957,149285,25790,22523,52434,54470,94815
Barbados,1979,74729,150260,26188,22138,52591,54720,95540
Barbados,1980,75090,150557,26547,21971,53119,54521,96036
Barbados,1981,73204,153088,26788,20786,52418,54801,98287
Barbados,1982,71975,155015,26851,20545,51430,54579,100436
Barbados,1983,71046,156691,26781,20846,50200,54061,102630
Barbados,1984,69969,158573,26651,21146,48823,53503,105070
Barbados,1985,68614,160829,26481,21178,47436,53031,107798
Barbados,1986,67642,162647,26447,21683,45959,52385,110262
Barbados,1987,66297,164919,26395,21646,44651,51877,113042
Barbados,1988,64810,167382,26335,21239,43571,51427,115955
Barbados,1989,63555,169619,26284,20795,42760,50894,118725
Barbados,1990,62692,171421,26261,20525,42167,50205,121216
Barbados,1991,61776,172881,26618,20153,41623,48942,123939
Barbados,1992,61276,173880,27028,19946,41330,47588,126292
Barbados,1993,61038,174595,27456,19862,41176,46210,128385
Barbados,1994,60834,175301,27880,19775,41059,44885,130416
Barbados,1995,60553,176117,28289,19623,40930,43657,132460
Barbados,1996,60314,176844,28784,19525,40789,42510,134334
Barbados,1997,59991,177653,29301,19331,40660,41493,136160
Barbados,1998,59650,178451,29849,19089,40561,40655,137796
Barbados,1999,59379,179094,30449,18876,40503,40032,139062
Barbados,2000,59209,179533,31105,18703,40506,39625,139908
Barbados,2001,58445,180904,31336,18277,40168,39537,141367
Barbados,2002,57907,182031,31540,18125,39782,39460,142571
Barbados,2003,57517,183009,31732,18136,39381,39362,143647
Barbados,2004,57158,184013,31920,18164,38994,39221,144792
Barbados,2005,56794,185100,32115,18123,38671,39024,146076
Barbados,2006,56513,186023,32503,18157,38356,38739,147284
Barbados,2007,56202,187019,32929,18070,38132,38425,148594
Barbados,2008,55912,187969,33438,17906,38006,38101,149868
Barbados,2009,55736,188665,34069,17750,37986,37779,150886
Barbados,2010,55691,189028,34850,17641,38050,37487,151541
Barbados,2011,55326,189564,35711,17395,37931,37327,152237
Barbados,2012,55154,189739,36692,17318,37836,37154,152585
Barbados,2013,55106,189604,37799,17348,37758,36970,152634
Barbados,2014,55088,189305,38992,17387,37701,36785,152520
Barbados,2015,55041,188920,40256,17361,37680,36609,152311
Barbados,2016,54745,188785,41466,17292,37453,36537,152248
Barbados,2017,54460,188538,42721,17222,37238,36435,152103
Barbados,2018,54195,188136,44057,17139,37056,36312,151824
Barbados,2019,53988,187523,45499,17054,36934,36189,151334
Barbados,2020,53846,186679,47043,16967,36879,36077,150602
Barbados,2021,53467,186043,48561,16815,36652,36081,149962
Barbados,2022,53191,185192,50146,16734,36457,36063,149129
Barbados,2023,52998,184142,51788,16697,36301,36013,148129
Barbados,2024,52847,182948,53466,16664,36183,35929,147019
Barbados,2025,52718,181665,55155,16602,36116,35815,145850
Barbados,2026,52369,180684,56704,16490,35879,35765,144919
Barbados,2027,52084,179592,58232,16420,35664,35648,143944
Barbados,2028,51853,178418,59733,16368,35485,35484,142934
Barbados,2029,51667,177215,61158,16319,35348,35296,141919
Barbados,2030,51527,176019,62464,16256,35271,35113,140906
Barbados,2031,51188,175248,63502,16145,35043,35029,140219
Barbados,2032,50919,174488,64384,16080,34839,34917,139571
Barbados,2033,50719,173689,65191,16048,34671,34777,138912
Barbados,2034,50566,172800,65989,16017,34549,34617,138183
Barbados,2035,50450,171781,66819,15969,34481,34443,137338
Barbados,2036,50141,171042,67515,15878,34263,34350,136692
Barbados,2037,49907,170179,68210,15830,34077,34218,135961
Barbados,2038,49731,169231,68892,15805,33926,34055,135176
Barbados,2039,49605,168265,69497,15783,33822,33872,134393
Barbados,2040,49513,167338,69992,15744,33769,33692,133646
Barbados,2041,49236,166783,70274,15661,33575,33589,133194
Barbados,2042,49027,166256,70425,15614,33413,33459,132797
Barbados,2043,48880,165708,70507,15591,33289,33308,132400
Barbados,2044,48778,165088,70594,15567,33211,33146,131942
Barbados,2045,48709,164355,70735,15526,33183,32982,131373
Barbados,2046,48446,163834,70844,15436,33010,32891,130943
Barbados,2047,48252,163215,70971,15383,32869,32772,130443
Barbados,2048,48107,162522,71104,15349,32758,32636,129886
Barbados,2049,48007,161809,71208,15319,32688,32493,129316
Barbados,2050,47937,161111,71262,15270,32667,32351,128760
Barbados,2051,47673,160705,71226,15173,32500,32278,128427
Barbados,2052,47474,160305,71107,15118,32356,32181,128124
Barbados,2053,47325,159897,70954,15083,32242,32072,127825
Barbados,2054,47216,159437,70829,15054,32162,31954,127483
Barbados,2055,47133,158899,70760,15006,32127,31838,127061
Barbados,2056,46867,158554,70701,14914,31953,31783,126771
Barbados,2057,46653,158139,70659,14853,31800,31706,126433
Barbados,2058,46487,157666,70636,14813,31674,31611,126055
Barbados,2059,46362,157157,70636,14775,31587,31508,125649
Barbados,2060,46266,156624,70645,14726,31540,31398,125226
Barbados,2061,45999,156341,70591,14635,31364,31345,124996
Barbados,2062,45797,156036,70511,14585,31212,31267,124769
Barbados,2063,45639,155676,70458,14556,31083,31166,124510
Barbados,2064,45517,155240,70463,14531,30986,31052,124188
Barbados,2065,45417,154712,70548,14491,30926,30932,123780
Barbados,2066,45170,154389,70590,14415,30755,30868,123521
Barbados,2067,44974,153991,70673,14369,30605,30778,123213
Barbados,2068,44821,153512,70801,14337,30484,30668,122844
Barbados,2069,44703,152983,70963,14308,30395,30546,122437
Barbados,2070,44606,152396,71167,14267,30339,30418,121978
Barbados,2071,44383,152061,71256,14194,30189,30347,121714
Barbados,2072,44211,151694,71344,14155,30056,30252,121442
Barbados,2073,44079,151254,71466,14132,29947,30139,121115
Barbados,2074,43974,150748,71635,14108,29866,30011,120737
Barbados,2075,43885,150170,71871,14071,29814,29879,120291
Barbados,2076,43677,149847,71973,14004,29673,29807,120040
Barbados,2077,43512,149463,72096,13962,29550,29715,119748
Barbados,2078,43382,149025,72243,13933,29449,29609,119416
Barbados,2079,43275,148528,72431,13901,29374,29490,119038
Barbados,2080,43181,147957,72674,13856,29325,29363,118594
Barbados,2081,42981,147663,72751,13784,29197,29304,118359
Barbados,2082,42824,147316,72829,13740,29084,29227,118089
Barbados,2083,42693,146912,72944,13708,28985,29132,117780
Barbados,2084,42577,146433,73118,13674,28903,29023,117410
Barbados,2085,42470,145881,73355,13627,28843,28906,116975
Barbados,2086,42271,145610,73401,13558,28713,28856,116754
Barbados,2087,42109,145287,73457,13514,28595,28784,116503
Barbados,2088,41977,144908,73551,13484,28493,28698,116210
Barbados,2089,41850,144462,73686,13451,28399,28600,115862
Barbados,2090,41734,143943,73888,13404,28330,28489,115454
Barbados,2091,41544,143695,73887,13341,28203,28442,115253
Barbados,2092,41385,143412,73898,13300,28085,28377,115035
Barbados,2093,41247,143057,73949,13269,27978,28293,114764
Barbados,2094,41124,142624,74056,13237,27887,28192,114432
Barbados,2095,40999,142112,74246,13190,27809,28080,114032
Barbados,2096,40818,141884,74219,13133,27685,28027,113857
Barbados,2097,40665,141591,74209,13094,27571,27951,113640
Barbados,2098,40534,141249,74245,13064,27470,27862,113387
Barbados,2099,40413,140831,74336,13035,27378,27756,113075
Barbados,2100,40292,140329,74505,12991,27301,27638,112691
Belarus,1950,2044701,5033693,666608,659154,1385547,1572259,3461434
Belarus,1951,2016182,5030776,670114,712117,1304065,1567464,3463312
Belarus,1952,1974338,5059994,675755,736300,1238038,1566655,3493339
Belarus,1953,1944161,5098512,680559,753724,1190437,1562125,3536387
Belarus,1954,1942865,5129833,682363,776409,1166456,1547404,3582429
Belarus,1955,1975366,5147757,680414,811730,1163636,1520096,3627661
Belarus,1956,2021978,5158210,685796,842244,1179734,1483243,3674967
Belarus,1957,2096625,5154293,688204,879534,1217091,1436050,3718243
Belarus,1958,2187659,5143222,688303,917514,1270145,1382214,3761008
Belarus,1959,2278411,5136824,686963,947730,1330681,1326961,3809863
Belarus,1960,2358297,5141666,684668,964560,1393737,1274001,3867665
Belarus,1961,2434508,5142517,687117,976677,1457831,1220621,3921896
Belarus,1962,2492554,5158663,689019,967338,1525216,1170427,3988236
Belarus,1963,2535691,5187169,691655,942016,1593675,1129194,4057975
Belarus,1964,2570831,5222460,696639,910633,1660198,1105026,4117434
Belarus,1965,2600828,5262636,704990,879868,1720960,1103095,4159541
Belarus,1966,2607819,5319110,723389,831532,1776287,1126000,4193110
Belarus,1967,2610051,5379455,744536,793109,1816942,1170282,4209173
Belarus,1968,2604409,5446127,767406,763794,1840615,1231395,4214732
Belarus,1969,2588047,5521432,790212,741579,1846468,1301352,4220080
Belarus,1970,2561450,5604515,811674,724724,1836726,1373873,4230642
Belarus,1971,2513624,5699238,838356,707818,1805806,1441431,4257807
Belarus,1972,2469889,5789106,861969,709380,1760509,1503216,4285890
Belarus,1973,2429202,5873905,884568,722368,1706834,1556717,4317188
Belarus,1974,2389447,5954714,908517,736724,1652723,1601062,4353652
Belarus,1975,2349180,6033174,934601,745043,1604137,1637020,4396154
Belarus,1976,2320456,6099144,960852,766523,1553933,1670941,4428203
Belarus,1977,2281848,6172377,988776,767628,1514220,1697441,4474936
Belarus,1978,2240641,6250565,1014246,755370,1485271,1714310,4536255
Belarus,1979,2208940,6328496,1031447,743211,1465729,1717185,4611311
Belarus,1980,2193535,6402304,1038049,741807,1451728,1704508,4697796
Belarus,1981,2190173,6473956,1036116,741345,1448828,1691093,4782863
Belarus,1982,2203926,6538745,1024589,752694,1451232,1662515,4876230
Belarus,1983,2228829,6596472,1009123,772509,1456320,1624038,4972434
Belarus,1984,2254177,6648884,997984,792077,1462100,1583756,5065128
Belarus,1985,2274227,6696014,995913,805277,1468950,1547038,5148976
Belarus,1986,2302952,6722792,1004324,822260,1480692,1509515,5213277
Belarus,1987,2324674,6747939,1019020,828762,1495912,1475350,5272589
Belarus,1988,2338242,6769175,1039215,825040,1513202,1446290,5322885
Belarus,1989,2344174,6781582,1063859,812486,1531688,1423187,5358395
Belarus,1990,2341812,6782574,1092460,792021,1549791,1406930,5375644
Belarus,1991,2334384,6763923,1128186,766293,1568091,1403039,5360884
Belarus,1992,2314020,6738991,1166907,728738,1585282,1406947,5332044
Belarus,1993,2282498,6712949,1205063,684181,1598317,1417046,5295903
Belarus,1994,2242990,6692681,1237684,639242,1603748,1430192,5262489
Belarus,1995,2197541,6682512,1262255,598056,1599485,1444315,5238197
Belarus,1996,2127507,6692100,1289465,543661,1583846,1459032,5233068
Belarus,1997,2061393,6705510,1306158,509007,1552386,1471328,5234182
Belarus,1998,1994314,6722182,1316565,488596,1505718,1483337,5238845
Belarus,1999,1920928,6739037,1326968,474029,1446899,1497144,5241893
Belarus,2000,1840724,6752288,1340597,459576,1381148,1512729,5239559
Belarus,2001,1768030,6740993,1363938,455765,1312265,1524731,5216262
Belarus,2002,1692300,6725558,1389274,451030,1241270,1536167,5189391
Belarus,2003,1618130,6710554,1411370,446147,1171983,1543918,5166636
Belarus,2004,1552909,6701827,1422166,444398,1108511,1543231,5158596
Belarus,2005,1500778,6702987,1417778,448326,1052452,1531788,5171199
Belarus,2006,1463871,6700609,1410563,461117,1002754,1516181,5184428
Belarus,2007,1435132,6710693,1391039,472193,962939,1492693,5218000
Belarus,2008,1415967,6726250,1365114,482978,932989,1461721,5264529
Belarus,2009,1406390,6738478,1341371,494671,911719,1423898,5314580
Belarus,2010,1406326,6741880,1324865,508873,897453,1379478,5362402
Belarus,2011,1419395,6725537,1323568,527008,892387,1322549,5402988
Belarus,2012,1440877,6702309,1328544,543211,897666,1259060,5443249
Belarus,2013,1469235,6671730,1337937,557587,911648,1192949,5478781
Belarus,2014,1500421,6635549,1348881,568884,931537,1130005,5505544
Belarus,2015,1530618,6595336,1359818,575885,954733,1074027,5521309
Belarus,2016,1559840,6539456,1380746,579397,980443,1023614,5515842
Belarus,2017,1585156,6481937,1401245,577059,1008097,980719,5501218
Belarus,2018,1606584,6423296,1422233,570407,1036177,946345,5476951
Belarus,2019,1625146,6363525,1445203,562139,1063007,921098,5442427
Belarus,2020,1641129,6303249,1471053,553930,1087199,905272,5397977
Belarus,2021,1647039,6239290,1510721,538889,1108150,899833,5339457
Belarus,2022,1652517,6174695,1550718,529941,1122576,903961,5270734
Belarus,2023,1654947,6112745,1589989,524735,1130212,916232,5196513
Belarus,2024,1651292,6057133,1627215,519464,1131828,934317,5122816
Belarus,2025,1640469,6009280,1661631,511380,1129089,956237,5053043
Belarus,2026,1626516,5957921,1700456,504052,1122464,981273,4976648
Belarus,2027,1605460,5915029,1736023,493889,1111571,1009627,4905402
Belarus,2028,1579330,5879682,1767496,481802,1097528,1038932,4840750
Belarus,2029,1551882,5850208,1793176,470155,1081727,1066033,4784175
Belarus,2030,1525420,5825490,1812208,460585,1064835,1088763,4736727
Belarus,2031,1498760,5799547,1831899,451489,1047271,1107202,4692345
Belarus,2032,1473984,5778055,1844610,445020,1028964,1120481,4657574
Belarus,2033,1451127,5759423,1852210,440990,1010137,1128580,4630843
Belarus,2034,1429563,5741564,1857799,438639,990924,1131931,4609633
Belarus,2035,1409257,5722593,1863576,437538,971719,1130791,4591802
Belarus,2036,1392618,5696781,1873031,438848,953770,1125301,4571480
Belarus,2037,1378242,5669797,1881971,441274,936968,1115014,4554783
Belarus,2038,1366353,5641274,1890670,444566,921787,1100881,4540393
Belarus,2039,1357304,5611448,1898625,448580,908724,1084457,4526991
Belarus,2040,1351348,5580551,1905438,453293,898055,1066915,4513636
Belarus,2041,1350868,5542828,1914522,460369,890499,1048732,4494096
Belarus,2042,1352586,5504977,1922461,466292,886294,1030190,4474787
Belarus,2043,1356660,5466021,1929932,471335,885325,1011511,4454510
Belarus,2044,1362832,5424536,1938425,475745,887087,992785,4431751
Belarus,2045,1370545,5379652,1949210,479685,890860,974188,4405464
Belarus,2046,1380083,5326725,1966571,483324,896759,956337,4370388
Belarus,2047,1390283,5272830,1984567,485651,904632,939435,4333395
Belarus,2048,1400663,5218035,2003452,486827,913836,924060,4293975
Belarus,2049,1410446,5162614,2023551,486905,923541,911020,4251594
Belarus,2050,1418906,5107036,2044956,485856,933050,900843,4206193
Belarus,2051,1425112,5047559,2072292,482803,942309,893783,4153776
Belarus,2052,1429920,4989488,2099358,479415,950505,889787,4099701
Belarus,2053,1432881,4935041,2124325,475617,957264,888685,4046356
Belarus,2054,1433617,4887094,2144647,471290,962327,890115,3996979
Belarus,2055,1431891,4847151,2159034,466262,965629,893679,3953472
Belarus,2056,1427234,4812169,2170983,459797,967437,899627,3912542
Belarus,2057,1420758,4785482,2176076,453964,966794,907654,3877828
Belarus,2058,1412354,4766655,2174907,448553,963801,917004,3849651
Belarus,2059,1402193,4754889,2168213,443393,958800,926640,3828249
Belarus,2060,1390573,4749203,2156773,438335,952238,935733,3813470
Belarus,2061,1378507,4748094,2141118,433572,944935,944700,3803394
Belarus,2062,1365723,4753233,2119918,429562,936161,952952,3800281
Belarus,2063,1352415,4762456,2095247,426181,926234,959952,3802504
Belarus,2064,1339020,4773061,2069507,423396,915624,965153,3807908
Belarus,2065,1325972,4783094,2044334,421212,904760,968174,3814920
Belarus,2066,1315012,4791548,2019067,420372,894640,969577,3821971
Belarus,2067,1304789,4799664,1993896,419903,884886,968795,3830869
Belarus,2068,1295565,4806272,1969809,419830,875735,965914,3840358
Belarus,2069,1287538,4809936,1948188,420193,867345,961163,3848773
Belarus,2070,1280774,4809410,1930301,421034,859740,954691,3854719
Belarus,2071,1276826,4803753,1915587,423071,853755,947163,3856590
Belarus,2072,1274208,4794963,1903600,425046,849162,938256,3856707
Belarus,2073,1272839,4782585,1894881,426954,845885,928297,3854288
Belarus,2074,1272445,4766426,1889915,428717,843728,917794,3848632
Belarus,2075,1272750,4746443,1889060,430299,842451,907144,3839299
Belarus,2076,1274822,4721640,1892225,432220,842602,896965,3824675
Belarus,2077,1277396,4694671,1898040,433507,843889,887155,3807516
Belarus,2078,1280298,4666430,1905781,434238,846060,877927,3788503
Belarus,2079,1283214,4638246,1914424,434473,848741,869510,3768736
Belarus,2080,1285735,4610781,1923692,434204,851531,862036,3748745
Belarus,2081,1288080,4583213,1934157,433294,854786,856053,3727160
Belarus,2082,1290134,4558233,1943210,432128,858006,851441,3706792
Belarus,2083,1291581,4535559,1951377,430665,860916,848119,3687440
Belarus,2084,1292023,4514523,1959639,428801,863222,845917,3668606
Belarus,2085,1291086,4494346,1969073,426398,864688,844613,3649733
Belarus,2086,1289502,4476329,1977590,423426,866076,844986,3631343
Belarus,2087,1287027,4460900,1984937,420574,866453,846470,3614430
Belarus,2088,1283373,4447453,1991912,417696,865677,848682,3598771
Belarus,2089,1278422,4435530,1998986,414672,863750,851153,3584377
Belarus,2090,1272181,4424771,2006404,411405,860776,853528,3571243
Belarus,2091,1266386,4418401,2009128,408336,858050,856937,3561464
Belarus,2092,1259794,4413912,2010847,405500,854294,860281,3553631
Belarus,2093,1252409,4410494,2012310,402836,849573,863221,3547273
Belarus,2094,1244369,4407282,2014184,400306,844063,865381,3541901
Belarus,2095,1235840,4403679,2016847,397867,837973,866504,3537175
Belarus,2096,1229111,4403862,2013780,396301,832810,867919,3535943
Belarus,2097,1222232,4403760,2010914,394999,827233,868257,3535503
Belarus,2098,1215349,4402662,2008741,393972,821377,867459,3535203
Belarus,2099,1208721,4399774,2007695,393312,815409,865523,3534251
Belarus,2100,1202643,4394311,2008186,393206,809437,862426,3531885
Belgium,1950,1814450,5872878,950191,696819,1117631,1277295,4595583
Belgium,1951,1837464,5877511,965191,718826,1118638,1259389,4618122
Belgium,1952,1845271,5901704,981011,709972,1135299,1248621,4653083
Belgium,1953,1863948,5920962,994363,700039,1163909,1238252,4682710
Belgium,1954,1898876,5928879,1004942,697323,1201553,1223936,4704943
Belgium,1955,1944265,5929098,1013911,701535,1242730,1204954,4724144
Belgium,1956,1972475,5937683,1032246,684017,1288458,1188035,4749648
Belgium,1957,2020872,5930245,1046724,691511,1329361,1166076,4764169
Belgium,1958,2074980,5918947,1059709,711993,1362987,1144939,4774008
Belgium,1959,2121450,5915278,1073339,733949,1387501,1132026,4783252
Belgium,1960,2155284,5923555,1088526,749685,1405599,1131261,4792294
Belgium,1961,2193625,5922716,1109066,773033,1420592,1141585,4781131
Belgium,1962,2216980,5936651,1129909,785701,1431279,1163678,4772973
Belgium,1963,2229576,5960007,1150832,788782,1440794,1194464,4765543
Belgium,1964,2239687,5983405,1171200,787090,1452597,1228657,4754748
Belgium,1965,2250815,6002258,1190866,783725,1467090,1262802,4739456
Belgium,1966,2262449,6011057,1215247,779125,1483324,1299202,4711855
Belgium,1967,2269720,6021013,1238309,767537,1502183,1337168,4683845
Belgium,1968,2273422,6032604,1259569,751816,1521606,1374101,4658503
Belgium,1969,2273236,6048025,1278390,734880,1538356,1406732,4641293
Belgium,1970,2268883,6068765,1294532,718858,1550025,1433090,4635675
Belgium,1971,2254659,6091623,1317042,696016,1558643,1454634,4636989
Belgium,1972,2240488,6117574,1334784,681318,1559170,1468149,4649425
Belgium,1973,2223717,6148025,1349019,672023,1551694,1477162,4670863
Belgium,1974,2201104,6184514,1361402,663633,1537471,1487398,4697116
Belgium,1975,2171764,6227174,1372648,653007,1518757,1502049,4725125
Belgium,1976,2141702,6261249,1391826,645161,1496541,1519076,4742173
Belgium,1977,2104966,6301186,1410544,633963,1471003,1540140,4761046
Belgium,1978,2064294,6347029,1425491,620778,1443516,1562063,4784966
Belgium,1979,2024334,6398723,1431320,608831,1415503,1579627,4819096
Belgium,1980,1987786,6455627,1425582,600252,1387534,1589528,4866099
Belgium,1981,1951904,6508427,1420261,592876,1359028,1590588,4917839
Belgium,1982,1921513,6565004,1403307,589780,1331733,1584411,4980593
Belgium,1983,1895752,6620059,1382069,589796,1305956,1571706,5048353
Belgium,1984,1872320,6666913,1367138,590463,1281857,1554141,5112772
Belgium,1985,1850251,6701843,1364484,590433,1259818,1533027,5168816
Belgium,1986,1835122,6712383,1381037,594222,1240900,1509501,5202882
Belgium,1987,1819567,6714701,1408021,593748,1225819,1483520,5231181
Belgium,1988,1805716,6712334,1440970,590824,1214892,1455967,5256367
Belgium,1989,1796629,6710579,1472968,588765,1207864,1428199,5282380
Belgium,1990,1793781,6712632,1500131,589974,1203807,1401248,5311384
Belgium,1991,1791718,6716624,1531103,590368,1201350,1377932,5338692
Belgium,1992,1796897,6723632,1557572,595248,1201649,1354779,5368853
Belgium,1993,1806860,6731286,1580528,602808,1204052,1331722,5399564
Belgium,1994,1816545,6737532,1601842,608834,1207711,1309192,5428340
Belgium,1995,1822250,6741481,1622574,609858,1212392,1287842,5453639
Belgium,1996,1824623,6735554,1648098,608912,1215711,1270130,5465424
Belgium,1997,1821178,6730772,1671839,602294,1218884,1255351,5475421
Belgium,1998,1814240,6728994,1694065,591939,1222301,1243611,5485383
Belgium,1999,1808303,6732088,1714769,582142,1226161,1234962,5497126
Belgium,2000,1806122,6741693,1734218,576032,1230090,1229517,5512176
Belgium,2001,1799550,6764366,1755103,566153,1233397,1238603,5525763
Belgium,2002,1798255,6792025,1774605,564240,1234015,1249055,5542970
Belgium,2003,1800949,6825330,1792753,568511,1232438,1259269,5566061
Belgium,2004,1804894,6866073,1809150,575721,1229173,1268473,5597600
Belgium,2005,1808798,6914420,1823668,583493,1225305,1276507,5637913
Belgium,2006,1815736,6965057,1838774,593975,1221761,1290233,5674824
Belgium,2007,1822541,7025126,1850168,605096,1217445,1302752,5722374
Belgium,2008,1829746,7088730,1860697,615870,1213876,1312865,5775865
Belgium,2009,1837892,7147408,1874990,625324,1212568,1319550,5827858
Belgium,2010,1846759,7195856,1896124,632775,1213984,1322522,5873334
Belgium,2011,1862994,7230034,1920055,643367,1219627,1329222,5900812
Belgium,2012,1876174,7257202,1950174,646870,1229304,1333531,5923671
Belgium,2013,1888577,7278949,1983986,645817,1242760,1334327,5944622
Belgium,2014,1902706,7299144,2017311,644205,1258501,1331337,5967807
Belgium,2015,1919419,7320628,2047893,644952,1274467,1325250,5995378
Belgium,2016,1934473,7337530,2086376,642735,1291738,1320228,6017302
Belgium,2017,1953839,7352967,2122530,646514,1307325,1313277,6039690
Belgium,2018,1974791,7366412,2157316,654124,1320667,1305849,6060563
Belgium,2019,1992661,7377098,2193025,661139,1331522,1300395,6076703
Belgium,2020,2004524,7383976,2231472,664016,1340508,1298480,6085496
Belgium,2021,2012842,7379896,2276417,666645,1346197,1300280,6079616
Belgium,2022,2015225,7373977,2322134,665657,1349568,1306611,6067366
Belgium,2023,2013068,7366065,2369424,661590,1351478,1315987,6050078
Belgium,2024,2009589,7355584,2418686,656669,1352920,1326018,6029566
Belgium,2025,2006658,7342672,2470157,652520,1354138,1335240,6007432
Belgium,2026,2003083,7329376,2523648,647685,1355398,1346911,5982465
Belgium,2027,2000432,7314742,2578005,644704,1355728,1358054,5956688
Belgium,2028,1998105,7299491,2632699,643157,1354948,1368000,5931491
Belgium,2029,1994676,7284928,2687029,641853,1352823,1376199,5908729
Belgium,2030,1989390,7271561,2740643,639916,1349474,1382314,5889247
Belgium,2031,1984599,7261109,2789492,638516,1346083,1389200,5871909
Belgium,2032,1978683,7252794,2836298,637103,1341580,1393697,5859097
Belgium,2033,1972090,7245876,2881384,635708,1336382,1395988,5849888
Belgium,2034,1965653,7239155,2925162,634714,1330939,1396656,5842499
Belgium,2035,1959836,7231748,2968079,634336,1325500,1396144,5835604
Belgium,2036,1956466,7229084,3002890,634983,1321483,1398068,5831016
Belgium,2037,1954097,7226636,3035533,636600,1317497,1398930,5827706
Belgium,2038,1952594,7223667,3066864,638875,1313719,1398343,5825324
Belgium,2039,1951619,7219784,3097603,641313,1310306,1395943,5823841
Belgium,2040,1950985,7214711,3128184,643579,1307406,1391658,5823053
Belgium,2041,1953645,7213365,3150732,647176,1306469,1389235,5824130
Belgium,2042,1956606,7212100,3171899,650271,1306335,1385397,5826703
Belgium,2043,1960096,7210292,3192081,652931,1307165,1380329,5829963
Belgium,2044,1964144,7206759,3212438,655273,1308871,1374388,5832371
Belgium,2045,1968430,7200308,3234505,657297,1311133,1367864,5832444
Belgium,2046,1974925,7197192,3250077,659658,1315267,1364557,5832635
Belgium,2047,1981683,7193001,3265510,661787,1319896,1361133,5831868
Belgium,2048,1988379,7187208,3281645,663587,1324792,1357486,5829722
Belgium,2049,1994530,7179834,3298884,664907,1329623,1353691,5826143
Belgium,2050,1999714,7170924,3317595,665573,1334141,1349913,5821011
Belgium,2051,2005730,7167304,3329167,666036,1339694,1349842,5817462
Belgium,2052,2011227,7164060,3339948,666620,1344607,1350218,5813842
Belgium,2053,2015930,7160588,3350909,667084,1348846,1350874,5809714
Belgium,2054,2019469,7155909,3363488,667114,1352355,1351676,5804233
Belgium,2055,2021485,7149156,3379064,666400,1355085,1352527,5796629
Belgium,2056,2024052,7146724,3389208,665687,1358365,1356815,5789909
Belgium,2057,2025638,7144322,3399807,664914,1360724,1361550,5782772
Belgium,2058,2026169,7142191,3410831,663973,1362196,1366236,5775955
Belgium,2059,2025609,7140865,3421901,662798,1362811,1370316,5770549
Belgium,2060,2023811,7140235,3433395,661270,1362541,1373424,5766811
Belgium,2061,2022955,7147512,3435982,659996,1362959,1379054,5768458
Belgium,2062,2021686,7157417,3436366,659159,1362527,1384088,5773329
Belgium,2063,2019821,7168250,3436497,658539,1361282,1388133,5780117
Belgium,2064,2017154,7177939,3438733,657873,1359281,1390909,5787030
Belgium,2065,2013520,7184801,3444974,656934,1356586,1392257,5792544
Belgium,2066,2011914,7197674,3443428,656815,1355099,1395807,5801867
Belgium,2067,2010112,7210037,3442866,656932,1353180,1398329,5811708
Belgium,2068,2008039,7220258,3444971,657124,1350915,1399551,5820707
Belgium,2069,2005621,7226477,3451648,657272,1348349,1399326,5827151
Belgium,2070,2002708,7227254,3464441,657237,1345471,1397595,5829659
Belgium,2071,2002597,7232759,3469909,658225,1344372,1398183,5834576
Belgium,2072,2002642,7234978,3478704,659349,1343293,1397797,5837181
Belgium,2073,2002670,7233671,3491171,660440,1342230,1396255,5837416
Belgium,2074,2002387,7229090,3507292,661282,1341105,1393501,5835589
Belgium,2075,2001455,7221086,3527481,661674,1339781,1389537,5831549
Belgium,2076,2003379,7220475,3537406,662965,1340414,1388213,5832262
Belgium,2077,2005202,7219098,3548187,664023,1341179,1386313,5832785
Belgium,2078,2006760,7215954,3560989,664772,1341988,1383723,5832231
Belgium,2079,2007789,7209733,3577427,665148,1342641,1380402,5829331
Belgium,2080,2007890,7199171,3599175,665028,1342862,1376316,5822855
Belgium,2081,2010341,7196395,3610830,665453,1344888,1375350,5821045
Belgium,2082,2012635,7192471,3623810,665932,1346703,1374288,5818183
Belgium,2083,2014362,7186638,3639293,666236,1348126,1372894,5813744
Belgium,2084,2015030,7178351,3658311,666082,1348948,1371009,5807342
Belgium,2085,2014190,7166942,3681980,665200,1348990,1368516,5798426
Belgium,2086,2015553,7164980,3694011,664904,1350649,1369254,5795726
Belgium,2087,2016229,7163085,3706658,664431,1351798,1370048,5793037
Belgium,2088,2016000,7160293,3721086,663666,1352334,1370574,5789719
Belgium,2089,2014612,7155298,3738850,662518,1352094,1370487,5784811
Belgium,2090,2011681,7146594,3761825,660827,1350854,1369469,5777125
Belgium,2091,2011138,7148592,3771632,659806,1351332,1371578,5777014
Belgium,2092,2010112,7150221,3782196,658977,1351135,1373410,5776811
Belgium,2093,2008169,7149959,3795406,658089,1350080,1374539,5775420
Belgium,2094,2004928,7146544,3812883,656880,1348048,1374628,5771916
Belgium,2095,2000090,7138976,3835845,655107,1344983,1373465,5765511
Belgium,2096,1998413,7143182,3843569,654443,1343970,1375285,5767897
Belgium,2097,1996086,7146096,3852882,653767,1342319,1376425,5769671
Belgium,2098,1992967,7146567,3865014,652949,1340018,1376612,5769955
Belgium,2099,1988959,7143322,3881278,651934,1337025,1375609,5767713
Belgium,2100,1983903,7134866,3903264,650688,1333215,1373194,5761672
Belize,1950,26580,39835,2504,10858,15722,13236,26599
Belize,1951,28164,40445,2632,12076,16088,13350,27095
Belize,1952,29896,40791,2740,13484,16412,13378,27413
Belize,1953,31566,41146,2848,14737,16829,13424,27722
Belize,1954,33138,41595,2954,15722,17416,13525,28070
Belize,1955,34641,42154,3075,16428,18213,13684,28470
Belize,1956,36313,42632,3196,17220,19093,13729,28903
Belize,1957,37810,43363,3336,17592,20218,13864,29499
Belize,1958,39183,44285,3488,17689,21494,14077,30208
Belize,1959,40468,45369,3653,17692,22776,14366,31003
Belize,1960,41684,46561,3819,17826,23858,14737,31824
Belize,1961,43474,47271,3958,18341,25133,15031,32240
Belize,1962,45113,48174,4097,18603,26510,15436,32738
Belize,1963,46713,49210,4241,18785,27928,15957,33253
Belize,1964,48332,50361,4376,19010,29322,16609,33752
Belize,1965,49981,51629,4509,19342,30639,17398,34231
Belize,1966,51591,53084,4672,19595,31996,18286,34798
Belize,1967,53263,54605,4824,20041,33222,19293,35312
Belize,1968,54901,56189,4971,20616,34285,20400,35789
Belize,1969,56364,57790,5107,21194,35170,21568,36222
Belize,1970,57568,59369,5245,21667,35901,22748,36621
Belize,1971,59087,60274,5432,22292,36795,23612,36662
Belize,1972,60435,61119,5596,22868,37567,24545,36574
Belize,1973,61597,61939,5758,23358,38239,25553,36386
Belize,1974,62607,62784,5916,23736,38871,26626,36158
Belize,1975,63488,63692,6080,23992,39496,27750,35942
Belize,1976,64291,64668,6188,24278,40013,27937,36731
Belize,1977,64915,65785,6289,24269,40646,28202,37583
Belize,1978,65439,67151,6375,24126,41313,28657,38494
Belize,1979,66103,68763,6439,24118,41985,29332,39431
Belize,1980,67108,70573,6474,24468,42640,30224,40349
Belize,1981,67866,73117,6583,24723,43143,31708,41409
Belize,1982,69120,75701,6679,25482,43638,33113,42588
Belize,1983,70715,78352,6755,26587,44128,34424,43928
Belize,1984,72351,81166,6830,27711,44640,35629,45537
Belize,1985,73847,84176,6898,28613,45234,36719,47457
Belize,1986,75730,86806,7032,29711,46019,37248,49558
Belize,1987,77398,89741,7181,30264,47134,37758,51983
Belize,1988,78885,92784,7359,30402,48483,38231,54553
Belize,1989,80258,95667,7544,30384,49874,38666,57001
Belize,1990,81510,98296,7746,30399,51111,39102,59194
Belize,1991,82709,100404,8013,30388,52321,38804,61600
Belize,1992,83865,102153,8299,30405,53460,38544,63609
Belize,1993,85051,103941,8624,30504,54547,38563,65378
Belize,1994,86453,106237,8984,30800,55653,39040,67197
Belize,1995,88281,109314,9368,31513,56768,40051,69263
Belize,1996,90189,114097,9390,32746,57443,42513,71584
Belize,1997,92467,119713,9426,33960,58507,44959,74754
Belize,1998,95112,125680,9492,35187,59925,47180,78500
Belize,1999,97964,131485,9577,36329,61635,48989,82496
Belize,2000,100760,136891,9664,37202,63558,50368,86523
Belize,2001,103088,142199,9697,37713,65375,51782,90417
Belize,2002,105194,147309,9703,38065,67129,53140,94169
Belize,2003,107066,152399,9665,38245,68821,54518,97881
Belize,2004,108769,157723,9597,38292,70477,55950,101773
Belize,2005,110381,163412,9484,38262,72119,57411,106001
Belize,2006,111428,169388,9931,37928,73500,58787,110601
Belize,2007,112407,175587,10413,37735,74672,60225,115362
Belize,2008,113297,181919,10949,37681,75616,61762,120157
Belize,2009,114095,188269,11565,37738,76357,63397,124872
Belize,2010,114784,194536,12288,37810,76974,65075,129461
Belize,2011,115172,201526,12494,37530,77642,67161,134365
Belize,2012,115636,208361,12704,37761,77875,69095,139266
Belize,2013,116070,215176,12935,38302,77768,70890,144286
Belize,2014,116391,222102,13201,38917,77474,72561,149541
Belize,2015,116604,229166,13518,39454,77150,74085,155081
Belize,2016,117258,235740,13956,40298,76960,75478,160262
Belize,2017,117728,242518,14435,40880,76848,76790,165728
Belize,2018,118137,249343,14964,41262,76875,77932,171411
Belize,2019,118660,256029,15542,41587,77073,78803,177226
Belize,2020,119371,262464,16172,41947,77424,79343,183121
Belize,2021,120373,268455,16937,42308,78065,79709,188746
Belize,2022,121488,274281,17740,42625,78863,79814,194467
Belize,2023,122670,279944,18596,42907,79763,79719,200225
Belize,2024,123804,285522,19521,43128,80676,79524,205998
Belize,2025,124816,291046,20536,43262,81554,79309,211737
Belize,2026,125823,296355,21687,43268,82555,79198,217157
Belize,2027,126715,301613,22893,43280,83435,79089,222524
Belize,2028,127466,306856,24150,43276,84190,79036,227820
Belize,2029,128061,312123,25456,43239,84822,79121,233002
Belize,2030,128491,317428,26783,43140,85351,79380,238048
Belize,2031,128878,322633,28161,42962,85916,79962,242671
Belize,2032,129105,327888,29551,42809,86296,80750,247138
Belize,2033,129172,333170,30970,42664,86508,81669,251501
Belize,2034,129095,338433,32440,42516,86579,82601,255832
Belize,2035,128907,343619,33985,42350,86557,83457,260162
Belize,2036,128771,348597,35577,42176,86595,84396,264201
Belize,2037,128529,353517,37228,42033,86496,85278,268239
Belize,2038,128196,358390,38903,41908,86288,86072,272318
Belize,2039,127795,363236,40574,41794,86001,86748,276488
Belize,2040,127357,368038,42226,41685,85672,87276,280762
Belize,2041,127071,372633,43830,41610,85461,87800,284833
Belize,2042,126748,377208,45402,41552,85196,88182,289026
Belize,2043,126394,381699,46984,41502,84892,88424,293275
Belize,2044,126029,386028,48645,41462,84567,88534,297494
Belize,2045,125670,390145,50423,41424,84246,88518,301627
Belize,2046,125497,393896,52292,41416,84081,88530,305366
Belize,2047,125314,397477,54242,41412,83902,88441,309036
Belize,2048,125126,400875,56272,41410,83716,88259,312616
Belize,2049,124925,404092,58398,41397,83528,88002,316090
Belize,2050,124704,407112,60604,41359,83345,87679,319433
Belize,2051,124649,409786,62881,41329,83320,87436,322350
Belize,2052,124559,412315,65207,41283,83276,87162,325153
Belize,2053,124432,414686,67599,41221,83211,86865,327821
Belize,2054,124271,416868,70086,41144,83127,86546,330322
Belize,2055,124068,418855,72676,41043,83025,86210,332645
Belize,2056,123975,420541,75334,40920,83055,86004,334537
Belize,2057,123841,422083,78038,40813,83028,85806,336277
Belize,2058,123653,423484,80800,40709,82944,85618,337866
Belize,2059,123405,424744,83624,40592,82813,85428,339316
Belize,2060,123087,425868,86511,40444,82643,85229,340639
Belize,2061,122867,426734,89403,40284,82583,85154,341580
Belize,2062,122575,427536,92295,40126,82449,85096,342440
Belize,2063,122218,428253,95181,39965,82253,85029,343224
Belize,2064,121805,428886,98068,39800,82005,84945,343941
Belize,2065,121347,429436,100949,39627,81720,84821,344615
Belize,2066,120995,429835,103738,39451,81544,84792,345043
Belize,2067,120603,430194,106466,39303,81300,84741,345453
Belize,2068,120172,430540,109107,39170,81002,84659,345881
Belize,2069,119705,430924,111618,39042,80663,84534,346390
Belize,2070,119202,431368,113975,38904,80298,84348,347020
Belize,2071,118831,431796,116074,38785,80046,84234,347562
Belize,2072,118434,432323,117982,38677,79757,84080,348243
Belize,2073,118011,432884,119761,38574,79437,83882,349002
Belize,2074,117564,433365,121511,38469,79095,83637,349728
Belize,2075,117105,433710,123292,38358,78747,83335,350375
Belize,2076,116787,433872,125007,38265,78522,83098,350774
Belize,2077,116453,433964,126692,38176,78277,82829,351135
Belize,2078,116105,433956,128382,38089,78016,82527,351429
Belize,2079,115742,433827,130106,37999,77743,82191,351636
Belize,2080,115371,433550,131893,37904,77467,81816,351734
Belize,2081,115114,433061,133689,37812,77302,81516,351545
Belize,2082,114846,432487,135486,37731,77115,81202,351285
Belize,2083,114560,431823,137298,37652,76908,80871,350952
Belize,2084,114256,431078,139133,37569,76687,80529,350549
Belize,2085,113926,430242,141008,37468,76458,80172,350070
Belize,2086,113687,429237,142872,37366,76321,79893,349344
Belize,2087,113422,428228,144702,37262,76160,79627,348601
Belize,2088,113132,427197,146506,37154,75978,79357,347840
Belize,2089,112814,426138,148292,37040,75774,79084,347054
Belize,2090,112468,425044,150086,36913,75555,78793,346251
Belize,2091,112193,423861,151837,36778,75415,78576,345285
Belize,2092,111898,422718,153500,36656,75242,78366,344352
Belize,2093,111578,421599,155113,36538,75040,78152,343447
Belize,2094,111221,420490,156690,36416,74805,77927,342563
Belize,2095,110834,419352,158268,36281,74553,77680,341672
Belize,2096,110520,418195,159741,36148,74372,77499,340696
Belize,2097,110183,417100,161123,36024,74159,77320,339780
Belize,2098,109813,416033,162453,35902,73911,77128,338905
Belize,2099,109423,414951,163768,35782,73641,76917,338034
Belize,2100,109007,413823,165105,35658,73349,76674,337149
Benin,1950,793396,1285076,176754,308821,484575,362236,922840
Benin,1951,805983,1282432,170061,311532,494451,364839,917593
Benin,1952,820366,1282132,162373,317460,502906,368463,913669
Benin,1953,834026,1286387,154063,324085,509941,373933,912454
Benin,1954,846377,1295746,145262,331221,515156,381642,914104
Benin,1955,857937,1309711,135939,339537,518400,391588,918123
Benin,1956,875153,1313900,134003,352298,522855,398518,915382
Benin,1957,889748,1324211,131758,360785,528963,408022,916189
Benin,1958,903667,1338708,129078,367186,536481,419105,919603
Benin,1959,919037,1355224,125866,373963,545074,430420,924804
Benin,1960,936953,1372568,122101,383411,553542,441200,931368
Benin,1961,961012,1381946,122909,395238,565774,447867,934079
Benin,1962,986661,1393021,123214,406357,580304,454376,938645
Benin,1963,1013773,1406073,123013,417625,596148,460895,945178
Benin,1964,1041577,1422047,122341,429398,612179,467829,954218
Benin,1965,1069666,1441469,121221,442357,627309,475516,965953
Benin,1966,1102195,1455329,124635,457494,644701,480327,975002
Benin,1967,1134183,1473347,127777,470542,663641,486008,987339
Benin,1968,1165997,1494944,130649,482512,683485,492927,1002017
Benin,1969,1198097,1519338,133226,494673,703424,501597,1017741
Benin,1970,1230723,1546114,135503,508360,722363,512374,1033740
Benin,1971,1269618,1567960,138994,524517,745101,522087,1045873
Benin,1972,1307904,1593457,142206,538692,769212,534373,1059084
Benin,1973,1346101,1622458,145116,552167,793934,548876,1073582
Benin,1974,1384812,1654917,147683,566445,818367,565012,1089905
Benin,1975,1424488,1690797,149880,583060,841428,582450,1108347
Benin,1976,1470727,1723459,152987,602466,868261,598344,1125115
Benin,1977,1517330,1760395,155714,621179,896151,615856,1144539
Benin,1978,1564487,1801331,158120,639967,924520,634932,1166399
Benin,1979,1612243,1846044,160239,659453,952790,655559,1190485
Benin,1980,1660675,1894390,162100,680505,980170,677736,1216654
Benin,1981,1716351,1939006,164771,704901,1011450,698391,1240615
Benin,1982,1771685,1988823,167206,726807,1044878,721014,1267809
Benin,1983,1827308,2043264,169377,747549,1079759,745267,1297997
Benin,1984,1883912,2101652,171255,768766,1115146,770691,1330961
Benin,1985,1941922,2163739,172840,792138,1149784,797101,1366638
Benin,1986,2006667,2221966,175873,817968,1188699,821370,1400596
Benin,1987,2071568,2285006,178689,842015,1229553,847033,1437973
Benin,1988,2137820,2353657,181375,865856,1271964,874486,1479171
Benin,1989,2206870,2429123,184023,891367,1315503,904352,1524771
Benin,1990,2279696,2512096,186704,920428,1359268,937057,1575039
Benin,1991,2358177,2600945,190377,951730,1406447,972002,1628943
Benin,1992,2439013,2698647,194143,982582,1456431,1009400,1689247
Benin,1993,2520955,2802859,197949,1013218,1507737,1048282,1754577
Benin,1994,2601746,2910758,201716,1043330,1558416,1087618,1823140
Benin,1995,2679594,3020546,205418,1073018,1606576,1126855,1893691
Benin,1996,2768200,3116852,209207,1107596,1660604,1162944,1953908
Benin,1997,2852634,3216237,212768,1137512,1715122,1200354,2015883
Benin,1998,2934502,3319521,216242,1164619,1769883,1239305,2080216
Benin,1999,3016163,3428115,219820,1191491,1824672,1280149,2147966
Benin,2000,3099205,3543101,223645,1220562,1878643,1323219,2219882
Benin,2001,3189377,3658550,228806,1252444,1936933,1366757,2291793
Benin,2002,3279679,3781700,234015,1282975,1996704,1412642,2369058
Benin,2003,3369818,3911277,239460,1313174,2056644,1460427,2450850
Benin,2004,3459120,4045499,245385,1344008,2115112,1509551,2535948
Benin,2005,3547183,4183119,251923,1376560,2170623,1559602,2623517
Benin,2006,3645954,4310139,260803,1413734,2232220,1606251,2703888
Benin,2007,3743588,4441131,270072,1450028,2293560,1654807,2786324
Benin,2008,3840414,4577045,279457,1485989,2354425,1705431,2871614
Benin,2009,3936900,4719273,288533,1522006,2414894,1758240,2961033
Benin,2010,4033508,4868625,297126,1558811,2474697,1813255,3055370
Benin,2011,4138608,5015968,306226,1600015,2538593,1866025,3149943
Benin,2012,4242248,5172051,314861,1636891,2605357,1921457,3250594
Benin,2013,4345142,5335963,323346,1671011,2674131,1979129,3356834
Benin,2014,4448144,5506483,332085,1704411,2743733,2038346,3468137
Benin,2015,4551582,5683008,341362,1739041,2812541,2098709,3584299
Benin,2016,4660504,5859997,351797,1775445,2885059,2157604,3702393
Benin,2017,4768459,6044647,362586,1809238,2959221,2217712,3826935
Benin,2018,4875328,6236568,373778,1841722,3033606,2279181,3957387
Benin,2019,4980752,6435417,385426,1874195,3106557,2342300,4093117
Benin,2020,5084523,6640841,397621,1907947,3176576,2407218,4233623
Benin,2021,5193893,6844700,411020,1943772,3250121,2471436,4373264
Benin,2022,5301315,7055490,424706,1978972,3322343,2537335,4518155
Benin,2023,5406667,7273159,438899,2013924,3392743,2605013,4668146
Benin,2024,5509881,7497621,453849,2048814,3461067,2674507,4823114
Benin,2025,5611100,7728602,469765,2084151,3526949,2745705,4982897
Benin,2026,5720299,7955616,487058,2123572,3596727,2815662,5139954
Benin,2027,5826257,8190517,504941,2159449,3666808,2887690,5302827
Benin,2028,5929658,8432420,523530,2193032,3736626,2961031,5471389
Benin,2029,6031453,8680160,542936,2225986,3805467,3034517,5645643
Benin,2030,6132185,8932966,563286,2259934,3872251,3107398,5825568
Benin,2031,6241069,9181012,585057,2297291,3943778,3177399,6003613
Benin,2032,6347754,9435449,607361,2331958,4015796,3247155,6188294
Benin,2033,6452341,9695991,630290,2364997,4087344,3316756,6379235
Benin,2034,6554778,9962540,653890,2397440,4157338,3386435,6576105
Benin,2035,6655067,10234878,678284,2430444,4224623,3456307,6778571
Benin,2036,6763198,10502569,703800,2466730,4296468,3524183,6978386
Benin,2037,6868333,10777096,729616,2500428,4367905,3592386,7184710
Benin,2038,6970507,11057910,756024,2532353,4438154,3661085,7396825
Benin,2039,7069761,11344387,783337,2563333,4506428,3730458,7613929
Benin,2040,7166142,11635953,811849,2594354,4571788,3800555,7835398
Benin,2041,7270619,11921372,841649,2628921,4641698,3869396,8051976
Benin,2042,7371025,12213355,872049,2659931,4711094,3939335,8274020
Benin,2043,7467657,12511155,903319,2688509,4779148,4010063,8501092
Benin,2044,7560935,12813940,935694,2715985,4844950,4081039,8732901
Benin,2045,7651118,13121021,969435,2743699,4907419,4151872,8969149
Benin,2046,7749074,13421207,1004686,2774646,4974428,4221100,9200107
Benin,2047,7842995,13726960,1040626,2802740,5040255,4290440,9436520
Benin,2048,7933063,14037659,1077607,2828958,5104105,4359835,9677824
Benin,2049,8019482,14352661,1115973,2854335,5165147,4429166,9923495
Benin,2050,8102506,14671251,1156089,2880010,5222496,4498271,10172980
Benin,2051,8193888,14981355,1198145,2909431,5284457,4565860,10415495
Benin,2052,8281168,15296356,1241018,2936220,5344948,4633343,10663013
Benin,2053,8364522,15615361,1285213,2961169,5403353,4700592,10914769
Benin,2054,8444142,15937373,1331281,2985050,5459092,4767370,11170003
Benin,2055,8520228,16261476,1379701,3008804,5511424,4833442,11428034
Benin,2056,8605294,16574634,1430786,3036651,5568643,4897730,11676904
Benin,2057,8685711,16891784,1483071,3060800,5624911,4961613,11930171
Benin,2058,8762014,17212041,1536874,3082482,5679532,5024907,12187134
Benin,2059,8834937,17534417,1592444,3103249,5731688,5087284,12447133
Benin,2060,8904959,17858039,1650098,3124576,5780383,5148484,12709555
Benin,2061,8983923,18170601,1710183,3149636,5834287,5208136,12962465
Benin,2062,9059446,18485857,1771060,3172685,5886761,5266750,13219107
Benin,2063,9131303,18803286,1833097,3194166,5937137,5324459,13478827
Benin,2064,9198998,19122623,1896607,3214207,5984791,5381431,13741192
Benin,2065,9262316,19443309,1961984,3233279,6029037,5437693,14005616
Benin,2066,9335044,19751254,2029262,3256625,6078419,5492798,14258456
Benin,2067,9402048,20062996,2096899,3275209,6126839,5547540,14515456
Benin,2068,9464010,20376955,2165636,3290451,6173559,5601757,14775198
Benin,2069,9521974,20691211,2236263,3304300,6217674,5655114,15036097
Benin,2070,9576521,21004364,2309462,3318465,6258056,5707358,15297006
Benin,2071,9639203,21304529,2385403,3335665,6303538,5759088,15545441
Benin,2072,9698069,21605583,2461931,3351229,6346840,5809804,15795779
Benin,2073,9752762,21907073,2539586,3365525,6387237,5859649,16047424
Benin,2074,9802626,22208852,2618901,3378521,6424105,5908748,16300104
Benin,2075,9847446,22510361,2700388,3390534,6456912,5957062,16553299
Benin,2076,9900941,22797264,2784457,3406586,6494355,6004897,16792367
Benin,2077,9948570,23086435,2868621,3418762,6529808,6052100,17034335
Benin,2078,9990979,23376750,2953333,3428152,6562827,6098504,17278246
Benin,2079,10029224,23666839,3038863,3436314,6592910,6143696,17523143
Benin,2080,10063976,23955552,3125648,3444637,6619339,6187355,17768197
Benin,2081,10107089,24229530,3215040,3456426,6650663,6230418,17999112
Benin,2082,10146298,24504553,3303344,3466292,6680006,6272048,18232505
Benin,2083,10181438,24779668,3391453,3474638,6706800,6312223,18467445
Benin,2084,10212107,25054149,3480282,3481586,6730521,6350836,18703313
Benin,2085,10238187,25327061,3570656,3487547,6750640,6387733,18939328
Benin,2086,10272849,25583134,3664527,3497416,6775433,6423668,19159466
Benin,2087,10302131,25840760,3757345,3503476,6798655,6458069,19382691
Benin,2088,10326474,26098456,3849911,3506690,6819784,6490985,19607471
Benin,2089,10346502,26354632,3942943,3508294,6838208,6522393,19832239
Benin,2090,10362560,26607988,4037192,3509434,6853126,6552243,20055745
Benin,2091,10385942,26844013,4135747,3513467,6872475,6581751,20262262
Benin,2092,10404948,27080268,4232674,3515146,6889802,6609824,20470444
Benin,2093,10419557,27315812,4328903,3515070,6904487,6636557,20679255
Benin,2094,10429658,27549907,4425274,3513731,6915927,6661959,20887948
Benin,2095,10435320,27781621,4522634,3511753,6923567,6685957,21095664
Benin,2096,10447698,27995007,4625776,3512730,6934968,6709650,21285357
Benin,2097,10455574,28209145,4726785,3511565,6944009,6732039,21477106
Benin,2098,10459305,28422635,4826700,3508996,6950309,6753131,21669504
Benin,2099,10459413,28633976,4926444,3505853,6953560,6772794,21861182
Benin,2100,10456270,28841819,5026939,3502822,6953448,6790868,22050951
Bhutan,1950,77502,94816,4479,31784,45718,33819,60997
Bhutan,1951,79127,97120,4578,32146,46981,34759,62361
Bhutan,1952,80229,99888,4673,31790,48439,35822,64066
Bhutan,1953,81326,102751,4739,31456,49870,36865,65886
Bhutan,1954,82633,105607,4771,31501,51132,37846,67761
Bhutan,1955,84138,108536,4783,32043,52095,38801,69735
Bhutan,1956,85820,111426,4928,32410,53410,39827,71599
Bhutan,1957,87878,114247,5040,33482,54396,40783,73464
Bhutan,1958,90067,117186,5131,34965,55102,41743,75443
Bhutan,1959,92141,120425,5207,36550,55591,42793,77632
Bhutan,1960,94004,124016,5268,38047,55957,43972,80044
Bhutan,1961,96719,126774,5425,40147,56572,44998,81776
Bhutan,1962,99019,130110,5577,41551,57468,46253,83857
Bhutan,1963,101205,133853,5720,42522,58683,47615,86238
Bhutan,1964,103721,137754,5850,43532,60189,48906,88848
Bhutan,1965,106804,141692,5968,44972,61832,50042,91650
Bhutan,1966,110535,145519,6190,46556,63979,51165,94354
Bhutan,1967,114693,149526,6403,48275,66418,52177,97349
Bhutan,1968,119184,153723,6608,50152,69032,53085,100638
Bhutan,1969,123756,158213,6805,52087,71669,53965,104248
Bhutan,1970,128242,163066,6993,54039,74203,54887,108179
Bhutan,1971,133369,167413,7271,56219,77150,55857,111556
Bhutan,1972,138281,172220,7544,58101,80180,56919,115301
Bhutan,1973,143078,177422,7812,59798,83280,58106,119316
Bhutan,1974,147896,182973,8074,61490,86406,59490,123483
Bhutan,1975,152802,188839,8341,63342,89460,61127,127712
Bhutan,1976,158477,194284,8694,65440,93037,63101,131183
Bhutan,1977,164090,200187,9047,67395,96695,65410,134777
Bhutan,1978,169563,206426,9395,69241,100322,67921,138505
Bhutan,1979,174757,212894,9739,70971,103786,70494,142400
Bhutan,1980,179573,219529,10070,72624,106949,73042,146487
Bhutan,1981,185287,224597,10496,74636,110651,75250,149347
Bhutan,1982,190323,229819,10908,76073,114250,77561,152258
Bhutan,1983,195086,235445,11316,77264,117822,80061,155384
Bhutan,1984,200197,241785,11738,78744,121453,82862,158923
Bhutan,1985,206032,248959,12187,80926,125106,86012,162947
Bhutan,1986,213137,257006,12809,83566,129571,89567,167439
Bhutan,1987,221101,265876,13460,86918,134183,93452,172424
Bhutan,1988,228675,274518,14080,90305,138370,97264,177254
Bhutan,1989,233953,281690,14614,92464,141489,100509,181181
Bhutan,1990,235612,286651,15017,92436,143176,102884,183767
Bhutan,1991,237001,284838,15445,93355,143646,103076,181762
Bhutan,1992,235154,280684,15687,91591,143563,102196,178488
Bhutan,1993,231679,275634,15804,88124,143555,100753,174881
Bhutan,1994,229087,271506,15910,84741,144346,99543,171963
Bhutan,1995,229209,269595,16073,82950,146259,99281,170314
Bhutan,1996,228380,274234,16668,79938,148442,101358,172876
Bhutan,1997,229660,281673,17421,78340,151320,104618,177055
Bhutan,1998,232355,291507,18293,77948,154407,108881,182626
Bhutan,1999,235157,303156,19230,78022,157135,113879,189277
Bhutan,2000,237154,316081,20181,77938,159216,119360,196721
Bhutan,2001,236583,331927,21090,77153,159430,126435,205492
Bhutan,2002,235261,349117,22021,76144,159117,133629,215488
Bhutan,2003,233429,367028,22977,74965,158464,140419,226609
Bhutan,2004,231427,384923,23932,73916,157511,146285,238638
Bhutan,2005,229406,402358,24875,73235,156171,150928,251430
Bhutan,2006,228248,417990,25990,72957,155291,154760,263230
Bhutan,2007,226982,432907,27069,73044,153938,157535,275372
Bhutan,2008,225660,447157,28133,73359,152301,159275,287882
Bhutan,2009,224170,461060,29228,73574,150596,160203,300857
Bhutan,2010,222454,474820,30367,73480,148974,160520,314300
Bhutan,2011,221630,487272,31608,73892,147738,160597,326675
Bhutan,2012,220254,499798,32915,73442,146812,160322,339476
Bhutan,2013,218608,512095,34258,72430,146178,159610,352485
Bhutan,2014,217092,523784,35572,71391,145701,158410,365374
Bhutan,2015,215884,534656,36846,70702,145182,156758,377898
Bhutan,2016,214890,544687,38188,69819,145071,155011,389676
Bhutan,2017,214420,553741,39449,69690,144730,153015,400726
Bhutan,2018,214204,562115,40735,70057,144147,150959,411156
Bhutan,2019,213770,570266,42193,70396,143374,149086,421180
Bhutan,2020,212896,578441,43908,70347,142549,147530,430911
Bhutan,2021,212363,585933,45856,70571,141792,146216,439717
Bhutan,2022,211228,593620,48061,70122,141106,145299,448321
Bhutan,2023,209702,601362,50438,69175,140527,144668,456694
Bhutan,2024,208153,608858,52824,68104,140049,144121,464737
Bhutan,2025,206753,615961,55152,67165,139588,143538,472423
Bhutan,2026,205240,622894,57474,66011,139229,143089,479805
Bhutan,2027,203888,629455,59715,65102,138786,142629,486826
Bhutan,2028,202563,635641,62015,64383,138180,142156,493485
Bhutan,2029,201029,641478,64600,63678,137351,141669,499809
Bhutan,2030,199170,646957,67570,62865,136305,141163,505794
Bhutan,2031,197249,651881,70883,62053,135196,140678,511203
Bhutan,2032,195092,656398,74545,61236,133856,140127,516271
Bhutan,2033,192741,660608,78448,60404,132337,139540,521068
Bhutan,2034,190312,664595,82381,59603,130709,138952,525643
Bhutan,2035,187890,668400,86251,58858,129032,138376,530024
Bhutan,2036,185649,671895,89999,58217,127432,137886,534009
Bhutan,2037,183422,675192,93699,57619,125803,137412,537780
Bhutan,2038,181222,678142,97474,57065,124157,136880,541262
Bhutan,2039,179066,680559,101525,56547,122519,136176,544383
Bhutan,2040,176967,682300,105972,56070,120897,135227,547073
Bhutan,2041,175144,683337,110632,55713,119431,134133,549204
Bhutan,2042,173389,683784,115594,55361,118028,132818,550966
Bhutan,2043,171713,683602,120904,55016,116697,131324,552278
Bhutan,2044,170114,682736,126599,54683,115431,129732,553004
Bhutan,2045,168597,681156,132715,54371,114226,128097,553059
Bhutan,2046,167357,678923,138987,54145,113212,126515,552408
Bhutan,2047,166182,676088,145576,53902,112280,124905,551183
Bhutan,2048,165059,672702,152440,53644,111415,123279,549423
Bhutan,2049,163974,668869,159481,53369,110605,121668,547201
Bhutan,2050,162906,664658,166639,53075,109831,120085,544573
Bhutan,2051,162029,660211,173608,52817,109212,118646,541565
Bhutan,2052,161153,655517,180581,52525,108628,117264,538253
Bhutan,2053,160262,650650,187481,52202,108060,115948,534702
Bhutan,2054,159345,645699,194231,51851,107494,114700,530999
Bhutan,2055,158380,640722,200794,51471,106909,113520,527202
Bhutan,2056,157527,635936,206780,51094,106433,112522,523414
Bhutan,2057,156632,631238,212458,50712,105920,111613,519625
Bhutan,2058,155674,626593,217887,50315,105359,110763,515830
Bhutan,2059,154640,621987,223073,49899,104741,109964,512023
Bhutan,2060,153533,617430,228028,49461,104072,109205,508225
Bhutan,2061,152521,613163,232338,49044,103477,108592,504571
Bhutan,2062,151453,609015,236332,48633,102820,108018,500997
Bhutan,2063,150331,604984,240005,48230,102101,107469,497515
Bhutan,2064,149162,601039,243403,47829,101333,106921,494118
Bhutan,2065,147941,597116,246588,47426,100515,106348,490768
Bhutan,2066,146859,593492,249105,47078,99781,105862,487630
Bhutan,2067,145760,589982,251300,46747,99013,105355,484627
Bhutan,2068,144631,586465,253324,46425,98206,104813,481652
Bhutan,2069,143484,582793,255343,46114,97370,104218,478575
Bhutan,2070,142335,578899,257422,45812,96523,103565,475334
Bhutan,2071,141364,575027,259128,45582,95782,102958,472069
Bhutan,2072,140403,571013,260821,45355,95048,102302,468711
Bhutan,2073,139461,566916,262448,45133,94328,101602,465314
Bhutan,2074,138533,562790,263961,44916,93617,100853,461937
Bhutan,2075,137618,558658,265351,44701,92917,100061,458597
Bhutan,2076,136868,554679,266324,44543,92325,99311,455368
Bhutan,2077,136145,550809,267060,44377,91768,98538,452271
Bhutan,2078,135447,546970,267663,44204,91243,97748,449222
Bhutan,2079,134754,543018,268296,44021,90733,96941,446077
Bhutan,2080,134050,538856,269094,43826,90224,96121,442735
Bhutan,2081,133478,534704,269704,43662,89816,95380,439324
Bhutan,2082,132918,530526,270277,43490,89428,94653,435873
Bhutan,2083,132360,526315,270848,43304,89056,93945,432370
Bhutan,2084,131772,522084,271439,43100,88672,93250,428834
Bhutan,2085,131145,517814,272092,42874,88271,92562,425252
Bhutan,2086,130619,513808,272363,42668,87951,91983,421825
Bhutan,2087,130080,509918,272519,42453,87627,91441,418477
Bhutan,2088,129500,506086,272646,42223,87277,90921,415165
Bhutan,2089,128871,502286,272805,41978,86893,90414,411872
Bhutan,2090,128186,498479,273021,41713,86473,89908,408571
Bhutan,2091,127601,495050,272776,41473,86128,89512,405538
Bhutan,2092,126985,491717,272453,41236,85749,89133,402584
Bhutan,2093,126326,488473,272112,40994,85332,88762,399711
Bhutan,2094,125620,485260,271797,40745,84875,88381,396879
Bhutan,2095,124873,482062,271537,40486,84387,87986,394076
Bhutan,2096,124238,479238,270800,40267,83971,87674,391564
Bhutan,2097,123580,476478,270048,40053,83527,87348,389130
Bhutan,2098,122885,473746,269335,39836,83049,87004,386742
Bhutan,2099,122170,471000,268675,39623,82547,86627,384373
Bhutan,2100,121439,468219,268078,39418,82021,86214,382005
Bolivia,1950,1220882,1680050,188714,488415,732467,561302,1118748
Bolivia,1951,1256971,1696981,186384,504027,752944,565957,1131024
Bolivia,1952,1298416,1711579,183294,527171,771245,568781,1142798
Bolivia,1953,1337547,1730817,180097,548649,788898,572970,1157847
Bolivia,1954,1371742,1757247,176847,566127,805615,580666,1176581
Bolivia,1955,1401681,1790356,173323,580769,820912,592627,1197729
Bolivia,1956,1442517,1811302,173183,604922,837595,601758,1209544
Bolivia,1957,1474539,1843087,173058,615056,859483,616351,1226736
Bolivia,1958,1502624,1881119,172617,617461,885163,634274,1246845
Bolivia,1959,1531505,1920921,171539,618883,912622,653018,1267903
Bolivia,1960,1563057,1960654,169738,624855,938202,671468,1289186
Bolivia,1961,1599101,1995209,170503,630857,968244,687119,1308090
Bolivia,1962,1638006,2029590,170501,639997,998009,702461,1327129
Bolivia,1963,1677929,2065490,169976,652255,1025674,718221,1347269
Bolivia,1964,1715192,2106379,169286,665429,1049763,735907,1370472
Bolivia,1965,1748030,2153990,168570,678595,1069435,756454,1397536
Bolivia,1966,1787228,2195750,169690,696949,1090279,774409,1421341
Bolivia,1967,1821467,2244989,170669,710339,1111128,795005,1449984
Bolivia,1968,1852565,2299938,171561,720634,1131931,817914,1482024
Bolivia,1969,1883411,2357816,172363,730984,1152427,842597,1515219
Bolivia,1970,1915559,2417140,173079,744280,1171279,868846,1548294
Bolivia,1971,1956180,2468569,175842,762562,1193618,892158,1576411
Bolivia,1972,1996555,2523122,178406,777957,1218598,917497,1605625
Bolivia,1973,2037349,2580321,180839,792236,1245113,943771,1636550
Bolivia,1974,2078795,2640149,183224,807146,1271649,969564,1670585
Bolivia,1975,2120933,2702729,185595,824541,1296392,994214,1708515
Bolivia,1976,2170048,2758540,191245,846183,1323865,1012621,1745919
Bolivia,1977,2219566,2817217,196894,866223,1353343,1029973,1787244
Bolivia,1978,2269250,2878651,202421,885248,1384002,1047150,1831501
Bolivia,1979,2318395,2943101,207627,903508,1414887,1065664,1877437
Bolivia,1980,2366320,3010840,212415,921702,1444618,1086651,1924189
Bolivia,1981,2420170,3071709,219720,944100,1476070,1103430,1968279
Bolivia,1982,2471341,3136910,226931,960663,1510678,1122994,2013916
Bolivia,1983,2520337,3205394,234229,973171,1547166,1144972,2060422
Bolivia,1984,2567651,3276058,241787,983969,1583682,1168747,2107311
Bolivia,1985,2613216,3348628,249706,995337,1617879,1194221,2154407
Bolivia,1986,2661077,3417772,259044,1008583,1652494,1216031,2201741
Bolivia,1987,2706485,3489528,268719,1018634,1687851,1239631,2249897
Bolivia,1988,2749760,3564060,278967,1027010,1722750,1265366,2298694
Bolivia,1989,2791163,3641830,290053,1035329,1755834,1293721,2348109
Bolivia,1990,2830874,3723276,302094,1045257,1785617,1325117,2398159
Bolivia,1991,2871795,3807244,313482,1057088,1814707,1356158,2451086
Bolivia,1992,2910812,3895440,325455,1068007,1842805,1389459,2505981
Bolivia,1993,2948175,3987824,337826,1078656,1869519,1424758,2563066
Bolivia,1994,2984231,4084339,350291,1089666,1894565,1461581,2622758
Bolivia,1995,3019231,4184812,362671,1101946,1917285,1499620,2685192
Bolivia,1996,3057961,4284809,374673,1118077,1939884,1534688,2750121
Bolivia,1997,3094767,4389473,386615,1131159,1963608,1570684,2818789
Bolivia,1998,3129939,4497778,398537,1141989,1987950,1606867,2890911
Bolivia,1999,3163548,4608740,410424,1151349,2012199,1642261,2966479
Bolivia,2000,3195374,4721818,422320,1160309,2035065,1676403,3045415
Bolivia,2001,3230188,4831106,435081,1172106,2058082,1704454,3126652
Bolivia,2002,3261679,4943791,447875,1178294,2083385,1731374,3212417
Bolivia,2003,3290521,5058698,461201,1180765,2109756,1757445,3301253
Bolivia,2004,3317391,5174600,475750,1181913,2135478,1783189,3391411
Bolivia,2005,3342440,5291042,491927,1183854,2158586,1809159,3481883
Bolivia,2006,3366582,5406971,509781,1185775,2180807,1832544,3574427
Bolivia,2007,3389028,5523347,529069,1187203,2201825,1855542,3667805
Bolivia,2008,3409308,5641218,549329,1188421,2220887,1878870,3762348
Bolivia,2009,3426526,5762395,569827,1189094,2237432,1903492,3858903
Bolivia,2010,3440233,5887749,590260,1189271,2250962,1929993,3957756
Bolivia,2011,3453567,6015119,609657,1190714,2262853,1956306,4058813
Bolivia,2012,3462807,6147512,628685,1189367,2273440,1984178,4163334
Bolivia,2013,3469056,6282974,648234,1186602,2282454,2012880,4270094
Bolivia,2014,3474251,6418360,669548,1184710,2289541,2041098,4377262
Bolivia,2015,3479656,6551647,693402,1185563,2294093,2067980,4483667
Bolivia,2016,3487635,6683948,716299,1188513,2299122,2093220,4590728
Bolivia,2017,3496689,6814033,740878,1193854,2302835,2116692,4697341
Bolivia,2018,3506210,6942722,766742,1200838,2305372,2138305,4804417
Bolivia,2019,3514892,7071720,793249,1207730,2307162,2158019,4913701
Bolivia,2020,3522129,7201700,820153,1213608,2308521,2175758,5025942
Bolivia,2021,3535795,7328336,843769,1223869,2311926,2190137,5138199
Bolivia,2022,3546409,7457705,867434,1228519,2317890,2202858,5254847
Bolivia,2023,3555365,7588015,891437,1229306,2326059,2213846,5374169
Bolivia,2024,3564574,7716872,916161,1229028,2335546,2222997,5493875
Bolivia,2025,3574730,7843015,942055,1229836,2344894,2230466,5612549
Bolivia,2026,3587288,7967491,966510,1230718,2356570,2236866,5730625
Bolivia,2027,3600553,8090053,991345,1231851,2368702,2241647,5848406
Bolivia,2028,3613566,8211101,1017025,1233211,2380355,2245651,5965450
Bolivia,2029,3624578,8331760,1044092,1234011,2390567,2250094,6081666
Bolivia,2030,3632619,8452451,1073002,1233826,2398793,2255728,6196723
Bolivia,2031,3641751,8571466,1101297,1234264,2407487,2262635,6308831
Bolivia,2032,3647933,8690955,1130758,1233222,2414711,2270690,6420265
Bolivia,2033,3651313,8810151,1161794,1230976,2420337,2279877,6530274
Bolivia,2034,3652529,8927840,1194776,1228158,2424371,2289959,6637881
Bolivia,2035,3651945,9043110,1230063,1225279,2426666,2300716,6742394
Bolivia,2036,3652763,9154801,1265489,1223307,2429456,2312263,6842538
Bolivia,2037,3651743,9264740,1302398,1220678,2431065,2324570,6940170
Bolivia,2038,3648922,9372375,1341277,1217564,2431358,2337031,7035344
Bolivia,2039,3644243,9476962,1382863,1214034,2430209,2348662,7128300
Bolivia,2040,3637701,9577794,1427848,1210240,2427461,2358768,7219026
Bolivia,2041,3633084,9674179,1473059,1207703,2425381,2367644,7306535
Bolivia,2042,3626771,9767669,1520504,1204231,2422540,2374917,7392752
Bolivia,2043,3618881,9857824,1570472,1200072,2418809,2380685,7477139
Bolivia,2044,3609657,9944324,1623023,1195583,2414074,2385198,7559126
Bolivia,2045,3599280,10026912,1678210,1191110,2408170,2388616,7638296
Bolivia,2046,3591068,10105992,1732273,1187821,2403247,2391433,7714559
Bolivia,2047,3581939,10181970,1787838,1184076,2397863,2393027,7788943
Bolivia,2048,3571888,10254801,1844908,1179982,2391906,2393514,7861287
Bolivia,2049,3560801,10324440,1903609,1175572,2385229,2392970,7931470
Bolivia,2050,3548550,10390545,1964365,1170916,2377634,2391406,7999139
Bolivia,2051,3538689,10454491,2022211,1167476,2371213,2389747,8064744
Bolivia,2052,3527817,10516117,2080655,1163255,2364562,2387180,8128937
Bolivia,2053,3515934,10574633,2140449,1158429,2357505,2383778,8190855
Bolivia,2054,3503113,10629202,2202315,1153252,2349861,2379594,8249608
Bolivia,2055,3489356,10679194,2266846,1147953,2341403,2374673,8304521
Bolivia,2056,3477943,10727619,2327717,1143660,2334283,2370300,8357319
Bolivia,2057,3465822,10772858,2389558,1138991,2326831,2365293,8407565
Bolivia,2058,3452864,10814313,2453005,1133986,2318878,2359711,8454602
Bolivia,2059,3438869,10851327,2518826,1128620,2310249,2353580,8497747
Bolivia,2060,3423682,10883307,2587703,1122915,2300767,2346892,8536415
Bolivia,2061,3410899,10914107,2652143,1118274,2292625,2341098,8573009
Bolivia,2062,3397122,10941491,2717773,1113012,2284110,2334859,8606632
Bolivia,2063,3382349,10965280,2784763,1107256,2275093,2328179,8637101
Bolivia,2064,3366619,10985387,2853148,1101194,2265425,2321001,8664386
Bolivia,2065,3349910,11001572,2923216,1094980,2254930,2313260,8688312
Bolivia,2066,3335535,11018788,2986689,1089723,2245812,2306600,8712188
Bolivia,2067,3320537,11033791,3049771,1084268,2236269,2299493,8734298
Bolivia,2068,3304787,11046170,3113031,1078610,2226177,2291914,8754256
Bolivia,2069,3288098,11055542,3177090,1072688,2215410,2283804,8771738
Bolivia,2070,3270337,11061418,3242605,1066481,2203856,2275071,8786347
Bolivia,2071,3255061,11069246,3300595,1061365,2193696,2267399,8801847
Bolivia,2072,3239076,11075512,3357808,1055820,2183256,2259271,8816241
Bolivia,2073,3222369,11079708,3414794,1049936,2172433,2250651,8829057
Bolivia,2074,3204946,11081292,3472124,1043856,2161090,2241437,8839855
Bolivia,2075,3186740,11079511,3530672,1037692,2149048,2231513,8847998
Bolivia,2076,3171143,11081092,3580354,1032579,2138564,2222789,8858303
Bolivia,2077,3155297,11081492,3628604,1027413,2127884,2213572,8867920
Bolivia,2078,3139011,11079454,3676948,1022142,2116869,2203832,8875622
Bolivia,2079,3122032,11073446,3727230,1016659,2105373,2193500,8879946
Bolivia,2080,3104142,11062157,3781027,1010898,2093244,2182484,8879673
Bolivia,2081,3089138,11053407,3826785,1006325,2082813,2172873,8880534
Bolivia,2082,3073692,11041957,3873109,1001374,2072318,2162868,8879089
Bolivia,2083,3057693,11027077,3920889,996074,2061619,2152408,8874669
Bolivia,2084,3041048,11008147,3970857,990502,2050546,2141399,8866748
Bolivia,2085,3023607,10984515,4023869,984711,2038896,2129754,8854761
Bolivia,2086,3009013,10965065,4067450,979957,2029056,2119727,8845338
Bolivia,2087,2994156,10943556,4110982,975011,2019145,2109387,8834169
Bolivia,2088,2978828,10919186,4155521,969860,2008968,2098678,8820508
Bolivia,2089,2962788,10891135,4202156,964472,1998316,2087514,8803621
Bolivia,2090,2945806,10858536,4252044,958824,1986982,2075783,8782753
Bolivia,2091,2931645,10831268,4291565,954195,1977450,2065872,8765396
Bolivia,2092,2917185,10802462,4330772,949443,1967742,2055755,8746707
Bolivia,2093,2902210,10771250,4370780,944513,1957697,2045347,8725903
Bolivia,2094,2886476,10736729,4412815,939336,1947140,2034527,8702202
Bolivia,2095,2869713,10697863,4458212,933829,1935884,2023140,8674723
Bolivia,2096,2855958,10665544,4492099,929437,1926521,2013716,8651828
Bolivia,2097,2841848,10632256,4525409,924811,1917037,2004159,8628097
Bolivia,2098,2827113,10596872,4559587,919867,1907246,1994304,8602568
Bolivia,2099,2811497,10558169,4596153,914564,1896933,1983922,8574247
Bolivia,2100,2794806,10514964,4636534,908931,1885875,1972808,8542156
Bosnia and Herzegovina,1950,1006199,1548603,106494,384499,621700,599600,949003
Bosnia and Herzegovina,1951,1020925,1583834,105892,413045,607880,613029,970805
Bosnia and Herzegovina,1952,1026844,1631544,106325,421769,605075,629378,1002166
Bosnia and Herzegovina,1953,1036160,1678474,106674,424927,611233,642805,1035669
Bosnia and Herzegovina,1954,1052933,1719612,106304,426335,626598,650230,1069382
Bosnia and Herzegovina,1955,1076308,1754894,105107,428371,647937,651164,1103730
Bosnia and Herzegovina,1956,1098856,1787873,106542,423855,675001,646447,1141426
Bosnia and Herzegovina,1957,1130102,1812686,107131,424237,705865,634836,1177850
Bosnia and Herzegovina,1958,1165023,1834294,107577,427675,737348,620201,1214093
Bosnia and Herzegovina,1959,1197758,1858695,108738,432429,765329,607568,1251127
Bosnia and Herzegovina,1960,1225445,1889173,111050,436992,788453,600060,1289113
Bosnia and Herzegovina,1961,1249206,1923103,116293,440353,808853,595680,1327423
Bosnia and Herzegovina,1962,1269967,1960988,122271,446744,823223,595137,1365851
Bosnia and Herzegovina,1963,1286348,2002522,128704,453689,832659,599619,1402903
Bosnia and Herzegovina,1964,1297823,2046008,135164,458472,839351,610157,1435851
Bosnia and Herzegovina,1965,1304170,2090051,141419,459264,844906,627026,1463025
Bosnia and Herzegovina,1966,1317288,2121784,147562,464325,852963,641752,1480032
Bosnia and Herzegovina,1967,1321241,2158309,153119,458890,862351,666558,1491751
Bosnia and Herzegovina,1968,1319071,2198044,158337,446813,872258,698353,1499691
Bosnia and Herzegovina,1969,1315793,2238082,163591,434309,881484,730839,1507243
Bosnia and Herzegovina,1970,1314312,2277029,169186,425794,888518,759485,1517544
Bosnia and Herzegovina,1971,1307525,2319351,178409,413312,894213,779512,1539839
Bosnia and Herzegovina,1972,1305858,2357778,187515,409396,896462,793220,1564558
Bosnia and Herzegovina,1973,1305740,2395368,196147,411193,894547,803509,1591859
Bosnia and Herzegovina,1974,1301774,2436514,203935,413067,888707,814397,1622117
Bosnia and Herzegovina,1975,1291594,2482849,210660,411267,880327,827624,1655225
Bosnia and Herzegovina,1976,1278883,2527481,218901,412423,866460,834273,1693208
Bosnia and Herzegovina,1977,1259742,2576698,226751,406759,852983,841301,1735397
Bosnia and Herzegovina,1978,1237193,2629421,233736,396617,840576,848618,1780803
Bosnia and Herzegovina,1979,1216662,2683157,239000,386793,829869,854985,1828172
Bosnia and Herzegovina,1980,1201152,2736541,242162,380568,820584,859452,1877089
Bosnia and Herzegovina,1981,1186064,2793577,242870,372726,813338,864242,1929335
Bosnia and Herzegovina,1982,1176122,2847643,241545,369733,806389,865445,1982198
Bosnia and Herzegovina,1983,1169335,2899273,239498,370174,799161,863715,2035558
Bosnia and Herzegovina,1984,1162164,2950025,238557,371050,791114,860080,2089945
Bosnia and Herzegovina,1985,1152705,2999675,239750,370420,782285,854907,2144768
Bosnia and Herzegovina,1986,1145115,3043211,247178,373298,771817,841225,2201986
Bosnia and Herzegovina,1987,1136963,3084565,256991,373672,763291,826014,2258551
Bosnia and Herzegovina,1988,1125526,3113855,268675,370650,754876,807990,2305865
Bosnia and Herzegovina,1989,1107135,3118261,281257,362939,744196,785819,2332442
Bosnia and Herzegovina,1990,1078368,3091144,293910,348917,729451,759420,2331724
Bosnia and Herzegovina,1991,1034459,3029176,307968,332646,701813,724899,2304277
Bosnia and Herzegovina,1992,983256,2935815,320083,313213,670043,687091,2248724
Bosnia and Herzegovina,1993,929778,2827389,330832,292289,637489,649521,2177868
Bosnia and Herzegovina,1994,881988,2725275,341553,273683,608305,615720,2109555
Bosnia and Herzegovina,1995,846399,2643761,353552,260992,585407,587623,2056138
Bosnia and Herzegovina,1996,820866,2597498,362014,246899,573967,573321,2024177
Bosnia and Herzegovina,1997,806129,2574362,371940,240472,565657,564028,2010334
Bosnia and Herzegovina,1998,798482,2568352,383651,239565,558917,559096,2009256
Bosnia and Herzegovina,1999,791364,2570424,397330,239337,552027,557637,2012787
Bosnia and Herzegovina,2000,780121,2573930,412655,235649,544472,558691,2015239
Bosnia and Herzegovina,2001,764639,2573562,433083,231216,533423,559636,2013926
Bosnia and Herzegovina,2002,742441,2577345,456021,219510,522931,562632,2014713
Bosnia and Herzegovina,2003,716151,2584217,478879,203274,512877,566300,2017917
Bosnia and Herzegovina,2004,690900,2592774,497613,188133,502767,568556,2024218
Bosnia and Herzegovina,2005,669605,2601923,510002,178074,491531,568090,2033833
Bosnia and Herzegovina,2006,646253,2614344,518871,165667,480586,565790,2048554
Bosnia and Herzegovina,2007,630355,2622708,520937,163432,466923,560095,2062613
Bosnia and Herzegovina,2008,618383,2626212,519004,167974,450409,551719,2074493
Bosnia and Herzegovina,2009,604513,2624703,517345,172929,431584,542011,2082692
Bosnia and Herzegovina,2010,586111,2617604,518369,174088,412023,531704,2085900
Bosnia and Herzegovina,2011,575711,2590830,522324,180995,394716,515880,2074950
Bosnia and Herzegovina,2012,558535,2561478,528187,179641,378894,502017,2059461
Bosnia and Herzegovina,2013,538432,2530702,535865,172790,365642,490305,2040397
Bosnia and Herzegovina,2014,521791,2499199,545012,165792,355999,480026,2019173
Bosnia and Herzegovina,2015,511927,2468285,555749,162360,349567,470468,1997817
Bosnia and Herzegovina,2016,500103,2449320,567393,156681,343422,460417,1988903
Bosnia and Herzegovina,2017,495521,2430417,581079,155330,340191,448779,1981638
Bosnia and Herzegovina,2018,495841,2411621,596092,157294,338547,435911,1975710
Bosnia and Herzegovina,2019,496716,2393600,611458,159874,336842,422548,1971052
Bosnia and Herzegovina,2020,495747,2376027,626436,161230,334517,409151,1966876
Bosnia and Herzegovina,2021,495032,2355175,641861,162979,332053,395381,1959794
Bosnia and Herzegovina,2022,492926,2335181,656165,163704,329222,381473,1953708
Bosnia and Herzegovina,2023,489857,2315398,669954,163442,326415,368262,1947136
Bosnia and Herzegovina,2024,487090,2294546,684074,162863,324227,356858,1937688
Bosnia and Herzegovina,2025,485229,2272089,699037,162382,322847,347946,1924143
Bosnia and Herzegovina,2026,484152,2247095,715800,162018,322134,341591,1905504
Bosnia and Herzegovina,2027,483188,2221203,732939,161128,322060,337995,1883208
Bosnia and Herzegovina,2028,482251,2195290,749572,159869,322382,336265,1859025
Bosnia and Herzegovina,2029,481037,2170957,764300,158274,322763,334917,1836040
Bosnia and Herzegovina,2030,479297,2149122,776362,156378,322919,333009,1816113
Bosnia and Herzegovina,2031,476871,2129069,786607,153911,322960,330826,1798243
Bosnia and Herzegovina,2032,474056,2111640,793906,151469,322587,328118,1783522
Bosnia and Herzegovina,2033,470725,2095924,799269,149039,321686,325257,1770667
Bosnia and Herzegovina,2034,466799,2080407,804312,146606,320193,322911,1757496
Bosnia and Herzegovina,2035,462239,2064004,810159,144127,318112,321440,1742564
Bosnia and Herzegovina,2036,457181,2047200,816195,141453,315728,320873,1726327
Bosnia and Herzegovina,2037,451794,2029888,822385,139195,312599,320902,1708986
Bosnia and Herzegovina,2038,446018,2012092,828829,137228,308790,321262,1690830
Bosnia and Herzegovina,2039,439932,1994226,835127,135447,304485,321572,1672654
Bosnia and Herzegovina,2040,433694,1976594,840882,133786,299908,321576,1655018
Bosnia and Herzegovina,2041,427953,1958991,845711,132575,295378,321451,1637540
Bosnia and Herzegovina,2042,422187,1941656,849914,131457,290730,321027,1620629
Bosnia and Herzegovina,2043,416555,1924474,853554,130451,286104,320208,1604266
Bosnia and Herzegovina,2044,411236,1907072,856902,129604,281632,318849,1588223
Bosnia and Herzegovina,2045,406316,1889077,860319,128953,277363,316833,1572244
Bosnia and Herzegovina,2046,402250,1869928,863969,128764,273486,314208,1555720
Bosnia and Herzegovina,2047,398596,1850738,867203,128534,270062,310955,1539783
Bosnia and Herzegovina,2048,395398,1831293,870278,128305,267093,307184,1524109
Bosnia and Herzegovina,2049,392634,1811360,873492,128125,264509,303056,1508304
Bosnia and Herzegovina,2050,390263,1790761,877119,128034,262229,298699,1492062
Bosnia and Herzegovina,2051,388538,1769290,881144,128141,260397,294215,1475075
Bosnia and Herzegovina,2052,387214,1747662,885110,128213,259001,289587,1458075
Bosnia and Herzegovina,2053,386191,1725900,889088,128236,257955,284942,1440958
Bosnia and Herzegovina,2054,385333,1704196,892997,128177,257156,280454,1423742
Bosnia and Herzegovina,2055,384523,1682684,896827,128014,256509,276256,1406428
Bosnia and Herzegovina,2056,384001,1661433,900256,127854,256147,272469,1388964
Bosnia and Herzegovina,2057,383495,1641122,902872,127539,255956,269080,1372042
Bosnia and Herzegovina,2058,382940,1621287,905146,127076,255864,266098,1355189
Bosnia and Herzegovina,2059,382248,1601142,907896,126463,255785,263492,1337650
Bosnia and Herzegovina,2060,381283,1580131,911739,125679,255604,261208,1318923
Bosnia and Herzegovina,2061,380325,1559189,915466,124784,255541,259470,1299719
Bosnia and Herzegovina,2062,379139,1537884,919724,123791,255348,258123,1279761
Bosnia and Herzegovina,2063,377623,1516968,923838,122693,254930,257083,1259885
Bosnia and Herzegovina,2064,375744,1497900,926388,121499,254245,256252,1241648
Bosnia and Herzegovina,2065,373496,1481588,926437,120220,253276,255567,1226021
Bosnia and Herzegovina,2066,371207,1469046,922659,118886,252321,255274,1213772
Bosnia and Herzegovina,2067,368688,1459484,916028,117637,251051,255116,1204368
Bosnia and Herzegovina,2068,365932,1451881,907585,116458,249474,255034,1196847
Bosnia and Herzegovina,2069,362933,1444498,899094,115314,247619,254935,1189563
Bosnia and Herzegovina,2070,359688,1436100,891807,114178,245510,254720,1181380
Bosnia and Herzegovina,2071,356697,1428059,883875,113207,243490,254635,1173424
Bosnia and Herzegovina,2072,353635,1419513,876495,112332,241303,254440,1165073
Bosnia and Herzegovina,2073,350500,1410533,869636,111529,238971,254065,1156468
Bosnia and Herzegovina,2074,347327,1401484,862951,110788,236539,253422,1148062
Bosnia and Herzegovina,2075,344149,1392502,856321,110107,234042,252455,1140047
Bosnia and Herzegovina,2076,341574,1384763,847974,109730,231844,251451,1133312
Bosnia and Herzegovina,2077,339108,1377340,839368,109369,229739,250179,1127161
Bosnia and Herzegovina,2078,336759,1369892,830853,109026,227733,248633,1121259
Bosnia and Herzegovina,2079,334518,1362011,822885,108702,225816,246822,1115189
Bosnia and Herzegovina,2080,332364,1353357,815852,108404,223960,244751,1108606
Bosnia and Herzegovina,2081,330837,1345283,807880,108350,222487,242710,1102573
Bosnia and Herzegovina,2082,329473,1337023,800224,108250,221223,240504,1096519
Bosnia and Herzegovina,2083,328239,1328396,793119,108106,220133,238173,1090223
Bosnia and Herzegovina,2084,327067,1319198,786846,107913,219154,235778,1083420
Bosnia and Herzegovina,2085,325873,1309227,781719,107662,218211,233345,1075882
Bosnia and Herzegovina,2086,325135,1299889,775853,107528,217607,231176,1068713
Bosnia and Herzegovina,2087,324449,1290398,770456,107316,217133,229083,1061315
Bosnia and Herzegovina,2088,323733,1280604,765786,107015,216718,227073,1053531
Bosnia and Herzegovina,2089,322909,1270474,761941,106622,216287,225147,1045327
Bosnia and Herzegovina,2090,321919,1260032,758981,106131,215788,223319,1036713
Bosnia and Herzegovina,2091,321134,1250597,755205,105649,215485,221863,1028734
Bosnia and Herzegovina,2092,320274,1241415,751657,105124,215150,220596,1020819
Bosnia and Herzegovina,2093,319301,1232504,748335,104551,214750,219507,1012997
Bosnia and Herzegovina,2094,318147,1223780,745370,103910,214237,218541,1005239
Bosnia and Herzegovina,2095,316703,1215004,743108,103166,213537,217625,997379
Bosnia and Herzegovina,2096,315414,1207698,739554,102448,212966,217049,990649
Bosnia and Herzegovina,2097,314042,1201096,735698,101746,212296,216630,984466
Bosnia and Herzegovina,2098,312478,1194731,732092,101027,211451,216262,978469
Bosnia and Herzegovina,2099,310634,1188115,729289,100263,210371,215820,972295
Bosnia and Herzegovina,2100,308499,1181083,727447,99441,209058,215251,965832
Botswana,1950,168613,225920,17998,62231,106382,81350,144570
Botswana,1951,174908,231741,18616,66839,108069,83903,147838
Botswana,1952,181980,236145,19044,73139,108841,86221,149924
Botswana,1953,188393,240645,19404,78845,109548,88683,151962
Botswana,1954,193939,245586,19713,83355,110584,91154,154432
Botswana,1955,199087,250703,19950,86955,112132,93381,157322
Botswana,1956,207655,252226,20267,93078,114577,93843,158383
Botswana,1957,215077,254958,20591,96154,118923,94713,160245
Botswana,1958,222402,258154,20842,97548,124854,95724,162430
Botswana,1959,230492,261221,20934,98629,131863,96639,164582
Botswana,1960,239612,264086,20854,100434,139178,97455,166631
Botswana,1961,248364,267918,20967,101274,147090,97978,169940
Botswana,1962,258480,271455,20905,103439,155041,98257,173198
Botswana,1963,269344,275255,20754,106706,162638,98806,176449
Botswana,1964,279956,280193,20650,110324,169632,100370,179823
Botswana,1965,289841,286705,20644,113788,176053,103361,183344
Botswana,1966,299180,294484,20949,117374,181806,107165,187319
Botswana,1967,307956,303873,21325,120744,187212,112187,191686
Botswana,1968,316448,314678,21717,124002,192446,118258,196420
Botswana,1969,325210,326417,22013,127492,197718,125043,201374
Botswana,1970,334595,338818,22184,131505,203090,132302,206516
Botswana,1971,344444,351698,22497,135946,208498,139777,211921
Botswana,1972,354660,365456,22719,140249,214411,147736,217720
Botswana,1973,365534,380104,22874,144698,220836,155868,224236
Botswana,1974,377380,395728,22987,149648,227732,163740,231988
Botswana,1975,390407,412368,23065,155429,234978,171101,241267
Botswana,1976,404250,430250,23355,161568,242682,178135,252115
Botswana,1977,419148,449160,23618,168123,251025,184503,264657
Botswana,1978,434846,468843,23896,174955,259891,190352,278491
Botswana,1979,450907,489042,24217,181800,269107,196012,293030
Botswana,1980,466982,509561,24615,188481,278501,201716,307845
Botswana,1981,484967,528146,25284,195993,288974,207078,321068
Botswana,1982,502688,547220,25981,202646,300042,212689,334531
Botswana,1983,519972,566820,26747,208351,311621,218614,348206
Botswana,1984,536500,587141,27651,212882,323618,224963,362178
Botswana,1985,551957,608432,28725,216158,335799,231859,376573
Botswana,1986,567067,629638,30105,219035,348032,239088,390550
Botswana,1987,580187,652465,31662,219376,360811,247088,405377
Botswana,1988,591722,676810,33286,218084,373638,255807,421003
Botswana,1989,602328,702479,34817,216579,385749,265146,437333
Botswana,1990,612334,729393,36185,215881,396453,275060,454333
Botswana,1991,620631,758456,37644,213720,406911,286507,471949
Botswana,1992,628952,787981,38900,214109,414843,298096,489885
Botswana,1993,636458,818165,40070,216186,420272,309882,508283
Botswana,1994,641943,849358,41321,218360,423583,322001,527357
Botswana,1995,644866,881502,42726,219486,425380,334377,547125
Botswana,1996,649851,909884,44325,222230,427621,347174,562710
Botswana,1997,652097,939547,45991,223245,428852,360584,578963
Botswana,1998,652237,969689,47699,222856,429381,373834,595855
Botswana,1999,651342,999117,49403,221883,429459,385802,613315
Botswana,2000,650039,1027212,51089,220976,429063,395796,631416
Botswana,2001,650723,1051163,53049,220819,429904,403918,647245
Botswana,2002,650827,1074166,54960,220123,430704,410613,663553
Botswana,2003,650796,1096716,56827,219359,431437,416018,680698
Botswana,2004,651004,1119671,58655,219022,431982,420482,699189
Botswana,2005,651814,1143604,60434,219546,432268,424211,719393
Botswana,2006,652200,1169511,62527,219976,432224,425894,743617
Botswana,2007,653791,1195986,64637,221702,432089,426606,769380
Botswana,2008,656502,1223115,66734,224521,431981,426743,796372
Botswana,2009,660203,1250920,68759,228135,432068,426900,824020
Botswana,2010,664892,1279280,70694,232323,432569,427401,851879
Botswana,2011,670779,1307822,72738,237315,433464,427387,880435
Botswana,2012,677732,1336912,74671,242540,435192,427819,909093
Botswana,2013,685580,1366211,76716,247657,437923,428480,937731
Botswana,2014,693917,1395455,79201,252112,441805,429068,966387
Botswana,2015,702339,1424544,82314,255549,446790,429435,995109
Botswana,2016,711598,1452622,86040,259216,452382,429219,1023403
Botswana,2017,719718,1481622,90321,260108,459610,429287,1052335
Botswana,2018,727101,1511100,95000,259100,468001,429579,1081521
Botswana,2019,734283,1540547,99806,257544,476739,430087,1110460
Botswana,2020,741360,1569804,104602,256374,484986,430912,1138892
Botswana,2021,746488,1600326,109642,253331,493157,432995,1167331
Botswana,2022,751995,1630061,114599,252184,499811,435189,1194872
Botswana,2023,757081,1659723,119542,252312,504769,437889,1221834
Botswana,2024,760621,1690392,124543,252519,508102,441681,1248711
Botswana,2025,762136,1722515,129665,251935,510201,446824,1275691
Botswana,2026,763091,1754599,134886,251573,511518,453503,1301096
Botswana,2027,762088,1788055,140152,250576,511512,461439,1326616
Botswana,2028,759604,1822345,145536,249060,510544,470047,1352298
Botswana,2029,756587,1856525,151088,247523,509064,478414,1378111
Botswana,2030,753613,1889973,156847,246308,507305,485925,1404048
Botswana,2031,751137,1922194,162870,245431,505706,493172,1429022
Botswana,2032,748638,1953759,169088,244713,503925,499601,1454158
Botswana,2033,746173,1984529,175613,244176,501997,504960,1479569
Botswana,2034,743636,2014515,182540,243722,499914,509013,1505502
Botswana,2035,741001,2043652,189980,243313,497688,511636,1532016
Botswana,2036,739160,2071102,197882,243285,495875,513368,1557734
Botswana,2037,737308,2097687,206205,243206,494102,513591,1584096
Botswana,2038,735508,2123129,215165,243094,492414,512626,1610503
Botswana,2039,733803,2147096,225036,242972,490831,511016,1636080
Botswana,2040,732221,2169360,236020,242872,489349,509151,1660209
Botswana,2041,731514,2189349,247908,243044,488470,507657,1681692
Botswana,2042,730835,2207988,260595,243099,487736,505984,1702004
Botswana,2043,730176,2225120,274221,243045,487131,504136,1720984
Botswana,2044,729483,2240563,288967,242874,486609,502087,1738476
Botswana,2045,728689,2254268,304911,242578,486111,499861,1754407
Botswana,2046,728506,2265880,321665,242364,486142,498241,1767639
Botswana,2047,728120,2276123,339295,241978,486142,496601,1779522
Botswana,2048,727507,2285329,357456,241431,486076,494961,1790368
Botswana,2049,726627,2294034,375601,240731,485896,493348,1800686
Botswana,2050,725427,2302566,393411,239871,485556,491793,1810773
Botswana,2051,724541,2310790,410351,238969,485572,491040,1819750
Botswana,2052,723297,2319113,426689,237999,485298,490400,1828713
Botswana,2053,721674,2327383,442570,236950,484724,489822,1837561
Botswana,2054,719659,2335396,458195,235809,483850,489244,1846152
Botswana,2055,717246,2343053,473667,234558,482688,488634,1854419
Botswana,2056,715132,2350530,488092,233335,481797,488723,1861807
Botswana,2057,712654,2357959,502008,232139,480515,488791,1869168
Botswana,2058,709826,2365246,515489,230950,478876,488756,1876490
Botswana,2059,706676,2372321,528584,229735,476941,488534,1883787
Botswana,2060,703237,2379107,541342,228466,474771,488063,1891044
Botswana,2061,700284,2385673,552927,227366,472918,488049,1897624
Botswana,2062,697078,2392153,563967,226276,470802,487802,1904351
Botswana,2063,693671,2398452,574525,225191,468480,487264,1911188
Botswana,2064,690129,2404507,584642,224125,466004,486385,1918122
Botswana,2065,686506,2410225,594377,223080,463426,485136,1925089
Botswana,2066,683498,2415489,603182,222253,461245,484178,1931311
Botswana,2067,680448,2420629,611415,221474,458974,482889,1937740
Botswana,2068,677381,2425380,619347,220732,456649,481263,1944117
Botswana,2069,674307,2429463,627297,220002,454305,479333,1950130
Botswana,2070,671232,2432648,635525,219264,451968,477127,1955521
Botswana,2071,668771,2434483,643901,218729,450042,475213,1959270
Botswana,2072,666307,2435855,652177,218158,448149,473088,1962767
Botswana,2073,663864,2436442,660690,217559,446305,470771,1965671
Botswana,2074,661453,2435853,669835,216938,444515,468292,1967561
Botswana,2075,659059,2433868,679898,216296,442763,465685,1968183
Botswana,2076,657112,2429847,691092,215746,441366,463450,1966397
Botswana,2077,655186,2424888,702771,215182,440004,461170,1963718
Botswana,2078,653249,2419210,714746,214587,438662,458845,1960365
Botswana,2079,651256,2413203,726676,213935,437321,456490,1956713
Botswana,2080,649154,2407074,738404,213194,435960,454115,1952959
Botswana,2081,647368,2400225,750122,212487,434881,452194,1948031
Botswana,2082,645464,2393692,761221,211716,433748,450326,1943366
Botswana,2083,643429,2387294,771882,210882,432547,448481,1938813
Botswana,2084,641252,2380864,782296,209991,431261,446639,1934225
Botswana,2085,638913,2374276,792575,209041,429872,444784,1929492
Botswana,2086,636818,2367398,802459,208098,428720,443411,1923987
Botswana,2087,634599,2360811,811733,207186,427413,442072,1918739
Botswana,2088,632236,2354389,820546,206285,425951,440727,1913662
Botswana,2089,629703,2348002,829037,205362,424341,439326,1908676
Botswana,2090,626989,2341524,837347,204395,422594,437844,1903680
Botswana,2091,624613,2335068,844842,203518,421095,436782,1898286
Botswana,2092,622105,2328887,851735,202666,419439,435672,1893215
Botswana,2093,619476,2322788,858239,201827,417649,434468,1888320
Botswana,2094,616738,2316570,864544,200985,415753,433122,1883448
Botswana,2095,613890,2310069,870821,200123,413767,431607,1878462
Botswana,2096,611509,2303589,876205,199418,412091,430426,1873163
Botswana,2097,609077,2297205,881162,198727,410350,429121,1868084
Botswana,2098,606580,2290731,885890,198029,408551,427659,1863072
Botswana,2099,604028,2283963,890596,197320,406708,426017,1857946
Botswana,2100,601440,2276731,895437,196619,404821,424177,1852554
Brazil,1950,22432008,29937174,1605547,8983599,13448409,10420396,19516778
Brazil,1951,23220533,30737435,1661256,9442797,13777736,10660251,20077184
Brazil,1952,23964567,31622871,1720038,9815997,14148570,10926725,20696146
Brazil,1953,24719246,32532488,1779124,10161965,14557281,11199719,21332769
Brazil,1954,25503939,33442806,1838147,10486803,15017136,11472486,21970320
Brazil,1955,26319587,34351906,1897703,10804184,15515403,11746092,22605814
Brazil,1956,27253895,35163771,1970157,11152144,16101751,11997868,23165903
Brazil,1957,28207731,35999378,2041837,11454028,16753703,12265579,23733799
Brazil,1958,29177983,36871223,2114836,11731668,17446315,12550441,24320782
Brazil,1959,30159755,37794733,2192025,12018872,18140883,12852967,24941766
Brazil,1960,31151536,38781126,2274892,12345401,18806135,13175935,25605191
Brazil,1961,32194573,39779298,2377892,12679290,19515283,13505563,26273735
Brazil,1962,33257343,40831604,2484301,13057773,20199570,13850556,26981048
Brazil,1963,34310013,41952807,2591199,13453579,20856434,14229370,27723437
Brazil,1964,35308650,43165457,2694547,13815963,21492687,14670976,28494481
Brazil,1965,36226056,44479443,2792521,14113690,22112366,15191424,29288019
Brazil,1966,37213364,45732974,2891461,14461811,22751553,15737928,29995046
Brazil,1967,38067585,47136633,2987160,14637109,23430476,16377835,30758798
Brazil,1968,38823833,48651010,3082221,14693276,24130557,17078437,31572573
Brazil,1969,39534881,50220189,3180002,14716922,24817959,17790007,32430182
Brazil,1970,40225468,51818270,3283055,14775891,25449577,18483998,33334272
Brazil,1971,40901187,53423740,3404034,14799418,26101769,19164944,34258796
Brazil,1972,41564301,55053703,3525594,14873339,26690962,19822961,35230742
Brazil,1973,42204762,56730737,3648779,15001345,27203417,20470077,36260660
Brazil,1974,42804967,58489688,3774712,15172932,27632035,21129022,37360666
Brazil,1975,43366377,60341850,3903873,15384057,27982320,21809715,38532135
Brazil,1976,43990995,62181348,4040739,15654314,28336681,22488667,39692681
Brazil,1977,44602378,64089561,4175928,15971195,28631183,23172416,40917145
Brazil,1978,45207398,66061580,4308691,16316727,28890671,23852438,42209142
Brazil,1979,45820695,68084775,4437156,16671449,29149246,24514645,43570130
Brazil,1980,46453456,70145391,4560914,17026095,29427361,25147831,44997560
Brazil,1981,47260366,72078671,4691871,17492813,29767553,25716679,46361992
Brazil,1982,48046041,74083876,4817448,17850222,30195819,26274897,47808979
Brazil,1983,48815231,76126978,4940112,18112584,30702647,26800524,49326454
Brazil,1984,49558137,78179014,5063533,18292999,31265138,27268645,50910369
Brazil,1985,50253596,80231574,5191111,18406757,31846839,27670385,52561189
Brazil,1986,50973675,82173117,5352672,18503900,32469775,27991543,54181574
Brazil,1987,51593675,84165242,5514571,18450973,33142702,28265108,55900134
Brazil,1988,52124336,86197194,5680012,18300196,33824140,28517395,57679799
Brazil,1989,52578625,88259981,5853375,18121635,34456990,28791243,59468738
Brazil,1990,52959722,90354814,6037609,17964590,34995132,29117101,61237713
Brazil,1991,53180910,92504647,6291020,17694711,35486199,29511994,62992653
Brazil,1992,53378277,94637067,6548934,17557238,35821039,29935905,64701162
Brazil,1993,53522223,96804022,6806437,17517195,36005028,30406212,66397810
Brazil,1994,53582078,99067514,7055531,17516679,36065399,30939271,68128243
Brazil,1995,53556429,101447505,7292678,17513017,36043412,31535769,69911736
Brazil,1996,53515483,103792330,7605493,17560196,35955287,32151562,71640768
Brazil,1997,53410742,106226861,7907561,17612555,35798187,32824809,73402052
Brazil,1998,53248664,108711345,8210631,17646346,35602318,33510492,75200853
Brazil,1999,53042630,111185470,8531143,17637181,35405449,34140386,77045084
Brazil,2000,52797045,113611797,8878745,17571597,35225448,34669829,78941968
Brazil,2001,52631621,115838942,9280107,17571883,35059738,35060807,80778135
Brazil,2002,52362375,118076415,9712231,17389623,34972752,35371768,82704647
Brazil,2003,52027107,120293448,10161594,17085238,34941869,35591129,84702319
Brazil,2004,51668596,122462351,10607511,16745393,34923203,35711826,86750525
Brazil,2005,51301882,124574843,11040636,16433408,34868474,35736936,88837907
Brazil,2006,50846319,126693491,11472602,16037686,34808633,35695012,90998479
Brazil,2007,50417733,128718032,11890872,15733440,34684293,35539454,93178578
Brazil,2008,49988636,130677686,12312707,15507401,34481235,35321912,95355774
Brazil,2009,49520588,132613519,12761889,15326447,34194141,35116088,97497431
Brazil,2010,49005774,134537486,13253009,15166559,33839215,34964349,99573137
Brazil,2011,48478766,136396096,13811826,15030241,33448525,34855636,101540460
Brazil,2012,47955680,138204657,14400646,14969772,32985908,34790220,103414437
Brazil,2013,47429004,139955289,15024339,14949786,32479218,34750842,105204447
Brazil,2014,46897179,141628142,15687812,14927588,31969591,34701427,106926715
Brazil,2015,46362646,143204007,16395455,14875028,31487618,34616263,108587744
Brazil,2016,45966597,144560447,17125821,14918586,31048011,34487976,110072471
Brazil,2017,45514217,145874933,17899128,14828077,30686140,34349894,111525039
Brazil,2018,45046683,147110594,18710677,14647966,30398717,34176853,112933741
Brazil,2019,44615446,148225618,19551653,14448386,30167060,33934829,114290789
Brazil,2020,44239170,149204211,20419665,14279579,29959591,33608162,115596049
Brazil,2021,43867163,150107788,21302949,14074844,29792319,33227454,116880334
Brazil,2022,43562104,150876508,22197339,13923112,29638992,32758939,118117569
Brazil,2023,43291342,151529393,23116475,13811122,29480220,32243495,119285898
Brazil,2024,42999300,152101125,24081554,13702348,29296952,31743945,120357180
Brazil,2025,42657670,152607050,25105832,13571338,29086332,31299030,121308020
Brazil,2026,42317345,153042099,26143365,13442630,28874715,30915644,122126455
Brazil,2027,41940305,153417770,27220600,13308975,28631330,30581817,122835953
Brazil,2028,41530843,153737121,28330556,13168252,28362591,30293811,123443310
Brazil,2029,41109097,153997822,29455957,13028279,28080818,30038388,123959434
Brazil,2030,40687885,154198411,30585918,12893742,27794143,29805664,124392747
Brazil,2031,40300742,154359915,31666158,12777046,27523696,29614936,124744979
Brazil,2032,39910870,154473603,32742408,12660728,27250142,29454507,125019096
Brazil,2033,39520025,154536732,33815925,12545639,26974386,29306770,125229962
Brazil,2034,39127700,154546759,34890022,12430952,26696748,29144829,125401930
Brazil,2035,38733672,154497178,35971732,12316764,26416908,28950786,125546392
Brazil,2036,38380890,154422559,36984035,12220607,26160283,28744542,125678017
Brazil,2037,38028241,154303429,37987974,12119704,25908537,28504715,125798714
Brazil,2038,37676469,154116146,39006642,12015937,25660532,28238530,125877616
Brazil,2039,37326640,153832797,40067043,11911954,25414686,27960221,125872576
Brazil,2040,36979334,153436698,41185624,11809990,25169344,27679242,125757456
Brazil,2041,36670004,152984721,42270341,11720682,24949322,27414528,125570193
Brazil,2042,36365181,152443267,43389064,11632276,24732905,27144254,125299013
Brazil,2043,36064117,151808007,44548297,11545256,24518861,26870989,124937018
Brazil,2044,35765362,151073291,45756884,11459803,24305559,26596720,124476571
Brazil,2045,35467672,150234764,47021843,11375996,24091676,26322383,123912381
Brazil,2046,35206590,149355357,48245436,11304765,23901825,26070888,123284469
Brazil,2047,34950414,148394525,49500193,11236486,23713928,25822441,122572084
Brazil,2048,34696592,147371109,50770077,11169250,23527342,25577104,121794005
Brazil,2049,34441637,146314202,52029533,11100024,23341613,25333958,120980244
Brazil,2050,34182692,145239211,53266141,11026675,23156017,25091829,120147382
Brazil,2051,33963522,144215190,54367606,10967755,22995767,24873998,119341192
Brazil,2052,33739759,143200092,55420779,10899823,22839936,24660575,118539517
Brazil,2053,33511527,142180190,56439077,10824976,22686551,24449804,117730386
Brazil,2054,33280020,141138491,57437984,10746903,22533117,24239319,116899172
Brazil,2055,33044711,140062881,58430015,10668085,22376626,24027388,116035493
Brazil,2056,32839993,139053700,59280812,10596501,22243492,23840505,115213195
Brazil,2057,32635753,138045840,60086281,10527167,22108586,23654260,114391580
Brazil,2058,32428760,137020728,60868825,10458982,21969778,23469090,113551638
Brazil,2059,32214143,135950660,61661754,10389391,21824752,23285285,112665375
Brazil,2060,31988145,134813967,62491282,10316279,21671866,23101819,111712148
Brazil,2061,31795915,133727468,63196252,10254646,21541269,22946902,110780566
Brazil,2062,31598258,132607300,63900559,10192367,21405891,22794669,109812631
Brazil,2063,31393142,131458917,64601708,10128415,21264727,22642875,108816042
Brazil,2064,31179823,130297954,65285772,10062274,21117549,22488825,107809129
Brazil,2065,30957668,129133063,65945831,9993561,20964107,22330306,106802757
Brazil,2066,30775632,128092696,66405694,9939160,20836472,22198469,105894227
Brazil,2067,30588677,127072759,66815835,9882062,20706615,22065102,105007657
Brazil,2068,30395737,126064813,67187076,9822494,20573243,21927793,104137020
Brazil,2069,30196564,125062404,67527504,9761252,20435312,21783974,103278430
Brazil,2070,29990821,124059273,67845219,9698967,20291854,21631838,102427435
Brazil,2071,29823523,123187065,67965032,9649543,20173980,21502046,101685019
Brazil,2072,29655241,122344334,68029595,9600727,20054514,21366771,100977563
Brazil,2073,29484404,121508530,68065337,9551771,19932633,21226253,100282277
Brazil,2074,29308398,120646905,68110171,9501252,19807146,21080809,99566096
Brazil,2075,29124387,119732978,68195792,9447877,19676510,20929639,98803339
Brazil,2076,28977589,118891530,68154182,9407541,19570048,20801206,98090324
Brazil,2077,28828935,118033358,68115290,9364914,19464021,20671604,97361754
Brazil,2078,28677094,117155962,68084770,9319810,19357284,20539938,96616024
Brazil,2079,28519660,116257534,68068536,9271893,19247767,20404301,95853233
Brazil,2080,28352916,115328951,68081199,9220408,19132508,20262151,95066800
Brazil,2081,28223401,114509096,67939005,9180787,19042614,20144974,94364122
Brazil,2082,28091636,113695949,67785355,9138931,18952705,20027185,93668764
Brazil,2083,27953724,112873458,67642434,9094024,18859700,19906461,92966997
Brazil,2084,27806629,112030401,67526894,9045514,18761115,19781242,92249159
Brazil,2085,27648599,111160896,67448463,8993185,18655414,19650733,91510163
Brazil,2086,27526240,110414284,67212803,8951806,18574434,19547138,90867146
Brazil,2087,27399150,109673425,66978742,8908917,18490233,19442495,90230930
Brazil,2088,27264796,108926926,66761608,8863894,18400902,19335400,89591526
Brazil,2089,27121514,108165789,66573374,8816412,18305102,19224860,88940929
Brazil,2090,26968241,107383414,66422850,8766226,18202015,19110032,88273382
Brazil,2091,26847109,106713332,66135391,8726499,18120610,19019900,87693432
Brazil,2092,26721791,106048063,65855651,8686543,18035248,18928854,87119209
Brazil,2093,26591277,105381420,65591546,8645780,17945497,18835896,86545524
Brazil,2094,26453748,104703349,65355544,8603168,17850580,18739092,85964257
Brazil,2095,26306183,103999864,65165098,8557241,17748942,18635811,85364053
Brazil,2096,26192068,103401462,64846579,8523115,17668953,18554226,84847236
Brazil,2097,26074868,102810829,64534047,8487074,17587794,18471131,84339698
Brazil,2098,25951048,102211885,64247206,8447791,17503257,18383822,83828063
Brazil,2099,25817287,101586707,64007300,8404564,17412723,18289148,83297559
Brazil,2100,25671914,100922258,63828880,8357856,17314058,18184845,82737413
Brunei,1950,17481,28172,2348,6673,10808,8679,19493
Brunei,1951,18774,29747,2440,7588,11186,9214,20533
Brunei,1952,20405,31014,2508,9005,11400,9598,21416
Brunei,1953,22023,32357,2588,10396,11627,9943,22414
Brunei,1954,23566,33872,2682,11594,11972,10281,23591
Brunei,1955,25118,35501,2801,12618,12500,10600,24901
Brunei,1956,27278,36716,2868,14075,13203,10923,25793
Brunei,1957,29209,38290,2958,14896,14313,11303,26987
Brunei,1958,31135,39962,3053,15341,15794,11644,28318
Brunei,1959,33228,41551,3140,15675,17553,11876,29675
Brunei,1960,35535,42990,3220,16101,19434,11992,30998
Brunei,1961,37724,44528,3344,16235,21489,12283,32245
Brunei,1962,40167,45896,3453,16687,23480,12480,33416
Brunei,1963,42729,47284,3563,17378,25351,12693,34591
Brunei,1964,45174,48992,3682,18090,27084,13094,35898
Brunei,1965,47413,51195,3817,18678,28735,13794,37401
Brunei,1966,49296,54081,3939,19152,30144,15063,39018
Brunei,1967,50919,57497,4078,19505,31414,16583,40914
Brunei,1968,52391,61316,4243,19801,32590,18289,43027
Brunei,1969,53922,65303,4428,20213,33709,20058,45245
Brunei,1970,55640,69316,4627,20843,34797,21824,47492
Brunei,1971,57399,73499,4828,21391,36008,23921,49578
Brunei,1972,59403,77645,5025,22371,37032,25995,51650
Brunei,1973,61539,81795,5226,23617,37922,27967,53828
Brunei,1974,63593,86065,5451,24836,38757,29757,56308
Brunei,1975,65457,90519,5695,25822,39635,31326,59193
Brunei,1976,67967,94486,5771,27057,40910,34522,59964
Brunei,1977,70033,98930,5810,27778,42255,37399,61531
Brunei,1978,71858,103603,5796,28118,43740,39814,63789
Brunei,1979,73649,108294,5713,28347,45302,41686,66608
Brunei,1980,75461,112940,5548,28692,46769,43009,69931
Brunei,1981,77454,116911,5720,29063,48391,42846,74065
Brunei,1982,79526,120722,5880,29579,49947,42518,78204
Brunei,1983,81632,124482,6022,30222,51410,42174,82308
Brunei,1984,83680,128378,6169,30887,52793,42032,86346
Brunei,1985,85620,132554,6338,31477,54143,42229,90325
Brunei,1986,86116,138383,6473,31809,54307,44516,93867
Brunei,1987,86618,144402,6602,32255,54363,46560,97842
Brunei,1988,87306,150437,6715,32773,54533,48102,102335
Brunei,1989,88304,156413,6797,33379,54925,49002,107411
Brunei,1990,89621,162325,6839,34067,55554,49272,113053
Brunei,1991,91602,167655,7017,34598,57004,51241,116414
Brunei,1992,93554,173211,7198,35381,58173,53005,120206
Brunei,1993,95454,178903,7394,36292,59162,54357,124546
Brunei,1994,97165,184738,7622,37073,60092,55316,129422
Brunei,1995,98540,190759,7893,37461,61079,56018,134741
Brunei,1996,100023,196758,7918,37573,62450,57693,139065
Brunei,1997,101037,203060,7941,37219,63818,59189,143871
Brunei,1998,101672,209582,7968,36472,65200,60228,149354
Brunei,1999,102020,216279,7990,35589,66431,60783,155496
Brunei,2000,102126,223122,7993,34872,67254,61005,162117
Brunei,2001,102399,229152,8566,34475,67924,62692,166460
Brunei,2002,102334,235404,9129,34066,68268,64506,170898
Brunei,2003,102206,241502,9681,33716,68490,66069,175433
Brunei,2004,102009,247265,10249,33365,68644,67163,180102
Brunei,2005,101608,252693,10857,32945,68663,67746,184947
Brunei,2006,101819,256959,11472,32586,69233,69092,187867
Brunei,2007,101583,261256,12025,32145,69438,70509,190747
Brunei,2008,101207,265551,12494,31710,69497,71790,193761
Brunei,2009,100956,269926,12890,31444,69512,72857,197069
Brunei,2010,100886,274553,13223,31426,69460,73706,200847
Brunei,2011,100138,280107,13768,31240,68898,72989,207118
Brunei,2012,99731,285625,14392,31635,68096,72338,213287
Brunei,2013,99500,291087,15129,32361,67139,71786,219301
Brunei,2014,99229,296452,16023,33050,66179,71348,225104
Brunei,2015,98818,301625,17099,33465,65353,71021,230604
Brunei,2016,98966,305929,18301,34280,64686,70728,235201
Brunei,2017,98705,310312,19680,34358,64347,70662,239650
Brunei,2018,98261,314563,21252,33934,64327,70659,243904
Brunei,2019,97966,318384,22986,33403,64563,70481,247903
Brunei,2020,97952,321675,24892,33041,64911,70008,251667
Brunei,2021,97812,324860,26941,32401,65411,69428,255432
Brunei,2022,98002,327449,29141,32104,65898,68547,258902
Brunei,2023,98336,329629,31483,32053,66283,67516,262113
Brunei,2024,98507,331726,33943,32020,66487,66581,265145
Brunei,2025,98362,333887,36522,31841,66521,65888,267999
Brunei,2026,98144,336009,39078,31647,66497,65469,270540
Brunei,2027,97656,338176,41724,31394,66262,65256,272920
Brunei,2028,96953,340304,44485,31079,65874,65222,275082
Brunei,2029,96163,342217,47394,30755,65408,65308,276909
Brunei,2030,95366,343822,50478,30454,64912,65468,278354
Brunei,2031,94665,345222,53525,30196,64469,65799,279423
Brunei,2032,93927,346366,56698,29944,63983,66232,280134
Brunei,2033,93165,347264,60006,29700,63465,66672,280592
Brunei,2034,92374,347923,63419,29460,62914,66988,280935
Brunei,2035,91557,348359,66922,29221,62336,67091,281268
Brunei,2036,90860,348708,70242,29023,61837,67089,281619
Brunei,2037,90154,348848,73629,28832,61322,66869,281979
Brunei,2038,89445,348782,77079,28648,60797,66478,282304
Brunei,2039,88742,348493,80594,28479,60263,66001,282492
Brunei,2040,88060,347979,84163,28333,59727,65492,282487
Brunei,2041,87524,347450,87483,28227,59297,65052,282398
Brunei,2042,87017,346741,90799,28153,58864,64571,282170
Brunei,2043,86538,345840,94153,28104,58434,64061,281779
Brunei,2044,86076,344730,97577,28060,58016,63516,281214
Brunei,2045,85630,343384,101082,28015,57615,62937,280447
Brunei,2046,85351,341986,104344,28021,57330,62432,279554
Brunei,2047,85078,340439,107625,28010,57068,61922,278517
Brunei,2048,84808,338753,110918,27979,56829,61405,277348
Brunei,2049,84541,336945,114188,27928,56613,60879,276066
Brunei,2050,84267,335028,117428,27854,56413,60343,274685
Brunei,2051,84113,333180,120339,27795,56318,59893,273287
Brunei,2052,83931,331292,123181,27699,56232,59456,271836
Brunei,2053,83720,329405,125904,27573,56147,59030,270375
Brunei,2054,83482,327577,128450,27428,56054,58615,268962
Brunei,2055,83200,325867,130793,27266,55934,58218,267649
Brunei,2056,82963,324472,132629,27082,55881,57929,266543
Brunei,2057,82700,323246,134193,26919,55781,57665,265581
Brunei,2058,82392,322094,135591,26764,55628,57421,264673
Brunei,2059,82030,320873,136986,26602,55428,57200,263673
Brunei,2060,81604,319491,138480,26419,55185,56991,262500
Brunei,2061,81228,318168,139749,26243,54985,56882,261286
Brunei,2062,80804,316758,141031,26068,54736,56795,259963
Brunei,2063,80336,315291,142310,25897,54439,56714,258577
Brunei,2064,79834,313799,143546,25726,54108,56616,257183
Brunei,2065,79305,312294,144728,25558,53747,56482,255812
Brunei,2066,78858,310969,145552,25411,53447,56395,254574
Brunei,2067,78405,309675,146274,25283,53122,56283,253392
Brunei,2068,77938,308409,146902,25165,52773,56138,252271
Brunei,2069,77463,307182,147436,25051,52412,55947,251235
Brunei,2070,76975,305974,147901,24938,52037,55699,250275
Brunei,2071,76598,305000,147966,24861,51737,55484,249516
Brunei,2072,76222,304140,147867,24783,51439,55226,248914
Brunei,2073,75849,303294,147719,24707,51142,54931,248363
Brunei,2074,75480,302286,147697,24632,50848,54602,247684
Brunei,2075,75111,301010,147917,24555,50556,54235,246775
Brunei,2076,74846,299710,148038,24506,50340,53916,245794
Brunei,2077,74598,298244,148288,24461,50137,53580,244664
Brunei,2078,74358,296646,148656,24415,49943,53233,243413
Brunei,2079,74107,294953,149116,24360,49747,52872,242081
Brunei,2080,73836,293188,149657,24290,49546,52495,240693
Brunei,2081,73656,291582,149951,24236,49420,52181,239401
Brunei,2082,73471,290005,150220,24171,49300,51880,238125
Brunei,2083,73269,288431,150501,24091,49178,51583,236848
Brunei,2084,73042,286804,150851,23999,49043,51284,235520
Brunei,2085,72780,285092,151325,23890,48890,50979,234113
Brunei,2086,72594,283633,151479,23789,48805,50762,232871
Brunei,2087,72398,282195,151610,23692,48706,50555,231640
Brunei,2088,72168,280750,151783,23593,48575,50355,230395
Brunei,2089,71899,279258,152052,23483,48416,50152,229106
Brunei,2090,71579,277699,152429,23356,48223,49937,227762
Brunei,2091,71336,276423,152445,23245,48091,49805,226618
Brunei,2092,71066,275179,152459,23133,47933,49681,225498
Brunei,2093,70763,273939,152498,23020,47743,49553,224386
Brunei,2094,70433,272674,152585,22904,47529,49415,223259
Brunei,2095,70059,271334,152792,22774,47285,49249,222085
Brunei,2096,69775,270264,152636,22670,47105,49150,221114
Brunei,2097,69478,269221,152468,22572,46906,49042,220179
Brunei,2098,69157,268150,152339,22474,46683,48914,219236
Brunei,2099,68809,267002,152324,22371,46438,48755,218247
Brunei,2100,68427,265727,152454,22262,46165,48551,217176
Bulgaria,1950,1942001,4820999,487999,733000,1209001,1371998,3449001
Bulgaria,1951,1953773,4853762,502975,743840,1209933,1348349,3505413
Bulgaria,1952,1960518,4893199,518253,735528,1224990,1326313,3566886
Bulgaria,1953,1972745,4929552,532314,723181,1249564,1303083,3626469
Bulgaria,1954,1990702,4962993,544178,711805,1278897,1277908,3685085
Bulgaria,1955,2010286,4997323,553796,702421,1307865,1251771,3745552
Bulgaria,1956,2018452,5042523,564130,679812,1338640,1229210,3813313
Bulgaria,1957,2033612,5083704,571731,669877,1363735,1204978,3878726
Bulgaria,1958,2048884,5126157,578487,667346,1381538,1183725,3942432
Bulgaria,1959,2057719,5174578,586615,666560,1391159,1171292,4003286
Bulgaria,1960,2057616,5230566,597343,663293,1394323,1170766,4059800
Bulgaria,1961,2055210,5285489,612679,662513,1392697,1179514,4105975
Bulgaria,1962,2044171,5347905,629984,658817,1385354,1199185,4148720
Bulgaria,1963,2027100,5414316,649184,652843,1374257,1226150,4188166
Bulgaria,1964,2009316,5478505,669901,647408,1361908,1254496,4224009
Bulgaria,1965,1993532,5536874,692064,644149,1349383,1280447,4256427
Bulgaria,1966,1981534,5586940,715861,643447,1338087,1305693,4281247
Bulgaria,1967,1970698,5632555,740134,643112,1327586,1329269,4303286
Bulgaria,1968,1961202,5673665,765052,643372,1317830,1349371,4324294
Bulgaria,1969,1952511,5710996,790994,644411,1308100,1363935,4347061
Bulgaria,1970,1944562,5744688,818226,647080,1297482,1371792,4372896
Bulgaria,1971,1942316,5770967,845685,655214,1287102,1373167,4397800
Bulgaria,1972,1941101,5795028,872482,662326,1278775,1366415,4428613
Bulgaria,1973,1941377,5815730,898567,668637,1272740,1353450,4462280
Bulgaria,1974,1943135,5831874,924130,674123,1269012,1337719,4494155
Bulgaria,1975,1945826,5843190,949345,678743,1267083,1321875,4521315
Bulgaria,1976,1953235,5842756,976544,685379,1267856,1306267,4536489
Bulgaria,1977,1959417,5838700,1003768,688768,1270649,1291763,4546937
Bulgaria,1978,1964019,5835893,1028102,689011,1275008,1279022,4556871
Bulgaria,1979,1966535,5841776,1044876,685895,1280640,1268066,4573710
Bulgaria,1980,1966705,5860163,1051907,679678,1287027,1258736,4601427
Bulgaria,1981,1969958,5884817,1050294,672890,1297068,1250674,4634143
Bulgaria,1982,1968316,5923628,1038727,658977,1309339,1243392,4680236
Bulgaria,1983,1962525,5966885,1023664,640858,1321667,1236908,4729977
Bulgaria,1984,1954073,6000311,1014472,623063,1331010,1231465,4768846
Bulgaria,1985,1943201,6015552,1016538,608292,1334909,1227557,4787995
Bulgaria,1986,1919567,6013773,1039129,587372,1332195,1225364,4788409
Bulgaria,1987,1899003,5991844,1069625,578833,1320170,1224448,4767396
Bulgaria,1988,1876240,5956488,1103829,577061,1299179,1225237,4731251
Bulgaria,1989,1844015,5917687,1135744,572470,1271545,1227746,4689941
Bulgaria,1990,1798948,5880355,1162068,558239,1240709,1231325,4649030
Bulgaria,1991,1755516,5821095,1190279,548848,1206668,1229971,4591124
Bulgaria,1992,1697032,5766164,1213047,523839,1173193,1229062,4537102
Bulgaria,1993,1629253,5714687,1231949,488018,1141235,1227156,4487531
Bulgaria,1994,1561901,5663724,1249044,450924,1110977,1221972,4441752
Bulgaria,1995,1500672,5612855,1265653,419963,1080709,1212637,4400218
Bulgaria,1996,1441357,5566587,1283928,386954,1054403,1203382,4363205
Bulgaria,1997,1389322,5521863,1300541,361578,1027744,1189733,4332130
Bulgaria,1998,1342856,5480352,1314356,343776,999080,1172746,4307606
Bulgaria,1999,1297874,5445446,1323563,331125,966749,1154595,4290851
Bulgaria,2000,1252474,5418269,1327044,321621,930853,1136725,4281544
Bulgaria,2001,1203412,5390607,1336527,313333,890079,1115625,4274982
Bulgaria,2002,1158182,5367473,1340431,312411,845771,1094101,4273372
Bulgaria,2003,1116114,5347643,1340124,316213,799901,1072632,4275011
Bulgaria,2004,1077651,5328244,1337369,322054,755597,1051049,4277195
Bulgaria,2005,1043765,5306555,1333443,328389,715376,1028914,4277641
Bulgaria,2006,1026010,5265448,1333501,344218,681792,1002566,4262882
Bulgaria,2007,1009117,5225501,1332331,352836,656281,977757,4247744
Bulgaria,2008,995192,5183410,1331729,356153,639039,952990,4230420
Bulgaria,2009,986103,5135571,1334356,356927,629176,925645,4209926
Bulgaria,2010,982015,5080636,1341939,357566,624449,894172,4186464
Bulgaria,2011,984039,5013576,1358598,358998,625041,858032,4155544
Bulgaria,2012,987289,4943308,1379786,354956,632333,817360,4125948
Bulgaria,2013,992210,4871018,1402913,348028,644182,774857,4096161
Bulgaria,2014,998479,4799579,1424087,340986,657493,735009,4064570
Bulgaria,2015,1005302,4731126,1440968,335560,669742,700896,4030230
Bulgaria,2016,1005044,4666323,1460127,324211,680833,671776,3994547
Bulgaria,2017,1008601,4602314,1473656,320467,688134,647367,3954947
Bulgaria,2018,1012751,4541365,1482732,321572,691179,628728,3912637
Bulgaria,2019,1013677,4485824,1489238,323152,690525,616756,3869068
Bulgaria,2020,1009853,4436460,1494214,322125,687728,611709,3824751
Bulgaria,2021,1005737,4383385,1503088,323079,682658,612502,3770883
Bulgaria,2022,996064,4337745,1509774,320203,675861,620528,3717217
Bulgaria,2023,982681,4297514,1514300,314364,668317,633151,3664363
Bulgaria,2024,969006,4259374,1516380,307891,661115,646256,3613118
Bulgaria,2025,956770,4221467,1515992,302397,654373,657130,3564337
Bulgaria,2026,944227,4179271,1519411,296880,647347,665470,3513801
Bulgaria,2027,932649,4137780,1520439,291599,641050,671357,3466423
Bulgaria,2028,921819,4097051,1519267,286791,635028,674706,3422345
Bulgaria,2029,910766,4057792,1516212,282176,628590,675888,3381904
Bulgaria,2030,899002,4020204,1511641,277641,621361,675171,3345033
Bulgaria,2031,886202,3979596,1510597,272943,613259,671744,3307852
Bulgaria,2032,873632,3940341,1507553,269013,604619,665531,3274810
Bulgaria,2033,861291,3901539,1503659,265749,595542,657560,3243979
Bulgaria,2034,849434,3861806,1500371,263178,586256,649405,3212401
Bulgaria,2035,838343,3820233,1498559,261322,577021,642077,3178156
Bulgaria,2036,827951,3772415,1502817,260353,567598,634920,3137495
Bulgaria,2037,818683,3723406,1507699,260085,558598,628547,3094859
Bulgaria,2038,810539,3673516,1513021,260325,550214,622593,3050923
Bulgaria,2039,803487,3623279,1518398,260820,542667,616320,3006959
Bulgaria,2040,797516,3573050,1523566,261454,536062,609296,2963754
Bulgaria,2041,793183,3517142,1533714,263232,529951,600931,2916211
Bulgaria,2042,789504,3461890,1543488,264039,525465,592143,2869747
Bulgaria,2043,786658,3408034,1551877,264149,522509,583098,2824936
Bulgaria,2044,784730,3356731,1557500,263917,520813,574039,2782692
Bulgaria,2045,783564,3308638,1559723,263617,519947,565189,2743449
Bulgaria,2046,782359,3259775,1563301,263088,519271,555927,2703848
Bulgaria,2047,781613,3215164,1562696,262060,519553,546852,2668312
Bulgaria,2048,781091,3173152,1559707,260662,520429,538298,2634854
Bulgaria,2049,780435,3131390,1556954,258978,521457,530721,2600669
Bulgaria,2050,779346,3088597,1555924,257062,522284,524437,2564160
Bulgaria,2051,776897,3042944,1559342,254453,522444,519052,2523892
Bulgaria,2052,774205,2997088,1563404,252021,522184,514836,2482252
Bulgaria,2053,771021,2952519,1566802,249648,521373,511793,2440726
Bulgaria,2054,767156,2911462,1567435,247188,519968,509822,2401640
Bulgaria,2055,762528,2875216,1564050,244526,518002,508832,2366384
Bulgaria,2056,756961,2841666,1558926,241778,515183,508451,2333215
Bulgaria,2057,750790,2812639,1549922,238980,511810,508916,2303723
Bulgaria,2058,744077,2788084,1537030,236142,507935,509915,2278169
Bulgaria,2059,737019,2767869,1520220,233353,503666,510976,2256893
Bulgaria,2060,729760,2751713,1499674,230689,499071,511778,2239935
Bulgaria,2061,722217,2738056,1477059,228281,493936,511981,2226075
Bulgaria,2062,714657,2728580,1450494,225941,488716,511755,2216825
Bulgaria,2063,707164,2721715,1421583,223722,483442,511047,2210668
Bulgaria,2064,699848,2715328,1392510,221697,478151,509830,2205498
Bulgaria,2065,692802,2707955,1364786,219941,472861,508106,2199849
Bulgaria,2066,685864,2697668,1340574,218565,467299,505419,2192249
Bulgaria,2067,679412,2686812,1317194,217342,462070,502100,2184712
Bulgaria,2068,673477,2674882,1295238,216282,457195,498273,2176609
Bulgaria,2069,668057,2661303,1275404,215392,452665,494130,2167173
Bulgaria,2070,663135,2645664,1258226,214701,448434,489799,2155865
Bulgaria,2071,658518,2625439,1246466,214385,444133,484801,2140638
Bulgaria,2072,654469,2603503,1237028,213995,440474,479651,2123852
Bulgaria,2073,650970,2580646,1229147,213563,437407,474442,2106204
Bulgaria,2074,647954,2558170,1221602,213126,434828,469268,2088902
Bulgaria,2075,645309,2536787,1213782,212717,432592,464210,2072577
Bulgaria,2076,642792,2514532,1207908,212450,430342,458917,2055615
Bulgaria,2077,640619,2493973,1201181,211964,428655,453818,2040155
Bulgaria,2078,638690,2474522,1194270,211297,427393,448975,2025547
Bulgaria,2079,636880,2455501,1187941,210484,426396,444470,2011031
Bulgaria,2080,635081,2436570,1182578,209578,425503,440390,1996180
Bulgaria,2081,632910,2416469,1179817,208531,424379,436436,1980033
Bulgaria,2082,630757,2397217,1177168,207329,423428,432918,1964299
Bulgaria,2083,628564,2378861,1174584,206007,422557,429876,1948985
Bulgaria,2084,626224,2361336,1172160,204588,421636,427295,1934041
Bulgaria,2085,623585,2344380,1170212,203071,420514,425136,1919244
Bulgaria,2086,620489,2327707,1169125,201431,419058,423276,1904431
Bulgaria,2087,617253,2312072,1167753,199802,417451,421804,1890268
Bulgaria,2088,613756,2297215,1166373,198155,415601,420617,1876598
Bulgaria,2089,609926,2282940,1165092,196466,413460,419586,1863354
Bulgaria,2090,605734,2269100,1163980,194736,410998,418615,1850485
Bulgaria,2091,601678,2257249,1160901,193204,408474,417925,1839324
Bulgaria,2092,597413,2246097,1157443,191674,405739,417223,1828874
Bulgaria,2093,592929,2235327,1153899,190152,402777,416424,1818903
Bulgaria,2094,588268,2224660,1150490,188649,399619,415427,1809233
Bulgaria,2095,583475,2213931,1147299,187187,396288,414187,1799744
Bulgaria,2096,579302,2205243,1141449,186139,393163,413041,1792202
Bulgaria,2097,575073,2196546,1135609,185065,390008,411555,1784991
Bulgaria,2098,570840,2187565,1129952,183994,386846,409741,1777824
Bulgaria,2099,566681,2177987,1124633,182982,383699,407630,1770357
Bulgaria,2100,562670,2167449,1119860,182129,380541,405229,1762220
Burkina Faso,1950,1744969,2453702,85790,691627,1053342,832133,1621569
Burkina Faso,1951,1769865,2465517,89112,702284,1067581,831776,1633741
Burkina Faso,1952,1792216,2483066,91852,709419,1082797,835007,1648059
Burkina Faso,1953,1812421,2506709,94072,714910,1097511,842144,1664565
Burkina Faso,1954,1831682,2535667,95819,721920,1109762,852981,1682686
Burkina Faso,1955,1850924,2569110,97121,733591,1117333,867255,1701855
Burkina Faso,1956,1883661,2590212,101069,752444,1131217,874984,1715228
Burkina Faso,1957,1913991,2617316,104648,767008,1146983,886412,1730904
Burkina Faso,1958,1942504,2649049,107787,779343,1163161,900768,1748281
Burkina Faso,1959,1969627,2684005,110445,791431,1178196,916919,1767086
Burkina Faso,1960,1995469,2721218,112601,805708,1189761,934157,1787061
Burkina Faso,1961,2037325,2740122,117133,828015,1209310,941142,1798980
Burkina Faso,1962,2075294,2763796,121236,842588,1232706,950436,1813360
Burkina Faso,1963,2111130,2791758,124933,853120,1258010,962093,1829665
Burkina Faso,1964,2147082,2823536,128272,864299,1282783,976016,1847520
Burkina Faso,1965,2184553,2859014,131303,880633,1303920,992263,1866751
Burkina Faso,1966,2235290,2884126,136947,903052,1332238,1000710,1883416
Burkina Faso,1967,2286592,2914173,142254,923758,1362834,1011546,1902627
Burkina Faso,1968,2337905,2948967,147169,944198,1393707,1025309,1923658
Burkina Faso,1969,2387774,2988750,151650,964849,1422925,1042700,1946050
Burkina Faso,1970,2435323,3033580,155697,986982,1448341,1064132,1969448
Burkina Faso,1971,2497192,3064109,162080,1016586,1480606,1077488,1986621
Burkina Faso,1972,2554535,3102562,168076,1038049,1516486,1095838,2006724
Burkina Faso,1973,2609314,3147491,173678,1055366,1553948,1118671,2028820
Burkina Faso,1974,2664540,3196633,178868,1074237,1590303,1144807,2051826
Burkina Faso,1975,2722076,3248837,183632,1099901,1622175,1173614,2075223
Burkina Faso,1976,2795877,3287024,191136,1133212,1662665,1192818,2094206
Burkina Faso,1977,2871718,3329076,198141,1166649,1705069,1215154,2113922
Burkina Faso,1978,2949561,3376559,204699,1201478,1748083,1241347,2135212
Burkina Faso,1979,3028904,3431865,210887,1238100,1790804,1272167,2159698
Burkina Faso,1980,3109929,3496159,216755,1278246,1831683,1308024,2188135
Burkina Faso,1981,3209353,3550555,225252,1328953,1880400,1334362,2216193
Burkina Faso,1982,3307232,3617343,233680,1369725,1937507,1366496,2250847
Burkina Faso,1983,3405104,3693884,241917,1404543,2000561,1403597,2290287
Burkina Faso,1984,3504492,3776957,249793,1438380,2066112,1444384,2332573
Burkina Faso,1985,3605473,3865225,257209,1476003,2129470,1488388,2376837
Burkina Faso,1986,3719360,3946523,264811,1519189,2200171,1524397,2422126
Burkina Faso,1987,3831974,4036226,271873,1555724,2276250,1564055,2472171
Burkina Faso,1988,3943632,4134321,278352,1589283,2354349,1607814,2526507
Burkina Faso,1989,4054199,4241464,284160,1623700,2430499,1656361,2585103
Burkina Faso,1990,4163498,4358278,289258,1662882,2500616,1710303,2647975
Burkina Faso,1991,4284235,4471189,294660,1707981,2576254,1758878,2712311
Burkina Faso,1992,4403230,4594728,299155,1751338,2651892,1812297,2782431
Burkina Faso,1993,4520777,4728857,302842,1794853,2725924,1870958,2857899
Burkina Faso,1994,4637390,4873444,305754,1840420,2796970,1935178,2938266
Burkina Faso,1995,4753740,5028185,307953,1890760,2862980,2005063,3023122
Burkina Faso,1996,4889184,5171754,311807,1952718,2936466,2067554,3104200
Burkina Faso,1997,5022508,5328179,314859,2008109,3014399,2136416,3191763
Burkina Faso,1998,5155611,5495833,317280,2060364,3095247,2210077,3285756
Burkina Faso,1999,5290719,5672724,319258,2113626,3177093,2286092,3386632
Burkina Faso,2000,5429017,5857980,320945,2172254,3256763,2363169,3494811
Burkina Faso,2001,5588070,6030372,326145,2241356,3346714,2428616,3601756
Burkina Faso,2002,5747331,6214802,330967,2302822,3444509,2496378,3718424
Burkina Faso,2003,5908218,6410881,335522,2360659,3547559,2566833,3844048
Burkina Faso,2004,6072270,6618328,339971,2419918,3652352,2640563,3977765
Burkina Faso,2005,6240652,6836894,344384,2486277,3754375,2718074,4118820
Burkina Faso,2006,6432259,7043933,352985,2564729,3867530,2786404,4257529
Burkina Faso,2007,6625598,7264935,361488,2637112,3988486,2859258,4405677
Burkina Faso,2008,6820778,7499164,369784,2706121,4114657,2937199,4561965
Burkina Faso,2009,7016931,7746489,377679,2773744,4243187,3021102,4725387
Burkina Faso,2010,7213255,8006839,385123,2842945,4370310,3111584,4895255
Burkina Faso,2011,7426958,8259137,395809,2920980,4505978,3196844,5062293
Burkina Faso,2012,7636308,8528760,406148,2986453,4649855,3290165,5238595
Burkina Faso,2013,7842925,8813570,416228,3044453,4798472,3390855,5422715
Burkina Faso,2014,8048608,9111212,426157,3101095,4947513,3497715,5613497
Burkina Faso,2015,8253725,9420818,436081,3161237,5092488,3610141,5810677
Burkina Faso,2016,8463167,9733933,449333,3220646,5242521,3721547,6012386
Burkina Faso,2017,8671841,10059244,462297,3281716,5390125,3837920,6221324
Burkina Faso,2018,8877962,10398280,475409,3344638,5533324,3960300,6437980
Burkina Faso,2019,9079212,10753167,489181,3408292,5670920,4089855,6663312
Burkina Faso,2020,9274882,11124508,503955,3472513,5802369,4226775,6897733
Burkina Faso,2021,9477603,11496680,522678,3542015,5935588,4361898,7134782
Burkina Faso,2022,9674148,11886138,542056,3607285,6066863,4503664,7382474
Burkina Faso,2023,9866012,12291471,562199,3670073,6195939,4650652,7640819
Burkina Faso,2024,10056125,12709983,583154,3733295,6322830,4800217,7909766
Burkina Faso,2025,10246439,13139741,605045,3799679,6446760,4950376,8189365
Burkina Faso,2026,10448505,13566789,630255,3872626,6575879,5093662,8473127
Burkina Faso,2027,10649480,14006611,655953,3942448,6707032,5237476,8769135
Burkina Faso,2028,10849570,14458438,682532,4010576,6838994,5381115,9077323
Burkina Faso,2029,11048620,14921693,710459,4078202,6970418,5523558,9398135
Burkina Faso,2030,11246592,15395790,740106,4146901,7099691,5664062,9731728
Burkina Faso,2031,11456621,15865508,773318,4221584,7235037,5795603,10069905
Burkina Faso,2032,11664016,16347609,807733,4290778,7373238,5925092,10422517
Burkina Faso,2033,11868930,16841554,843357,4356269,7512661,6053748,10787806
Burkina Faso,2034,12071564,17346869,880007,4420200,7651364,6183195,11163674
Burkina Faso,2035,12271884,17863040,917790,4484702,7787182,6314433,11548607
Burkina Faso,2036,12482237,18375882,958161,4553355,7928882,6441778,11934104
Burkina Faso,2037,12688848,18900910,998975,4617676,8071172,6570873,12330037
Burkina Faso,2038,12891127,19437215,1041192,4678785,8212342,6702218,12734997
Burkina Faso,2039,13088290,19983796,1085989,4737601,8350689,6836029,13147767
Burkina Faso,2040,13279817,20539775,1134205,4795296,8484521,6972261,13567514
Burkina Faso,2041,13479235,21090542,1186523,4856580,8622655,7106075,13984467
Burkina Faso,2042,13671633,21652601,1240970,4912374,8759259,7242436,14410165
Burkina Faso,2043,13856924,22225118,1297847,4964051,8892873,7381245,14843873
Burkina Faso,2044,14035314,22807021,1357433,5013215,9022099,7521909,15285112
Burkina Faso,2045,14206921,23397345,1420042,5061440,9145481,7663819,15733526
Burkina Faso,2046,14384654,23981803,1486575,5112606,9272048,7802939,16178864
Burkina Faso,2047,14554824,24575916,1554912,5159645,9395179,7942929,16632987
Burkina Faso,2048,14717559,25179447,1625137,5203814,9513745,8083605,17095842
Burkina Faso,2049,14873391,25792128,1697098,5246586,9626805,8224320,17567808
Burkina Faso,2050,15022903,26413210,1770940,5289424,9733479,8364353,18048857
Burkina Faso,2051,15179517,27028642,1847071,5336263,9843254,8500653,18527989
Burkina Faso,2052,15330005,27652936,1923756,5380947,9949058,8635463,19017473
Burkina Faso,2053,15474099,28284884,2001937,5423762,10050337,8768764,19516120
Burkina Faso,2054,15611515,28923123,2082635,5464648,10146867,8900245,20022878
Burkina Faso,2055,15742318,29566161,2166725,5504013,10238305,9029440,20536721
Burkina Faso,2056,15882904,30197295,2254121,5549028,10333876,9153617,21043678
Burkina Faso,2057,16015655,30835379,2343325,5587721,10427934,9275310,21560069
Burkina Faso,2058,16141574,31478255,2435273,5621961,10519613,9394378,22083877
Burkina Faso,2059,16262262,32123257,2530863,5654438,10607824,9510281,22612976
Burkina Faso,2060,16378651,32768359,2630991,5687431,10691220,9622616,23145743
Burkina Faso,2061,16503871,33399845,2735864,5724184,10779687,9730854,23668991
Burkina Faso,2062,16624916,34032500,2843298,5759497,10865419,9835086,24197414
Burkina Faso,2063,16740984,34665600,2954490,5793463,10947521,9936237,24729363
Burkina Faso,2064,16850790,35298837,3070688,5825490,11025300,10035331,25263506
Burkina Faso,2065,16953781,35931245,3193028,5855525,11098256,10132829,25798416
Burkina Faso,2066,17066368,36545010,3322544,5890567,11175801,10227756,26317254
Burkina Faso,2067,17171268,37160648,3455544,5920036,11251232,10321000,26839648
Burkina Faso,2068,17268890,37775671,3593553,5945041,11323849,10412714,27362957
Burkina Faso,2069,17360105,38386900,3738273,5967222,11392883,10502630,27884270
Burkina Faso,2070,17445298,38992085,3890996,5988029,11457269,10590480,28401605
Burkina Faso,2071,17538607,39575395,4052970,6012190,11526417,10676598,28898797
Burkina Faso,2072,17625125,40155737,4219746,6032375,11592750,10760643,29395094
Burkina Faso,2073,17704533,40732806,4391430,6049377,11655156,10842817,29889989
Burkina Faso,2074,17776398,41306920,4567626,6063879,11712519,10923059,30383861
Burkina Faso,2075,17840530,41877640,4748442,6076632,11763898,11001150,30876490
Burkina Faso,2076,17911902,42430133,4933285,6092574,11819328,11078216,31351917
Burkina Faso,2077,17975540,42981698,5119402,6105307,11870233,11152723,31828975
Burkina Faso,2078,18031294,43530949,5307979,6115312,11915982,11225047,32305902
Burkina Faso,2079,18079312,44076347,5500099,6123155,11956157,11295348,32780999
Burkina Faso,2080,18119864,44616231,5696786,6129487,11990377,11363495,33252736
Burkina Faso,2081,18168989,45137060,5895265,6140002,12028987,11431234,33705826
Burkina Faso,2082,18210667,45655538,6094412,6147293,12063374,11496457,34159081
Burkina Faso,2083,18244762,46169769,6295724,6151669,12093093,11558989,34610780
Burkina Faso,2084,18271144,46677843,6500597,6153296,12117848,11618235,35059608
Burkina Faso,2085,18289828,47177915,6710362,6152568,12137260,11673634,35504281
Burkina Faso,2086,18317595,47656306,6921534,6156189,12161406,11727376,35928930
Burkina Faso,2087,18337002,48130951,7133482,6154669,12182333,11777212,36353739
Burkina Faso,2088,18348724,48599465,7347892,6149359,12199365,11823324,36776141
Burkina Faso,2089,18353881,49059194,7566398,6142156,12211725,11865689,37193505
Burkina Faso,2090,18353187,49507951,7790501,6134606,12218581,11904194,37603757
Burkina Faso,2091,18360000,49935072,8017437,6130007,12229993,11941886,37993186
Burkina Faso,2092,18361942,50354758,8245176,6124880,12237062,11975325,38379433
Burkina Faso,2093,18358391,50765725,8475373,6119092,12239299,12005099,38760626
Burkina Faso,2094,18348449,51167078,8709587,6111952,12236497,12031746,39135332
Burkina Faso,2095,18331653,51557596,8949318,6102906,12228747,12055457,39502139
Burkina Faso,2096,18324746,51923497,9191509,6099092,12225654,12078727,39844770
Burkina Faso,2097,18311049,52283627,9433964,6091279,12219770,12099123,40184504
Burkina Faso,2098,18290747,52636155,9678423,6079709,12211038,12116700,40519455
Burkina Faso,2099,18265161,52978444,9926379,6065901,12199260,12130963,40847481
Burkina Faso,2100,18235989,53307665,10179213,6052217,12183772,12141350,41166315
Burundi,1950,943949,1290147,74824,377410,566539,439169,850978
Burundi,1951,972329,1310422,76372,395527,576802,445277,865145
Burundi,1952,1001310,1325008,77193,417417,583893,449519,875489
Burundi,1953,1027132,1340621,77667,436490,590642,454114,886507
Burundi,1954,1049546,1359924,77920,451219,598327,459863,900061
Burundi,1955,1070432,1382807,77945,463199,607233,466690,916117
Burundi,1956,1102788,1396062,78885,482830,619958,470186,925876
Burundi,1957,1130414,1416996,79823,491712,638702,476410,940586
Burundi,1958,1156733,1441733,80675,495030,661703,483938,957795
Burundi,1959,1184479,1466516,81443,498042,686437,491325,975191
Burundi,1960,1214256,1489722,82128,504706,709550,498011,991711
Burundi,1961,1245795,1509460,84411,509238,736557,503419,1006041
Burundi,1962,1280020,1527175,86474,518409,761611,508046,1019129
Burundi,1963,1315676,1545879,88371,531693,783983,513496,1032383
Burundi,1964,1350541,1570119,90199,546773,803768,522175,1047944
Burundi,1965,1383948,1601952,91976,562433,821515,535315,1066637
Burundi,1966,1428552,1629393,94778,582114,846438,549424,1079969
Burundi,1967,1470507,1665982,97534,598344,872163,568851,1097131
Burundi,1968,1508486,1707668,100079,611496,896990,591963,1115705
Burundi,1969,1540659,1748917,102177,621819,918840,616310,1132607
Burundi,1970,1564962,1786908,103736,629296,935666,640484,1146424
Burundi,1971,1592837,1804748,107806,638717,954120,658098,1146650
Burundi,1972,1611862,1820782,111403,642180,969682,677138,1143644
Burundi,1973,1625406,1838375,114709,642947,982459,697919,1140456
Burundi,1974,1639238,1861436,117911,646378,992860,720423,1141013
Burundi,1975,1658234,1892182,121078,657714,1000520,744505,1147677
Burundi,1976,1680962,1935050,123647,672616,1008346,768279,1166771
Burundi,1977,1709639,1985273,126282,692313,1017326,790984,1194289
Burundi,1978,1743698,2041083,128987,716580,1027118,812031,1229052
Burundi,1979,1781235,2100370,131705,744017,1037218,831230,1269140
Burundi,1980,1821395,2161097,134325,774609,1046786,848289,1312808
Burundi,1981,1881590,2203853,137752,815348,1066242,856185,1347668
Burundi,1982,1941009,2251245,141132,848226,1092783,864887,1386358
Burundi,1983,2002888,2301454,144386,876951,1125937,873622,1427832
Burundi,1984,2070910,2352928,147454,906268,1164642,881660,1471268
Burundi,1985,2146205,2405497,150364,939483,1206722,888993,1516504
Burundi,1986,2232275,2455137,154153,972723,1259552,896125,1559012
Burundi,1987,2322559,2507366,157811,1006087,1316472,903867,1603499
Burundi,1988,2412756,2561908,161292,1038156,1374600,913067,1648841
Burundi,1989,2496380,2619123,164521,1065977,1430403,925134,1693989
Burundi,1990,2569403,2678597,167415,1088579,1480824,940705,1737892
Burundi,1991,2669647,2702032,170369,1121328,1548319,944632,1757400
Burundi,1992,2757225,2731181,172733,1139656,1617569,957087,1774094
Burundi,1993,2832304,2764599,174495,1147132,1685172,978350,1786249
Burundi,1994,2895893,2800063,175651,1148692,1747201,1007964,1792099
Burundi,1995,2948530,2837276,176252,1148737,1799793,1045578,1791698
Burundi,1996,2995373,2865222,180517,1148323,1847050,1075487,1789735
Burundi,1997,3033515,2894294,184288,1144034,1889481,1111100,1783194
Burundi,1998,3068261,2930376,187715,1140261,1928000,1153899,1776477
Burundi,1999,3107189,2980768,190983,1142168,1965021,1205264,1775504
Burundi,2000,3156537,3049997,194172,1154396,2002141,1266184,1783813
Burundi,2001,3183064,3175060,197705,1160748,2022316,1335319,1839741
Burundi,2002,3221264,3318766,201539,1176382,2044882,1407880,1910886
Burundi,2003,3270362,3477213,205538,1201391,2068971,1481555,1995658
Burundi,2004,3328956,3644036,209459,1235692,2093264,1552968,2091068
Burundi,2005,3396142,3814034,213113,1279331,2116811,1619711,2194323
Burundi,2006,3476406,3981496,217436,1331248,2145158,1682502,2298994
Burundi,2007,3565035,4152887,221651,1390030,2175005,1742926,2409961
Burundi,2008,3660672,4325896,225696,1453215,2207457,1799541,2526355
Burundi,2009,3761139,4498417,229475,1516537,2244602,1850241,2648176
Burundi,2010,3865157,4668704,233069,1577319,2287838,1893429,2775275
Burundi,2011,4000524,4806502,236482,1651170,2349354,1924892,2881610
Burundi,2012,4134100,4946001,239609,1709293,2424807,1951224,2994777
Burundi,2013,4269633,5087374,243179,1756943,2512690,1974371,3113003
Burundi,2014,4412281,5231333,248176,1802615,2609666,1997240,3234093
Burundi,2015,4564448,5379587,255235,1853262,2711186,2022440,3357147
Burundi,2016,4722582,5535519,266016,1901345,2821237,2050029,3485490
Burundi,2017,4888317,5697548,278380,1952139,2936178,2079656,3617892
Burundi,2018,5057122,5867121,292207,2004574,3052548,2114244,3752877
Burundi,2019,5221615,6046955,307394,2054766,3166849,2158115,3888840
Burundi,2020,5377083,6238292,323852,2100239,3276844,2213807,4024485
Burundi,2021,5534859,6428172,342426,2145819,3389040,2277858,4150314
Burundi,2022,5681449,6632079,361942,2182965,3498484,2354679,4277400
Burundi,2023,5818119,6849215,381969,2213881,3604238,2442477,4406738
Burundi,2024,5947819,7077703,401821,2242417,3705402,2538058,4539645
Burundi,2025,6072255,7316593,421158,2271687,3800568,2639191,4677402
Burundi,2026,6197848,7558886,440405,2300507,3897341,2744494,4814392
Burundi,2027,6317360,7812627,458746,2328830,3988530,2855483,4957144
Burundi,2028,6431378,8077572,476585,2357991,4073387,2970036,5107536
Burundi,2029,6540710,8353419,494487,2389166,4151544,3085295,5268124
Burundi,2030,6646602,8639498,512749,2423588,4223014,3199070,5440428
Burundi,2031,6758703,8926710,531074,2462139,4296564,3309207,5617503
Burundi,2032,6868862,9223305,549549,2503340,4365522,3416779,5806526
Burundi,2033,6978170,9529416,567664,2547287,4430883,3521472,6007944
Burundi,2034,7088246,9845136,584506,2594062,4494184,3623183,6221953
Burundi,2035,7200650,10169813,599732,2644184,4556466,3721613,6448200
Burundi,2036,7328663,10490251,613487,2703235,4625428,3813738,6676513
Burundi,2037,7457890,10820650,625857,2759552,4698338,3902967,6917683
Burundi,2038,7589473,11158403,638182,2814203,4775270,3988636,7169767
Burundi,2039,7724405,11500438,652225,2868574,4855831,4069973,7430465
Burundi,2040,7862984,11844930,669162,2924235,4938749,4146764,7698166
Burundi,2041,8017108,12179243,689597,2986022,5031086,4217294,7961949
Burundi,2042,8171967,12518886,712488,3041794,5130173,4284809,8234077
Burundi,2043,8327341,12863013,738159,3093141,5234200,4350574,8512439
Burundi,2044,8482136,13211418,766971,3141614,5340522,4416708,8794710
Burundi,2045,8635086,13564136,799317,3188766,5446320,4484853,9079283
Burundi,2046,8795456,13910242,836443,3236710,5558746,4554312,9355930
Burundi,2047,8951620,14263025,876305,3279509,5672111,4626687,9636338
Burundi,2048,9102775,14622157,919387,3318372,5784403,4702903,9919254
Burundi,2049,9247827,14987384,966334,3354431,5893396,4784122,10203262
Burundi,2050,9385917,15358555,1017572,3388753,5997164,4870994,10487561
Burundi,2051,9526020,15725733,1073687,3422507,6103513,4963438,10762295
Burundi,2052,9658351,16100516,1132620,3453769,6204582,5061766,11038750
Burundi,2053,9782713,16483207,1194026,3483173,6299540,5165017,11318190
Burundi,2054,9899287,16874022,1257331,3511338,6387949,5271537,11602485
Burundi,2055,10008507,17272744,1322198,3538935,6469572,5379953,11892791
Burundi,2056,10121386,17669226,1387556,3568602,6552784,5490416,12178810
Burundi,2057,10226941,18074334,1453451,3596840,6630101,5602501,12471833
Burundi,2058,10326042,18488002,1519316,3624382,6701660,5714690,12773312
Burundi,2059,10420221,18910103,1584092,3652276,6767945,5824882,13085221
Burundi,2060,10510868,19339938,1647360,3681562,6829306,5931488,13408450
Burundi,2061,10610335,19767246,1706961,3715819,6894516,6035074,13732172
Burundi,2062,10706525,20202362,1764556,3749511,6957014,6134689,14067673
Burundi,2063,10800187,20643566,1821302,3783067,7017120,6229883,14413683
Burundi,2064,10892170,21088900,1878527,3816945,7075225,6320271,14768629
Burundi,2065,10983236,21536531,1937400,3851823,7131413,6405575,15130956
Burundi,2066,11087200,21975029,1995454,3893058,7194142,6486623,15488406
Burundi,2067,11189424,22417381,2054066,3931381,7258043,6562839,15854542
Burundi,2068,11290270,22860748,2115344,3967427,7322843,6634656,16226092
Burundi,2069,11389772,23301918,2181968,4001816,7387956,6702844,16599074
Burundi,2070,11487735,23738761,2255777,4035329,7452406,6768060,16970701
Burundi,2071,11596820,24159112,2335952,4072980,7523840,6831612,17327500
Burundi,2072,11702407,24578070,2421686,4105471,7596936,6893063,17685007
Burundi,2073,11804473,24995117,2513003,4133930,7670543,6953131,18041986
Burundi,2074,11902678,25410314,2609644,4159627,7743051,7012790,18397524
Burundi,2075,11996460,25823530,2711743,4183678,7812782,7072759,18750771
Burundi,2076,12095677,26224077,2819813,4208503,7887174,7135118,19088959
Burundi,2077,12189526,26624978,2931222,4230311,7959215,7198271,19426707
Burundi,2078,12277150,27025829,3046573,4249349,8027801,7262583,19763246
Burundi,2079,12357342,27426491,3166485,4265440,8091902,7328415,20098076
Burundi,2080,12429300,27826606,3291503,4278585,8150715,7395860,20430746
Burundi,2081,12503657,28214974,3421777,4292238,8211419,7466668,20748306
Burundi,2082,12569084,28605547,3554510,4301994,8267090,7539243,21066304
Burundi,2083,12626163,28997772,3689676,4308935,8317228,7612782,21384990
Burundi,2084,12676282,29390845,3826897,4314819,8361463,7685943,21704902
Burundi,2085,12720467,29783800,3966168,4320974,8399493,7757643,22026157
Burundi,2086,12767970,30169292,4105460,4328542,8439428,7830726,22338566
Burundi,2087,12810892,30555476,4244247,4337664,8473228,7901848,22653628
Burundi,2088,12848672,30941995,4383200,4347561,8501111,7970412,22971583
Burundi,2089,12880523,31328826,4522850,4356737,8523786,8035632,23293194
Burundi,2090,12906436,31715071,4663872,4364361,8542075,8096762,23618309
Burundi,2091,12941587,32090649,4801012,4377458,8564129,8156047,23934602
Burundi,2092,12970267,32468252,4937200,4386079,8584188,8211303,24256949
Burundi,2093,12993866,32844809,5074055,4391391,8602475,8262014,24582795
Burundi,2094,13014438,33216518,5213293,4395463,8618975,8307513,24909005
Burundi,2095,13033322,33580536,5356373,4400212,8633110,8347409,25233127
Burundi,2096,13061027,33931781,5497791,4408136,8652891,8385409,25546372
Burundi,2097,13086973,34277988,5640291,4415219,8671754,8418059,25859929
Burundi,2098,13111032,34617506,5785532,4421942,8689090,8446039,26171467
Burundi,2099,13131812,34949610,5935484,4427533,8704279,8470535,26479075
Burundi,2100,13147795,35273910,6091879,4430793,8717002,8492472,26781438
Cambodia,1950,1871394,2441370,119950,739602,1131792,859758,1581612
Cambodia,1951,1931957,2482777,122809,779606,1152351,873499,1609278
Cambodia,1952,2006738,2524387,125152,833677,1173061,887281,1637106
Cambodia,1953,2083034,2572828,127230,885520,1197514,903303,1669525
Cambodia,1954,2155834,2628827,129034,928718,1227116,921635,1707192
Cambodia,1955,2225538,2689349,130401,963673,1261865,941185,1748164
Cambodia,1956,2311717,2731087,133854,1011730,1299987,954139,1776948
Cambodia,1957,2386653,2784265,137224,1035055,1351598,971272,1812993
Cambodia,1958,2458278,2842817,140224,1044512,1413766,990285,1852532
Cambodia,1959,2534205,2901825,142645,1052169,1482036,1009176,1892649
Cambodia,1960,2617585,2960314,144471,1067370,1550215,1027671,1932643
Cambodia,1961,2699417,3024104,149494,1074808,1624609,1047985,1976119
Cambodia,1962,2790955,3083836,153760,1096747,1694208,1066576,2017260
Cambodia,1963,2883805,3142646,157296,1128233,1755572,1086204,2056442
Cambodia,1964,2964713,3206608,160262,1157756,1806957,1111469,2095139
Cambodia,1965,3025999,3278455,162743,1176633,1849366,1144754,2133701
Cambodia,1966,3080458,3336999,167309,1197786,1882672,1178193,2158806
Cambodia,1967,3113121,3401100,171100,1204162,1908959,1217882,2183218
Cambodia,1968,3132460,3472000,174263,1200497,1931963,1262937,2209063
Cambodia,1969,3153576,3548690,176918,1198466,1955110,1311171,2237519
Cambodia,1970,3185692,3630039,179117,1207444,1978248,1360971,2269068
Cambodia,1971,3230609,3722235,184905,1222737,2007872,1413384,2308851
Cambodia,1972,3291188,3818772,190192,1251864,2039324,1467096,2351676
Cambodia,1973,3347275,3905757,194253,1283140,2064135,1514790,2390967
Cambodia,1974,3364356,3970635,196433,1290210,2074146,1548920,2421715
Cambodia,1975,3318479,4007636,196478,1252503,2065976,1565896,2441740
Cambodia,1976,3232560,3973484,196829,1211839,2020721,1539639,2433845
Cambodia,1977,3086084,3913552,194643,1115232,1970852,1496247,2417305
Cambodia,1978,2918052,3846701,190813,993271,1924781,1445545,2401156
Cambodia,1979,2790680,3791838,186206,903650,1887030,1398842,2392996
Cambodia,1980,2748254,3762502,181351,892755,1855499,1364527,2397975
Cambodia,1981,2734396,3825755,188042,881409,1852987,1383330,2442425
Cambodia,1982,2821263,3901977,194861,984058,1837205,1408920,2493057
Cambodia,1983,2975041,3991344,201851,1164530,1810511,1440892,2550452
Cambodia,1984,3137224,4099482,209313,1353236,1783988,1480563,2618919
Cambodia,1985,3272500,4223328,217150,1498716,1773784,1526197,2697131
Cambodia,1986,3451526,4283287,224163,1682715,1768811,1550966,2732321
Cambodia,1987,3573003,4390184,232850,1755011,1817992,1595058,2795126
Cambodia,1988,3670615,4520755,242428,1748163,1922452,1645110,2875645
Cambodia,1989,3796097,4641356,251699,1722763,2073334,1681264,2960092
Cambodia,1990,3973831,4739220,260291,1725885,2247946,1694977,3044243
Cambodia,1991,4144512,4869337,273127,1689970,2454542,1709874,3159463
Cambodia,1992,4361458,4974775,285271,1695551,2665907,1702459,3272316
Cambodia,1993,4596444,5074707,297124,1731313,2865131,1688673,3386034
Cambodia,1994,4802049,5203749,309578,1763132,3038917,1694427,3509322
Cambodia,1995,4951368,5379157,323033,1765385,3185983,1734497,3644660
Cambodia,1996,5081939,5564884,333450,1750303,3331636,1788771,3776113
Cambodia,1997,5145897,5805935,344048,1715902,3429995,1883540,3922395
Cambodia,1998,5145934,6097002,354803,1665905,3480029,2022422,4074580
Cambodia,1999,5107523,6411063,365050,1615480,3492043,2197887,4213176
Cambodia,2000,5054260,6723797,374297,1574657,3479603,2398331,4325466
Cambodia,2001,5002960,7008367,391146,1538456,3464504,2591095,4417272
Cambodia,2002,4969597,7258528,406604,1520179,3449418,2784819,4473709
Cambodia,2003,4953096,7478939,421089,1516995,3436101,2959834,4519105
Cambodia,2004,4940043,7688111,435223,1522126,3417917,3097029,4591082
Cambodia,2005,4918732,7902027,449442,1531380,3387352,3190026,4712001
Cambodia,2006,4883399,8125054,466036,1563966,3319433,3240834,4884220
Cambodia,2007,4845560,8348586,482547,1594292,3251268,3222766,5125820
Cambodia,2008,4807233,8574030,499246,1620999,3186234,3150797,5423233
Cambodia,2009,4778850,8794995,516363,1645305,3133545,3060900,5734095
Cambodia,2010,4768616,9005921,534203,1671681,3096935,2988334,6017587
Cambodia,2011,4785956,9199960,551970,1725404,3060552,2999240,6200720
Cambodia,2012,4801701,9404603,570562,1750080,3051621,3051810,6352793
Cambodia,2013,4823638,9608427,590627,1756622,3067016,3123636,6484791
Cambodia,2014,4857654,9799868,613268,1758251,3099403,3178983,6620885
Cambodia,2015,4903908,9974507,639220,1764601,3139307,3197152,6777355
Cambodia,2016,4947954,10143144,671272,1761246,3186708,3186155,6956989
Cambodia,2017,5006240,10292927,706206,1765981,3240259,3141961,7150966
Cambodia,2018,5070714,10432555,742460,1775900,3294814,3079375,7353180
Cambodia,2019,5128267,10576543,777836,1783028,3345239,3022940,7553603
Cambodia,2020,5171436,10732712,811360,1781686,3389750,2987975,7744737
Cambodia,2021,5203650,10895034,845027,1775632,3428018,2968706,7926328
Cambodia,2022,5222138,11068504,876299,1763905,3458233,2966411,8102093
Cambodia,2023,5228232,11248995,908074,1747438,3480794,2979926,8269069
Cambodia,2024,5227047,11427781,944285,1730018,3497029,3004986,8422795
Cambodia,2025,5221661,11599867,987157,1713991,3507670,3038576,8561291
Cambodia,2026,5207882,11768649,1037379,1695373,3512509,3081410,8687239
Cambodia,2027,5191452,11931110,1092244,1681813,3509639,3133532,8797578
Cambodia,2028,5171821,12090270,1149845,1672180,3499641,3190493,8899777
Cambodia,2029,5148281,12250379,1207442,1664340,3483941,3245519,9004860
Cambodia,2030,5121263,12413042,1263573,1656964,3464299,3293946,9119096
Cambodia,2031,5094984,12572491,1319944,1654053,3440931,3333403,9239088
Cambodia,2032,5066953,12734385,1373340,1650842,3416111,3364602,9369783
Cambodia,2033,5038512,12895794,1425486,1647436,3391076,3387954,9507840
Cambodia,2034,5011687,13052167,1478972,1644591,3367096,3404770,9647397
Cambodia,2035,4987666,13201095,1535034,1643060,3344606,3416033,9785062
Cambodia,2036,4969638,13338197,1594890,1646359,3323279,3419301,9918896
Cambodia,2037,4953901,13464916,1660655,1647324,3306577,3415880,10049036
Cambodia,2038,4940644,13589369,1723638,1646597,3294047,3406660,10182709
Cambodia,2039,4929313,13725145,1770322,1644698,3284615,3392943,10332202
Cambodia,2040,4919110,13878681,1794625,1642199,3276911,3376007,10502674
Cambodia,2041,4911449,14045894,1799050,1641014,3270435,3354887,10691007
Cambodia,2042,4904400,14233445,1778728,1637195,3267205,3330631,10902814
Cambodia,2043,4897343,14416872,1758266,1631249,3266094,3305131,11111741
Cambodia,2044,4889249,14560153,1774213,1623604,3265645,3280844,11279309
Cambodia,2045,4879105,14643716,1846747,1614614,3264491,3259587,11384129
Cambodia,2046,4866613,14671539,1971960,1604569,3262044,3240623,11430916
Cambodia,2047,4852315,14643720,2149189,1593509,3258806,3224498,11419222
Cambodia,2048,4835643,14588132,2351197,1581581,3254062,3211519,11376613
Cambodia,2049,4816195,14546448,2536882,1568953,3247242,3201527,11344921
Cambodia,2050,4793717,14542340,2682971,1555754,3237963,3194416,11347924
Cambodia,2051,4768137,14570855,2794476,1542270,3225867,3189830,11381025
Cambodia,2052,4740588,14632850,2869370,1529356,3211232,3187503,11445347
Cambodia,2053,4710841,14711038,2925216,1516794,3194047,3186825,11524213
Cambodia,2054,4679066,14778335,2989051,1504406,3174660,3186655,11591680
Cambodia,2055,4645545,14819072,3076315,1492146,3153399,3186218,11632854
Cambodia,2056,4612309,14838923,3179364,1481933,3130376,3185036,11653887
Cambodia,2057,4578169,14839039,3298258,1471601,3106568,3182698,11656341
Cambodia,2058,4543454,14826744,3425424,1461242,3082212,3178848,11647896
Cambodia,2059,4508686,14813613,3548879,1451090,3057596,3172924,11640689
Cambodia,2060,4474152,14806135,3661924,1441435,3032717,3164625,11641510
Cambodia,2061,4442537,14804699,3761568,1434554,3007983,3153877,11650822
Cambodia,2062,4411533,14806973,3852423,1426946,2984587,3140072,11666901
Cambodia,2063,4381241,14812037,3935234,1418883,2962358,3123602,11688435
Cambodia,2064,4351705,14818779,4010983,1410721,2940984,3105061,11713718
Cambodia,2065,4322811,14826227,4080661,1402837,2919974,3085030,11741197
Cambodia,2066,4297075,14839857,4136344,1397101,2899974,3064050,11775807
Cambodia,2067,4272270,14856307,4183646,1390692,2881578,3041189,11815118
Cambodia,2068,4248240,14871478,4226799,1383746,2864494,3017236,11854242
Cambodia,2069,4224467,14879130,4272481,1376259,2848208,2993053,11886077
Cambodia,2070,4200315,14874851,4325741,1368277,2832038,2969246,11905605
Cambodia,2071,4178549,14865646,4376865,1361806,2816743,2946726,11918920
Cambodia,2072,4156405,14846640,4433633,1354013,2802392,2924407,11922233
Cambodia,2073,4133516,14817678,4496754,1345124,2788392,2902438,11915240
Cambodia,2074,4110049,14781246,4563838,1335649,2774400,2881197,11900049
Cambodia,2075,4086148,14739568,4632743,1326062,2760086,2861173,11878395
Cambodia,2076,4061670,14692965,4703449,1316733,2744937,2842108,11850857
Cambodia,2077,4037466,14643306,4773397,1307452,2730014,2824125,11819181
Cambodia,2078,4013601,14592330,4841016,1298330,2715271,2807587,11784743
Cambodia,2079,3989543,14539667,4907472,1289219,2700324,2792295,11747372
Cambodia,2080,3964270,14482619,4976734,1279857,2684413,2777677,11704942
Cambodia,2081,3939033,14424193,5044664,1271400,2667633,2763812,11660381
Cambodia,2082,3913818,14365886,5109935,1262871,2650947,2750656,11615230
Cambodia,2083,3887662,14304758,5176760,1254022,2633640,2737450,11567308
Cambodia,2084,3860551,14240860,5245414,1244955,2615596,2723821,11517039
Cambodia,2085,3832988,14176200,5313642,1235985,2597003,2709971,11466229
Cambodia,2086,3807125,14116752,5373466,1228580,2578545,2696584,11420168
Cambodia,2087,3781407,14058798,5430180,1220960,2560447,2682666,11376132
Cambodia,2088,3756131,14002709,5483010,1213309,2542822,2668446,11334263
Cambodia,2089,3731157,13946969,5533403,1205685,2525472,2653800,11293169
Cambodia,2090,3705903,13888826,5584567,1198072,2507831,2638409,11250417
Cambodia,2091,3682727,13834830,5627529,1192030,2490697,2623127,11211703
Cambodia,2092,3660062,13781909,5666964,1185618,2474444,2607116,11174793
Cambodia,2093,3637479,13727427,5706019,1178846,2458633,2590325,11137102
Cambodia,2094,3614736,13669241,5747173,1171839,2442897,2572878,11096363
Cambodia,2095,3591668,13606082,5791885,1164798,2426870,2554996,11051086
Cambodia,2096,3571428,13549064,5825862,1159305,2412123,2538474,11010590
Cambodia,2097,3551599,13490334,5859276,1153537,2398062,2521615,10968719
Cambodia,2098,3531956,13428869,5893213,1147555,2384401,2504553,10924316
Cambodia,2099,3511992,13362898,5929726,1141289,2370703,2487277,10875621
Cambodia,2100,3491026,13290535,5971055,1134601,2356425,2469728,10820807
Cameroon,1950,1692106,2464714,150202,672126,1019980,808485,1656229
Cameroon,1951,1728273,2500526,154128,691316,1036957,820252,1680274
Cameroon,1952,1762231,2540421,157666,707469,1054762,833507,1706914
Cameroon,1953,1794371,2584211,160861,721484,1072887,847967,1736244
Cameroon,1954,1825199,2631676,163752,734604,1090595,863270,1768406
Cameroon,1955,1855416,2682463,166354,749128,1106288,879210,1803253
Cameroon,1956,1899219,2720587,170908,770224,1128995,890736,1829851
Cameroon,1957,1940641,2764735,175218,785895,1154746,904045,1860690
Cameroon,1958,1981504,2813654,179273,799472,1182032,918692,1894962
Cameroon,1959,2023568,2866206,183027,814695,1208873,934293,1931913
Cameroon,1960,2067885,2921900,186483,834982,1232903,950809,1971091
Cameroon,1961,2124653,2968507,192071,860067,1264586,964428,2004079
Cameroon,1962,2183322,3019306,197294,886114,1297208,979458,2039848
Cameroon,1963,2243690,3074427,202215,913817,1329873,996180,2078247
Cameroon,1964,2304850,3134558,206908,942991,1361859,1015186,2119372
Cameroon,1965,2366477,3199931,211426,974240,1392237,1036856,2163075
Cameroon,1966,2443458,3253898,217767,1012882,1430576,1055987,2197911
Cameroon,1967,2518599,3315991,223949,1045696,1472903,1078938,2237053
Cameroon,1968,2593639,3384690,229953,1075383,1518256,1104862,2279828
Cameroon,1969,2670731,3458099,235739,1105643,1565088,1132601,2325498
Cameroon,1970,2750987,3535352,241296,1140035,1610952,1161656,2373696
Cameroon,1971,2846316,3602636,248793,1180241,1666075,1187805,2414831
Cameroon,1972,2942821,3676360,256047,1217772,1725049,1216384,2459976
Cameroon,1973,3041084,3756405,263114,1254831,1786253,1247452,2508953
Cameroon,1974,3141229,3843203,270036,1293483,1847746,1281340,2561863
Cameroon,1975,3243469,3937019,276874,1336126,1907343,1318386,2618633
Cameroon,1976,3360732,4023247,285466,1385002,1975730,1353957,2669290
Cameroon,1977,3478417,4118666,293886,1431310,2047107,1393402,2725264
Cameroon,1978,3597839,4222522,302168,1477489,2120350,1436657,2785865
Cameroon,1979,3720694,4333815,310326,1526628,2194066,1483665,2850150
Cameroon,1980,3848036,4451922,318396,1581607,2266429,1534454,2917468
Cameroon,1981,3991939,4562926,328151,1643715,2348224,1584644,2978282
Cameroon,1982,4138957,4682025,337584,1705969,2432988,1639108,3042917
Cameroon,1983,4288829,4809378,346796,1768739,2520090,1697392,3111986
Cameroon,1984,4440716,4945632,355915,1831728,2608988,1758962,3186670
Cameroon,1985,4593971,5091025,365027,1895631,2698340,1823538,3267487
Cameroon,1986,4766330,5226334,375636,1968074,2798256,1885325,3341009
Cameroon,1987,4935598,5374562,386114,2030224,2905374,1951687,3422875
Cameroon,1988,5102123,5533294,396400,2084986,3017137,2021748,3511546
Cameroon,1989,5265845,5699912,406403,2135951,3129894,2094584,3605328
Cameroon,1990,5425589,5873492,416137,2186321,3239268,2169982,3703510
Cameroon,1991,5596795,6036725,427209,2239077,3357718,2243666,3793059
Cameroon,1992,5761644,6209631,437656,2285537,3476107,2320889,3888742
Cameroon,1993,5918917,6392416,447548,2327700,3591217,2402082,3990334
Cameroon,1994,6066631,6586044,456985,2367044,3699587,2488179,4097865
Cameroon,1995,6203700,6791245,466049,2405536,3798164,2579808,4211437
Cameroon,1996,6351097,6984358,477017,2448143,3902954,2670853,4313505
Cameroon,1997,6486979,7191254,487190,2484980,4001999,2768107,4423147
Cameroon,1998,6614654,7412135,496781,2520186,4094468,2870938,4541197
Cameroon,1999,6739885,7646073,505933,2560352,4179533,2978065,4668008
Cameroon,2000,6867585,7891926,514723,2611828,4255757,3088326,4803600
Cameroon,2001,7018291,8125591,528045,2675997,4342294,3193647,4931944
Cameroon,2002,7172663,8371473,540750,2745460,4427203,3302431,5069042
Cameroon,2003,7331630,8629317,552875,2820443,4511187,3412816,5216501
Cameroon,2004,7495214,8899418,564449,2899398,4595816,3522550,5376868
Cameroon,2005,7663892,9181408,575495,2982398,4681494,3630078,5551330
Cameroon,2006,7862165,9447618,589779,3081892,4780273,3723250,5724368
Cameroon,2007,8060595,9731093,603701,3167732,4892863,3817030,5914063
Cameroon,2008,8261666,10028072,617270,3244411,5017255,3910101,6117971
Cameroon,2009,8467772,10334303,630466,3318130,5149642,4001241,6333062
Cameroon,2010,8679171,10647973,643351,3394755,5284416,4090376,6557597
Cameroon,2011,8912285,10948648,659514,3477564,5434721,4170602,6778046
Cameroon,2012,9145398,11261710,675275,3550371,5595027,4251201,7010509
Cameroon,2013,9377387,11587529,690799,3616678,5760709,4334432,7253097
Cameroon,2014,9605385,11928208,706311,3679344,5926041,4424172,7504036
Cameroon,2015,9827201,12285318,722003,3741542,6085659,4523160,7762158
Cameroon,2016,10056448,12641093,741648,3804254,6252194,4624651,8016442
Cameroon,2017,10276983,13015443,761301,3860517,6416466,4736130,8279313
Cameroon,2018,10488894,13408400,780940,3913044,6575850,4857987,8550413
Cameroon,2019,10692850,13819713,800430,3964922,6727928,4990417,8829296
Cameroon,2020,10889428,14248964,819792,4018927,6870501,5133228,9115736
Cameroon,2021,11089877,14681097,842791,4075003,7014874,5279804,9401293
Cameroon,2022,11282667,15131440,865501,4130444,7152223,5436743,9694697
Cameroon,2023,11468071,15599236,888448,4185903,7282168,5601221,9998015
Cameroon,2024,11646757,16083258,912219,4241682,7405075,5768993,10314265
Cameroon,2025,11819808,16581998,937277,4298898,7520910,5936902,10645096
Cameroon,2026,12004830,17074816,966576,4364646,7640184,6097304,10977512
Cameroon,2027,12182413,17584327,996919,4423472,7758941,6258229,11326098
Cameroon,2028,12355012,18108035,1028525,4478336,7876676,6417732,11690303
Cameroon,2029,12525857,18642789,1061544,4533289,7992568,6573492,12069297
Cameroon,2030,12696883,19186508,1096253,4591983,8104900,6724082,12462426
Cameroon,2031,12881322,19723121,1135473,4657272,8224050,6863956,12859165
Cameroon,2032,13064908,20269734,1176134,4719984,8344924,6998584,13271150
Cameroon,2033,13247481,20825775,1218669,4781303,8466178,7128847,13696928
Cameroon,2034,13427967,21391464,1263570,4841731,8586236,7256445,14135019
Cameroon,2035,13605848,21966454,1311330,4902490,8703358,7382512,14583942
Cameroon,2036,13796954,22532650,1363937,4969961,8826993,7501757,15030893
Cameroon,2037,13983379,23110024,1419096,5030355,8953024,7620072,15489952
Cameroon,2038,14166132,23696763,1477333,5086135,9079997,7738060,15958703
Cameroon,2039,14346514,24290734,1539201,5140508,9206006,7856434,16434300
Cameroon,2040,14525025,24890497,1605317,5196242,9328783,7975769,16914728
Cameroon,2041,14712745,25483483,1676861,5255247,9457498,8093573,17389910
Cameroon,2042,14897559,26083518,1751728,5312033,9585526,8212838,17870680
Cameroon,2043,15078581,26689772,1831082,5367129,9711452,8333749,18356023
Cameroon,2044,15254351,27301589,1916423,5420387,9833964,8456340,18845249
Cameroon,2045,15424094,27918100,2008844,5472221,9951873,8580505,19337595
Cameroon,2046,15602647,28525053,2107302,5528442,10074205,8703969,19821084
Cameroon,2047,15773620,29139092,2211198,5578715,10194905,8829324,20309768
Cameroon,2048,15937640,29759159,2320659,5624578,10313062,8956154,20803005
Cameroon,2049,16095903,30383817,2435664,5668210,10427693,9083669,21300148
Cameroon,2050,16249060,31011941,2556389,5711602,10537458,9211271,21800670
Cameroon,2051,16409990,31632161,2680980,5758347,10651643,9338446,22293715
Cameroon,2052,16564840,32257695,2809620,5801710,10763130,9465505,22792190
Cameroon,2053,16713461,32888325,2942153,5842585,10870876,9592069,23296256
Cameroon,2054,16855486,33524300,3078117,5881582,10973904,9717574,23806726
Cameroon,2055,16990783,34165238,3217500,5919452,11071331,9841533,24323705
Cameroon,2056,17133099,34800210,3357099,5960756,11172343,9964343,24835867
Cameroon,2057,17268296,35441128,3498826,5998616,11269680,10085166,25355962
Cameroon,2058,17396717,36086971,3643082,6033940,11362777,10203999,25882972
Cameroon,2059,17519055,36736607,3790055,6067870,11451185,10320748,26415859
Cameroon,2060,17635852,37388585,3940384,6101470,11534382,10435236,26953349
Cameroon,2061,17760765,38033770,4089196,6139015,11621750,10548925,27484845
Cameroon,2062,17880112,38682280,4239705,6174451,11705661,10659964,28022316
Cameroon,2063,17993965,39331420,4394400,6208205,11785760,10768225,28563195
Cameroon,2064,18102511,39977755,4556410,6240701,11861810,10873349,29104406
Cameroon,2065,18206038,40618417,4728145,6272540,11933498,10975019,29643398
Cameroon,2066,18320017,41244662,4902592,6309516,12010501,11075383,30169279
Cameroon,2067,18428634,41867553,5084061,6343234,12085400,11172233,30695320
Cameroon,2068,18531898,42485311,5273815,6374103,12157795,11265703,31219608
Cameroon,2069,18629716,43096073,5473192,6402469,12227247,11355876,31740197
Cameroon,2070,18721934,43698206,5683432,6428871,12293063,11442802,32255404
Cameroon,2071,18824462,44283425,5896485,6459719,12364743,11529223,32754202
Cameroon,2072,18920123,44863654,6117218,6485122,12435001,11612626,33251028
Cameroon,2073,19009192,45437863,6346004,6506305,12502887,11693246,33744617
Cameroon,2074,19092045,46005203,6582928,6524844,12567201,11771282,34233921
Cameroon,2075,19168704,46564791,6828467,6542059,12626645,11846873,34717918
Cameroon,2076,19252830,47112523,7072623,6561647,12691183,11924095,35188428
Cameroon,2077,19330811,47655549,7321407,6579067,12751744,11998777,35656772
Cameroon,2078,19401932,48193676,7575302,6594415,12807517,12071344,36122332
Cameroon,2079,19465230,48727124,7834594,6607405,12857825,12142219,36584905
Cameroon,2080,19520219,49255192,8100040,6618006,12902213,12211498,37043694
Cameroon,2081,19583282,49774631,8358107,6632188,12951094,12283600,37491031
Cameroon,2082,19638011,50292446,8617748,6642675,12995336,12354072,37938374
Cameroon,2083,19684515,50806273,8880695,6649961,13034554,12422460,38383813
Cameroon,2084,19723271,51313158,9148842,6654813,13068458,12487874,38825284
Cameroon,2085,19754525,51810480,9424044,6657918,13096607,12549606,39260874
Cameroon,2086,19795186,52299381,9687886,6664990,13130196,12613391,39685990
Cameroon,2087,19828489,52782961,9953672,6669054,13159435,12673543,40109418
Cameroon,2088,19854345,53259164,10223214,6670513,13183832,12729770,40529394
Cameroon,2089,19872673,53725904,10498305,6669755,13202918,12781595,40944309
Cameroon,2090,19883469,54180997,10780835,6667232,13216237,12828611,41352386
Cameroon,2091,19904989,54628796,11047930,6669211,13235778,12877408,41751388
Cameroon,2092,19919466,55069531,11316890,6668292,13251174,12921423,42148108
Cameroon,2093,19926872,55500673,11590057,6664854,13262018,12960791,42539882
Cameroon,2094,19927280,55919525,11869921,6659317,13267963,12995672,42923853
Cameroon,2095,19920717,56323565,12158824,6652113,13268604,13026086,43297479
Cameroon,2096,19925748,56719247,12431616,6649723,13276025,13059072,43660175
Cameroon,2097,19924334,57105642,12707195,6644440,13279894,13087899,44017743
Cameroon,2098,19916379,57480829,12987494,6636574,13279805,13112608,44368221
Cameroon,2099,19901900,57842882,13274388,6626567,13275333,13133072,44709810
Cameroon,2100,19880943,58189468,13570126,6615027,13265916,13149080,45040388
Canada,1950,4077000,8606000,1050402,1636000,2441000,2187999,6418001
Canada,1951,4241944,8769720,1087011,1701360,2540584,2205328,6564392
Canada,1952,4411172,8946220,1124665,1748408,2662764,2221544,6724676
Canada,1953,4605640,9117538,1160994,1804138,2801502,2233485,6884053
Canada,1954,4823482,9285135,1195272,1871409,2952073,2245224,7039911
Canada,1955,5052670,9458120,1227572,1943396,3109274,2263258,7194862
Canada,1956,5253323,9667734,1261820,1990926,3262397,2313533,7354201
Canada,1957,5467329,9871106,1292541,2056702,3410627,2365002,7506104
Canada,1958,5678964,10074551,1321354,2125504,3553460,2420186,7654365
Canada,1959,5874277,10282541,1349235,2184762,3689515,2483453,7799088
Canada,1960,6045135,10496076,1376025,2226115,3819020,2558553,7937523
Canada,1961,6198437,10699762,1406188,2267469,3930968,2660133,8039629
Canada,1962,6322516,10911542,1434518,2291212,4031304,2776865,8134677
Canada,1963,6420502,11133866,1462287,2295865,4124637,2904205,8229661
Canada,1964,6498187,11369803,1491175,2281826,4216361,3036419,8333384
Canada,1965,6557608,11623631,1522644,2249793,4307815,3170917,8452714
Canada,1966,6585246,11912444,1554270,2201148,4384098,3338120,8574324
Canada,1967,6581463,12229823,1589796,2125781,4455682,3503747,8726076
Canada,1968,6553563,12568592,1629218,2035805,4517758,3662038,8906554
Canada,1969,6512380,12918344,1671506,1950447,4561933,3808184,9110160
Canada,1970,6464518,13272295,1715924,1882835,4581683,3940585,9331710
Canada,1971,6383387,13656492,1764390,1792369,4591018,4095365,9561127
Canada,1972,6315217,14029928,1811063,1756249,4558968,4229754,9800174
Canada,1973,6248413,14396536,1858294,1757916,4490497,4344519,10052017
Canada,1974,6165410,14763649,1909131,1769421,4395989,4445241,10318408
Canada,1975,6060167,15131150,1964892,1771141,4289026,4535280,10595870
Canada,1976,5983156,15442705,2030646,1802562,4180594,4613461,10829244
Canada,1977,5879365,15761824,2100400,1810798,4068567,4695586,11066238
Canada,1978,5764440,16077554,2172088,1802467,3961973,4771381,11306173
Canada,1979,5662274,16373553,2242220,1793138,3869136,4823042,11550511
Canada,1980,5585310,16642534,2309578,1793500,3791810,4838935,11803599
Canada,1981,5531977,16883522,2375640,1799122,3732855,4819520,12064002
Canada,1982,5500723,17102040,2438185,1807325,3693398,4769460,12332580
Canada,1983,5490636,17304621,2501583,1819129,3671507,4696347,12608274
Canada,1984,5494324,17505370,2571979,1832568,3661756,4611706,12893664
Canada,1985,5508162,17712957,2652830,1848050,3660112,4521874,13191083
Canada,1986,5543238,17930263,2734579,1864447,3678791,4423807,13506456
Canada,1987,5584731,18159893,2825142,1879952,3704779,4321225,13838668
Canada,1988,5631107,18394807,2921928,1895749,3735358,4221997,14172810
Canada,1989,5681102,18625044,3020020,1913062,3768040,4135520,14489524
Canada,1990,5732398,18844223,3116059,1930547,3801851,4066632,14777591
Canada,1991,5794155,19048517,3201934,1940365,3853790,4015545,15032972
Canada,1992,5858853,19243498,3281999,1959925,3898928,3986415,15257083
Canada,1993,5917462,19435865,3357976,1981618,3935844,3977406,15458459
Canada,1994,5959138,19634587,3432463,1993284,3965854,3982429,15652158
Canada,1995,5978733,19843869,3507471,1986685,3992048,3996166,15847703
Canada,1996,6002102,20041276,3578754,1981081,4021021,4014234,16027042
Canada,1997,5993765,20258709,3650676,1945940,4047825,4044019,16214690
Canada,1998,5962724,20492519,3722891,1891733,4070991,4083149,16409370
Canada,1999,5924858,20735156,3793870,1836682,4088176,4126626,16608530
Canada,2000,5889598,20982573,3863602,1793375,4096223,4169892,16812681
Canada,2001,5842939,21248505,3933288,1733962,4108977,4218958,17029547
Canada,2002,5807538,21513054,4000297,1704095,4103443,4264581,17248473
Canada,2003,5777049,21781419,4069338,1697856,4079193,4309368,17472051
Canada,2004,5742973,22059852,4146592,1704406,4038567,4355927,17703925
Canada,2005,5704939,22346738,4236303,1716570,3988369,4403031,17943707
Canada,2006,5677687,22633800,4333996,1742515,3935172,4467699,18166101
Canada,2007,5653944,22925168,4440820,1777298,3876646,4524701,18400467
Canada,2008,5636572,23208262,4559714,1815907,3820665,4568533,18639729
Canada,2009,5627304,23468179,4694348,1852479,3774825,4593854,18874325
Canada,2010,5625400,23695970,4847298,1882529,3742871,4597567,19098403
Canada,2011,5659229,23872153,5007240,1923198,3736031,4604887,19267266
Canada,2012,5677586,24035548,5187571,1939518,3738068,4614365,19421183
Canada,2013,5691449,24178935,5385111,1940675,3750774,4623999,19554936
Canada,2014,5712183,24299960,5592585,1939632,3772551,4626072,19673888
Canada,2015,5744018,24400640,5805051,1943660,3800358,4610394,19790246
Canada,2016,5795799,24479805,6014218,1928548,3867251,4555070,19924735
Canada,2017,5869033,24534784,6220382,1936089,3932944,4476722,20058062
Canada,2018,5949422,24574796,6429547,1957994,3991428,4389043,20185753
Canada,2019,6017340,24611431,6651040,1980114,4037226,4313174,20298257
Canada,2020,6063634,24649056,6890515,1992845,4070789,4261806,20387250
Canada,2021,6123589,24671138,7129435,2011336,4112253,4238858,20432280
Canada,2022,6160639,24703079,7378508,2019224,4141415,4242393,20460686
Canada,2023,6179471,24739447,7637983,2018426,4161045,4266635,20472812
Canada,2024,6190577,24769826,7906944,2015351,4175226,4301409,20468417
Canada,2025,6199724,24788674,8184524,2014467,4185257,4339518,20449156
Canada,2026,6228249,24797190,8448070,2018948,4209301,4390895,20406295
Canada,2027,6250967,24801506,8716523,2021468,4229499,4450706,20350800
Canada,2028,6267941,24808115,8982628,2022979,4244962,4512251,20295864
Canada,2029,6277178,24829242,9235309,2022914,4254264,4567302,20261940
Canada,2030,6277883,24871493,9468159,2021433,4256450,4610286,20261207
Canada,2031,6298635,24937274,9649936,2025924,4272711,4650386,20286888
Canada,2032,6310104,25028268,9808421,2026203,4283901,4679354,20348914
Canada,2033,6314034,25135732,9950819,2024093,4289941,4698811,20436921
Canada,2034,6312898,25246788,10087966,2022321,4290577,4713235,20533553
Canada,2035,6308443,25352498,10227415,2023064,4285379,4725249,20627249
Canada,2036,6326106,25464986,10331743,2030187,4295919,4744615,20720371
Canada,2037,6340891,25577029,10433312,2039046,4301845,4763038,20813991
Canada,2038,6352837,25686573,10534577,2049487,4303350,4778993,20907580
Canada,2039,6361399,25792468,10637789,2060691,4300708,4790732,21001736
Canada,2040,6366730,25892229,10745726,2072475,4294255,4796884,21095345
Canada,2041,6400108,25992430,10820769,2094359,4305749,4807996,21184434
Canada,2042,6428880,26093121,10895728,2112249,4316631,4817658,21275463
Canada,2043,6454622,26189328,10974541,2127383,4327239,4824640,21364688
Canada,2044,6478668,26274077,11063461,2141391,4337277,4827843,21446234
Canada,2045,6501222,26341448,11168640,2155693,4345529,4826270,21515178
Canada,2046,6551158,26403435,11249665,2177874,4373284,4830829,21572606
Canada,2047,6597494,26457548,11339986,2195469,4402025,4834740,21622808
Canada,2048,6640104,26503512,11439531,2209689,4430415,4837005,21666507
Canada,2049,6678120,26544533,11545180,2221630,4456490,4837361,21707172
Canada,2050,6710647,26581956,11655999,2232333,4478314,4835575,21746381
Canada,2051,6763519,26627525,11734347,2247754,4515765,4840503,21787022
Canada,2052,6810659,26680402,11807595,2259922,4550737,4847077,21833325
Canada,2053,6851672,26733546,11883842,2269477,4582195,4854731,21878815
Canada,2054,6885680,26776489,11975338,2276857,4608823,4863329,21913160
Canada,2055,6911770,26801506,12091453,2282494,4629276,4872276,21929230
Canada,2056,6954905,26821193,12194824,2292404,4662501,4889579,21931614
Canada,2057,6990793,26835139,12310196,2299509,4691284,4910976,21924163
Canada,2058,7019382,26847203,12434100,2304391,4714991,4934436,21912767
Canada,2059,7040433,26863797,12560706,2307651,4732782,4957543,21906254
Canada,2060,7053376,26886397,12689306,2309769,4743607,4978060,21908337
Canada,2061,7084735,26933502,12774996,2317394,4767341,5005342,21928160
Canada,2062,7109393,26996094,12851843,2322981,4786412,5033630,21962464
Canada,2063,7126688,27066659,12927861,2326752,4799936,5060388,22006271
Canada,2064,7136530,27138536,13009557,2329143,4807387,5083606,22054930
Canada,2065,7139402,27207681,13100190,2330843,4808559,5101969,22105712
Canada,2066,7163516,27301799,13143811,2339586,4823930,5125804,22175995
Canada,2067,7181460,27402670,13185842,2345964,4835496,5147666,22255004
Canada,2068,7193797,27502058,13233328,2350669,4843128,5166277,22335781
Canada,2069,7200827,27588196,13296947,2354453,4846374,5180536,22407660
Canada,2070,7202418,27651562,13385750,2357976,4844442,5189279,22462283
Canada,2071,7226428,27724189,13439565,2368916,4857512,5203329,22520860
Canada,2072,7246126,27782986,13508188,2377899,4868227,5215113,22567873
Canada,2073,7261335,27827280,13592465,2385252,4876083,5223498,22603782
Canada,2074,7271570,27859152,13690891,2391206,4880364,5227779,22631373
Canada,2075,7276282,27878503,13804169,2396103,4880179,5227227,22651276
Canada,2076,7303552,27919511,13870038,2408324,4895228,5232945,22686566
Canada,2077,7326387,27958812,13938795,2417451,4908936,5237641,22721171
Canada,2078,7344825,27992755,14014051,2424146,4920679,5240381,22752374
Canada,2079,7358301,28015667,14102055,2429065,4929236,5240262,22775405
Canada,2080,7365600,28021122,14210506,2432648,4932952,5236128,22784994
Canada,2081,7394215,28052752,14268338,2442540,4951675,5240118,22812634
Canada,2082,7418760,28081925,14329699,2450190,4968570,5244273,22837652
Canada,2083,7437868,28102784,14402103,2455598,4982270,5247062,22855722
Canada,2084,7450218,28111324,14491232,2458740,4991478,5247501,22863823
Canada,2085,7454912,28104645,14601181,2459785,4995127,5244813,22859832
Canada,2086,7479236,28127611,14659948,2466720,5012516,5250916,22876695
Canada,2087,7498185,28149891,14722963,2470944,5027241,5257871,22892020
Canada,2088,7511603,28168809,14793296,2472920,5038683,5264544,22904265
Canada,2089,7518595,28178922,14877536,2472972,5045623,5269406,22909516
Canada,2090,7517434,28172333,14985499,2471128,5046306,5270537,22901796
Canada,2091,7535038,28199581,15039845,2474960,5060078,5280459,22919122
Canada,2092,7548130,28227148,15097421,2477230,5070900,5290933,22936215
Canada,2093,7554979,28247270,15167727,2477699,5077280,5299731,22947539
Canada,2094,7554197,28254117,15257960,2476190,5078007,5305063,22949054
Canada,2095,7545024,28243780,15372759,2472749,5072275,5305655,22938125
Canada,2096,7556416,28275726,15423671,2476087,5080329,5315339,22960387
Canada,2097,7562696,28304674,15481629,2477646,5085050,5323928,22980746
Canada,2098,7563459,28325781,15551856,2477622,5085837,5330050,22995731
Canada,2099,7558376,28333678,15640049,2476353,5082023,5332433,23001245
Canada,2100,7546903,28322554,15752536,2474164,5072739,5329761,22992793
Cape Verde,1950,58090,106415,13561,19321,38769,37772,68643
Cape Verde,1951,61749,110600,13781,23712,38037,39498,71102
Cape Verde,1952,65933,112002,13592,29551,36382,39975,72027
Cape Verde,1953,69178,112442,13217,34405,34773,39866,72576
Cape Verde,1954,71138,112753,12744,37315,33823,39480,73273
Cape Verde,1955,72214,113025,12182,38415,33799,38861,74164
Cape Verde,1956,75532,110482,11686,41216,34316,36937,73545
Cape Verde,1957,77502,109180,11246,41058,36444,35321,73859
Cape Verde,1958,79215,108484,10840,39361,39854,33862,74622
Cape Verde,1959,81652,107771,10483,37680,43972,32412,75359
Cape Verde,1960,85268,106848,10194,37279,47989,30975,75873
Cape Verde,1961,88620,107182,10154,36072,52548,30075,77107
Cape Verde,1962,93581,107139,10147,36854,56727,29007,78132
Cape Verde,1963,99491,107262,10155,39174,60317,28184,79078
Cape Verde,1964,105226,108454,10166,41855,63371,28208,80246
Cape Verde,1965,110231,111034,10163,44064,66167,29380,81654
Cape Verde,1966,116054,113422,10294,46937,69117,31115,82307
Cape Verde,1967,121023,117312,10412,48661,72362,34033,83279
Cape Verde,1968,125167,121812,10530,49402,75765,37737,84075
Cape Verde,1969,128595,125655,10659,49553,79042,41574,84081
Cape Verde,1970,131099,128271,10828,49247,81852,45125,83146
Cape Verde,1971,131979,129576,11437,48338,83641,47713,81863
Cape Verde,1972,132344,129272,12035,47656,84688,49778,79494
Cape Verde,1973,132256,128172,12577,47129,85127,51425,76747
Cape Verde,1974,131875,127384,13033,46699,85176,52929,74455
Cape Verde,1975,131511,127527,13385,46512,84999,54534,72993
Cape Verde,1976,132261,127677,13714,46942,85319,55412,72265
Cape Verde,1977,132863,128942,13962,47304,85559,56755,72187
Cape Verde,1978,133427,131162,14150,47746,85681,58741,72421
Cape Verde,1979,134222,133912,14281,48475,85747,61364,72548
Cape Verde,1980,135434,136864,14359,49646,85788,64512,72352
Cape Verde,1981,135824,141303,14475,51133,84691,67157,74146
Cape Verde,1982,136845,145839,14601,52622,84223,69831,76008
Cape Verde,1983,138386,150274,14708,54126,84260,72276,77998
Cape Verde,1984,140235,154416,14746,55596,84639,74073,80343
Cape Verde,1985,142229,158139,14701,57030,85199,74979,83160
Cape Verde,1986,144915,160617,14651,58732,86183,73601,87016
Cape Verde,1987,147655,162720,14518,60060,87595,71671,91049
Cape Verde,1988,150511,164750,14410,61130,89381,69778,94972
Cape Verde,1989,153673,167042,14469,62082,91591,68506,98536
Cape Verde,1990,157332,169778,14773,63078,94254,68109,101669
Cape Verde,1991,161107,173713,15114,63781,97326,68546,105167
Cape Verde,1992,165110,178306,15674,63976,101134,69357,108949
Cape Verde,1993,169180,183458,16376,63839,105341,70526,112932
Cape Verde,1994,173064,188984,17108,63597,109467,72023,116961
Cape Verde,1995,176536,194776,17815,63439,113097,73862,120914
Cape Verde,1996,179654,200481,18638,62996,116658,75795,124686
Cape Verde,1997,182390,206350,19435,62785,119605,78173,128177
Cape Verde,1998,184641,212443,20239,62751,121890,81048,131395
Cape Verde,1999,186281,218892,21112,62684,123597,84456,134436
Cape Verde,2000,187249,225757,22073,62374,124875,88370,137387
Cape Verde,2001,187096,233492,23128,61865,125231,92475,141017
Cape Verde,2002,186328,241538,24240,61269,125059,96847,144691
Cape Verde,2003,184954,249846,25347,60542,124412,101289,148557
Cape Verde,2004,183096,258239,26329,59734,123362,105452,152787
Cape Verde,2005,180887,266559,27121,58921,121966,109076,157483
Cape Verde,2006,178949,274420,27426,58518,120431,110843,163577
Cape Verde,2007,176903,281989,27546,57918,118985,111908,170081
Cape Verde,2008,174806,289385,27532,57208,117598,112458,176927
Cape Verde,2009,172768,296773,27422,56511,116257,112691,184082
Cape Verde,2010,170895,304251,27238,55984,114911,112770,191481
Cape Verde,2011,169749,311826,26492,55889,113860,113420,198406
Cape Verde,2012,168596,319732,25651,55564,113032,113884,205848
Cape Verde,2013,167546,327736,24824,55168,112378,114172,213564
Cape Verde,2014,166702,335552,24183,54867,111835,114306,221246
Cape Verde,2015,166091,342994,23828,54765,111326,114302,228692
Cape Verde,2016,165409,350189,23962,54629,110780,113973,236216
Cape Verde,2017,165041,356980,24367,54714,110327,113466,243514
Cape Verde,2018,164872,363492,24971,54941,109931,112858,250634
Cape Verde,2019,164732,369964,25653,55152,109580,112254,257710
Cape Verde,2020,164512,376476,26360,55248,109264,111705,264771
Cape Verde,2021,164410,382569,27333,55478,108932,110961,271608
Cape Verde,2022,164145,388781,28321,55385,108760,110304,278477
Cape Verde,2023,163776,394973,29397,55055,108721,109735,285238
Cape Verde,2024,163425,400918,30673,54651,108774,109234,291684
Cape Verde,2025,163135,406508,32211,54289,108846,108792,297716
Cape Verde,2026,162720,411771,34160,53817,108903,108342,303429
Cape Verde,2027,162355,416717,36313,53398,108957,107939,308778
Cape Verde,2028,161969,421486,38587,53019,108950,107611,313875
Cape Verde,2029,161459,426294,40855,52629,108830,107377,318917
Cape Verde,2030,160779,431252,43041,52193,108586,107242,324010
Cape Verde,2031,159979,436266,45163,51733,108246,107144,329122
Cape Verde,2032,159045,441383,47202,51269,107776,107105,334278
Cape Verde,2033,157975,446560,49177,50794,107181,107121,339439
Cape Verde,2034,156813,451746,51104,50321,106492,107182,344564
Cape Verde,2035,155586,456880,53001,49859,105727,107267,349613
Cape Verde,2036,154421,461972,54728,49469,104952,107369,354603
Cape Verde,2037,153194,467018,56416,49062,104132,107470,359548
Cape Verde,2038,151920,471942,58114,48652,103268,107536,364406
Cape Verde,2039,150626,476663,59881,48251,102375,107505,369158
Cape Verde,2040,149318,481119,61775,47866,101452,107337,373782
Cape Verde,2041,148157,485323,63621,47568,100589,107063,378260
Cape Verde,2042,146985,489270,65566,47248,99737,106637,382633
Cape Verde,2043,145826,492878,67683,46923,98903,106080,386798
Cape Verde,2044,144672,496071,70062,46598,98074,105440,390631
Cape Verde,2045,143541,498784,72757,46291,97250,104742,394042
Cape Verde,2046,142557,501021,75633,46049,96508,104022,396999
Cape Verde,2047,141585,502831,78772,45791,95794,103234,399597
Cape Verde,2048,140636,504224,82162,45526,95110,102400,401824
Cape Verde,2049,139691,505203,85800,45253,94438,101545,403658
Cape Verde,2050,138744,505773,89682,44973,93771,100679,405094
Cape Verde,2051,137920,505921,93688,44738,93182,99840,406081
Cape Verde,2052,137090,505737,97870,44476,92614,99003,406734
Cape Verde,2053,136249,505247,102208,44194,92055,98176,407071
Cape Verde,2054,135396,504483,106650,43899,91497,97365,407118
Cape Verde,2055,134529,503486,111178,43600,90929,96571,406915
Cape Verde,2056,133749,502313,115627,43327,90422,95840,406473
Cape Verde,2057,132959,500984,120070,43049,89910,95131,405853
Cape Verde,2058,132147,499521,124492,42762,89385,94449,405072
Cape Verde,2059,131306,497935,128890,42468,88838,93790,404145
Cape Verde,2060,130425,496236,133253,42162,88263,93143,403093
Cape Verde,2061,129646,494560,137307,41895,87751,92566,401994
Cape Verde,2062,128833,492855,141245,41615,87218,92004,400851
Cape Verde,2063,127986,491102,145073,41322,86664,91453,399649
Cape Verde,2064,127106,489292,148798,41020,86086,90902,398390
Cape Verde,2065,126195,487423,152424,40713,85482,90345,397078
Cape Verde,2066,125399,485716,155581,40455,84944,89847,395869
Cape Verde,2067,124576,484011,158564,40184,84392,89337,394674
Cape Verde,2068,123725,482271,161428,39904,83821,88816,393455
Cape Verde,2069,122852,480426,164223,39622,83230,88280,392146
Cape Verde,2070,121960,478447,166992,39343,82617,87726,390721
Cape Verde,2071,121186,476571,169359,39110,82076,87216,389355
Cape Verde,2072,120403,474612,171636,38876,81527,86682,387930
Cape Verde,2073,119610,472577,173839,38640,80970,86130,386447
Cape Verde,2074,118804,470456,175981,38406,80398,85565,384891
Cape Verde,2075,117995,468247,178071,38174,79821,84983,383264
Cape Verde,2076,117294,466120,179833,37990,79304,84438,381682
Cape Verde,2077,116601,463982,181473,37801,78800,83881,380101
Cape Verde,2078,115906,461780,183052,37607,78299,83317,378463
Cape Verde,2079,115207,459453,184651,37407,77800,82746,376707
Cape Verde,2080,114500,456943,186332,37202,77298,82164,374779
Cape Verde,2081,113891,454379,187871,37036,76855,81611,372768
Cape Verde,2082,113281,451742,189392,36851,76430,81056,370686
Cape Verde,2083,112667,449027,190913,36652,76015,80504,368523
Cape Verde,2084,112048,446229,192446,36448,75600,79954,366275
Cape Verde,2085,111417,443343,194016,36240,75177,79403,363940
Cape Verde,2086,110861,440511,195399,36057,74804,78890,361621
Cape Verde,2087,110307,437698,196701,35875,74432,78385,359313
Cape Verde,2088,109749,434882,197964,35693,74056,77889,356993
Cape Verde,2089,109175,432042,199215,35506,73669,77402,354640
Cape Verde,2090,108568,429147,200505,35306,73262,76919,352228
Cape Verde,2091,108040,426416,201508,35137,72903,76486,349930
Cape Verde,2092,107499,423757,202418,34956,72543,76068,347689
Cape Verde,2093,106939,421119,203280,34766,72173,75659,345460
Cape Verde,2094,106356,418468,204153,34568,71788,75251,343217
Cape Verde,2095,105747,415761,205061,34365,71382,74830,340931
Cape Verde,2096,105227,413295,205617,34194,71033,74463,338832
Cape Verde,2097,104701,410876,206098,34021,70680,74098,336778
Cape Verde,2098,104159,408467,206558,33845,70314,73727,334740
Cape Verde,2099,103596,406027,207035,33666,69930,73347,332680
Cape Verde,2100,103000,403510,207576,33479,69521,72946,330564
Caribbean,1950,6732763,9666843,676065,2561068,4171695,3161376,6505467
Caribbean,1951,6863515,9838800,693525,2626637,4236878,3214392,6624408
Caribbean,1952,7013489,10010057,711068,2712853,4300636,3270884,6739173
Caribbean,1953,7170992,10185132,727895,2805878,4365114,3331051,6854081
Caribbean,1954,7322511,10372975,743302,2888129,4434382,3396222,6976753
Caribbean,1955,7463891,10575520,757092,2955469,4508422,3466708,7108812
Caribbean,1956,7648462,10734128,774910,3054595,4593867,3512572,7221556
Caribbean,1957,7813343,10919402,792063,3104358,4708985,3567033,7352369
Caribbean,1958,7976010,11118775,809031,3128753,4847257,3626262,7492513
Caribbean,1959,8158457,11316289,826477,3161631,4996826,3685562,7630727
Caribbean,1960,8372195,11505632,845104,3229934,5142261,3744749,7760883
Caribbean,1961,8564185,11732730,874286,3291456,5272729,3809450,7923280
Caribbean,1962,8806393,11933617,902625,3409197,5397196,3860441,8073176
Caribbean,1963,9074259,12121694,931089,3558464,5515795,3905286,8216408
Caribbean,1964,9326844,12321632,962005,3693673,5633171,3957751,8363881
Caribbean,1965,9540662,12545235,996816,3785956,5754706,4027069,8518166
Caribbean,1966,9791657,12713437,1034027,3910505,5881152,4097477,8615960
Caribbean,1967,9975709,12929825,1077044,3935363,6040346,4194528,8735297
Caribbean,1968,10119461,13175586,1124377,3891182,6228279,4310071,8865515
Caribbean,1969,10263953,13422548,1173139,3832703,6431250,4431531,8991017
Caribbean,1970,10427582,13660564,1221843,3801851,6625731,4554448,9106116
Caribbean,1971,10548455,13953046,1271299,3740370,6808085,4692715,9260331
Caribbean,1972,10696264,14230362,1317689,3728094,6968170,4825087,9405275
Caribbean,1973,10848740,14507506,1362179,3750812,7097928,4958125,9549381
Caribbean,1974,10966670,14812431,1406954,3770932,7195738,5103641,9708790
Caribbean,1975,11029465,15158462,1453094,3761899,7267566,5268021,9890441
Caribbean,1976,11056071,15511379,1513875,3756574,7299497,5414986,10096393
Caribbean,1977,11028129,15904361,1577173,3712299,7315830,5575291,10329070
Caribbean,1978,10963306,16324620,1642345,3644414,7318892,5745371,10579249
Caribbean,1979,10899313,16743297,1706888,3588692,7310621,5914680,10828617
Caribbean,1980,10860190,17142719,1769129,3570953,7289237,6076555,11066164
Caribbean,1981,10827329,17546243,1825016,3555601,7271728,6237076,11309167
Caribbean,1982,10836892,17916392,1875059,3599765,7237127,6382506,11533886
Caribbean,1983,10872936,18267669,1921826,3684102,7188834,6512536,11755133
Caribbean,1984,10907401,18625803,1968960,3771656,7135745,6626645,11999158
Caribbean,1985,10927234,19002653,2018140,3839321,7087913,6724036,12278617
Caribbean,1986,10987268,19349755,2063696,3951461,7035807,6769982,12579773
Caribbean,1987,11020973,19726106,2112289,3999436,7021537,6797581,12928525
Caribbean,1988,11043617,20113581,2163761,4000838,7042779,6807573,13306008
Caribbean,1989,11080467,20484442,2216413,3987999,7092468,6800742,13683700
Caribbean,1990,11141965,20826156,2269153,3986118,7155847,6781756,14044400
Caribbean,1991,11208546,21158532,2320347,3978542,7230004,6751805,14406727
Caribbean,1992,11291457,21469324,2370881,3971429,7320028,6710720,14758604
Caribbean,1993,11381983,21766533,2420763,3967674,7414309,6667314,15099219
Caribbean,1994,11463196,22066106,2470662,3961925,7501271,6632795,15433311
Caribbean,1995,11525061,22376682,2521494,3950060,7575001,6614604,15762078
Caribbean,1996,11559979,22698109,2580819,3925924,7634055,6593415,16104694
Caribbean,1997,11588613,23018847,2638811,3908895,7679718,6580651,16438196
Caribbean,1998,11604204,23342156,2697520,3894122,7710082,6583560,16758596
Caribbean,1999,11603692,23667326,2759093,3877402,7726290,6608028,17059298
Caribbean,2000,11587338,23992094,2824554,3856933,7730405,6657098,17334996
Caribbean,2001,11557906,24315042,2892071,3844950,7712956,6731605,17583437
Caribbean,2002,11510054,24642936,2961079,3822827,7687227,6828366,17814570
Caribbean,2003,11450150,24972252,3031133,3794781,7655369,6937232,18035020
Caribbean,2004,11388635,25296738,3101203,3767382,7621253,7041095,18255643
Caribbean,2005,11331448,25612961,3171381,3744678,7586770,7128616,18484345
Caribbean,2006,11265722,25922609,3253198,3719466,7546256,7190844,18731765
Caribbean,2007,11208331,26221927,3333496,3701681,7506650,7233515,18988412
Caribbean,2008,11155638,26515318,3413025,3689090,7466548,7260509,19254809
Caribbean,2009,11102672,26807875,3493436,3677737,7424935,7278010,19529865
Caribbean,2010,11048213,27099644,3576874,3666068,7382145,7289647,19809997
Caribbean,2011,11002830,27379614,3664752,3662604,7340226,7286215,20093399
Caribbean,2012,10956733,27660341,3753553,3652800,7303933,7272591,20387750
Caribbean,2013,10910666,27935201,3845809,3638812,7271854,7251693,20683508
Caribbean,2014,10866931,28193795,3945059,3624234,7242697,7226689,20967106
Caribbean,2015,10826387,28429197,4054027,3611501,7214886,7199968,21229229
Caribbean,2016,10788136,28639562,4174141,3600297,7187839,7163665,21475897
Caribbean,2017,10754605,28825958,4302756,3589654,7164951,7125155,21700803
Caribbean,2018,10723593,28994736,4436994,3578938,7144655,7086782,21907954
Caribbean,2019,10691793,29156001,4572349,3566155,7125638,7050144,22105857
Caribbean,2020,10657171,29314903,4707362,3550134,7107037,7016104,22298799
Caribbean,2021,10621477,29472281,4839435,3534441,7087036,6979167,22493114
Caribbean,2022,10582766,29630102,4967748,3513458,7069308,6944277,22685825
Caribbean,2023,10540588,29780257,5100563,3488481,7052107,6913014,22867243
Caribbean,2024,10495817,29909516,5249859,3461982,7033835,6886442,23023074
Caribbean,2025,10448686,30009858,5422951,3435738,7012948,6865172,23144686
Caribbean,2026,10396895,30090757,5612524,3407751,6989144,6845705,23245052
Caribbean,2027,10344723,30146268,5820096,3382033,6962690,6829579,23316689
Caribbean,2028,10290016,30183581,6039678,3357658,6932358,6816896,23366685
Caribbean,2029,10230594,30213401,6261554,3332839,6897755,6806696,23406705
Caribbean,2030,10165586,30241388,6480060,3306475,6859111,6797964,23443424
Caribbean,2031,10099087,30270489,6687771,3282982,6816105,6785278,23485211
Caribbean,2032,10028687,30299637,6888086,3257303,6771384,6772176,23527461
Caribbean,2033,9954781,30326728,7082965,3229911,6724870,6758723,23568005
Caribbean,2034,9878898,30347151,7275882,3202021,6676877,6744139,23603012
Caribbean,2035,9801962,30357805,7469271,3174611,6627351,6727751,23630054
Caribbean,2036,9726718,30367577,7651462,3150462,6576256,6705370,23662207
Caribbean,2037,9651833,30370117,7829899,3125602,6526231,6679423,23690694
Caribbean,2038,9576837,30368841,8001715,3100396,6476441,6650578,23718263
Caribbean,2039,9501351,30369288,8161679,3075152,6426199,6619116,23750172
Caribbean,2040,9425282,30373769,8307528,3050312,6374970,6585248,23788521
Caribbean,2041,9352056,30390833,8427443,3028875,6323181,6545266,23845567
Caribbean,2042,9280332,30413384,8529790,3007373,6272959,6501373,23912011
Caribbean,2043,9209244,30433422,8623294,2985625,6223619,6455250,23978172
Caribbean,2044,9137986,30439007,8720392,2963329,6174657,6408485,24030522
Caribbean,2045,9066060,30421953,8829634,2940415,6125645,6362048,24059905
Caribbean,2046,8997538,30393579,8935636,2920984,6076554,6312434,24081145
Caribbean,2047,8929502,30348239,9047173,2899516,6029986,6262230,24086009
Caribbean,2048,8861692,30286166,9164672,2876545,5985147,6212505,24073661
Caribbean,2049,8794058,30207305,9288798,2852856,5941202,6163552,24043753
Caribbean,2050,8726177,30110414,9421656,2829038,5897139,6115433,23994981
Caribbean,2051,8660313,30010992,9545789,2807198,5853115,6066695,23944297
Caribbean,2052,8595932,29897402,9673431,2785230,5810702,6017869,23879533
Caribbean,2053,8531528,29771191,9804646,2762866,5768662,5969759,23801432
Caribbean,2054,8465928,29636937,9936086,2739747,5726181,5922998,23713939
Caribbean,2055,8398606,29497730,10065195,2715719,5682887,5878021,23619709
Caribbean,2056,8332337,29366580,10176573,2693656,5638681,5833059,23533521
Caribbean,2057,8266096,29236227,10278769,2670677,5595419,5788855,23447372
Caribbean,2058,8199618,29105934,10372997,2647052,5552566,5746198,23359736
Caribbean,2059,8132633,28971658,10463931,2623113,5509520,5705016,23266642
Caribbean,2060,8064262,28828111,10557936,2598926,5465336,5664680,23163431
Caribbean,2061,7997027,28691889,10636183,2576620,5420407,5624316,23067573
Caribbean,2062,7931122,28554716,10707125,2554717,5376405,5584208,22970508
Caribbean,2063,7865190,28414104,10775415,2532901,5332289,5544421,22869683
Caribbean,2064,7798330,28268956,10843789,2510855,5287475,5504768,22764188
Caribbean,2065,7730333,28118527,10914012,2488549,5241784,5465120,22653407
Caribbean,2066,7664873,27979487,10966065,2468877,5195996,5425062,22554425
Caribbean,2067,7600588,27841609,11011866,2449113,5151475,5384320,22457289
Caribbean,2068,7536990,27702794,11054219,2429254,5107736,5343533,22359261
Caribbean,2069,7473615,27559031,11097719,2409278,5064337,5302766,22256265
Caribbean,2070,7409777,27405839,11147811,2389143,5020634,5261782,22144057
Caribbean,2071,7349431,27261884,11182040,2371753,4977678,5220763,22041121
Caribbean,2072,7290743,27115774,11213878,2354126,4936617,5179082,21936692
Caribbean,2073,7232403,26963289,11249159,2336057,4896346,5136848,21826441
Caribbean,2074,7173920,26802584,11290510,2317602,4856318,5094320,21708264
Caribbean,2075,7115438,26634097,11337585,2299046,4816392,5052024,21582073
Caribbean,2076,7060218,26475597,11369535,2282819,4777399,5010293,21465304
Caribbean,2077,7006267,26313182,11402329,2266363,4739904,4967933,21345249
Caribbean,2078,6953194,26146790,11436034,2249710,4703484,4925866,21220924
Caribbean,2079,6900475,25975465,11471741,2232801,4667674,4884602,21090863
Caribbean,2080,6847442,25797127,11511826,2215545,4631897,4844243,20952884
Caribbean,2081,6796450,25625896,11539911,2200074,4596376,4804682,20821214
Caribbean,2082,6746566,25453038,11565838,2184260,4562306,4765474,20687564
Caribbean,2083,6697304,25278477,11590288,2168154,4529150,4727183,20551294
Caribbean,2084,6648038,25101106,11615223,2151739,4496299,4689821,20411285
Caribbean,2085,6597881,24918158,11644489,2134918,4462963,4653059,20265099
Caribbean,2086,6550068,24748006,11656659,2119818,4430250,4617846,20130160
Caribbean,2087,6503462,24579781,11663862,2104759,4398703,4583120,19996661
Caribbean,2088,6456850,24410267,11670943,2089453,4367397,4548889,19861378
Caribbean,2089,6409408,24237134,11681671,2073698,4335710,4515058,19722076
Caribbean,2090,6360811,24059024,11698112,2057441,4303370,4481590,19577434
Caribbean,2091,6315093,23896231,11696210,2043123,4271970,4450063,19446168
Caribbean,2092,6269939,23734790,11692398,2028587,4241352,4418584,19316206
Caribbean,2093,6224770,23573216,11688794,2013784,4210986,4387447,19185769
Caribbean,2094,6179132,23409456,11687846,1998682,4180450,4356565,19052891
Caribbean,2095,6132486,23241179,11692503,1983243,4149243,4325715,18915464
Caribbean,2096,6089006,23088322,11678812,1969767,4119239,4296642,18791680
Caribbean,2097,6046194,22936543,11663699,1956228,4089966,4267305,18669238
Caribbean,2098,6003307,22783581,11650446,1942497,4060810,4237839,18545742
Caribbean,2099,5959897,22627684,11641555,1928517,4031380,4208239,18419445
Caribbean,2100,5915765,22467743,11638667,1914326,4001439,4178543,18289200
Central African Republic,1950,480129,778852,67671,189626,290503,239750,539102
Central African Republic,1951,488456,783485,67899,194103,294353,241455,542030
Central African Republic,1952,496469,789281,67720,198399,298070,243400,545881
Central African Republic,1953,503894,796703,67200,202328,301566,245756,550947
Central African Republic,1954,510961,805761,66351,206413,304548,248558,557203
Central African Republic,1955,518045,816273,65169,211428,306617,251806,564467
Central African Republic,1956,529983,821848,65387,218933,311050,253549,568299
Central African Republic,1957,541031,830001,65359,224453,316578,256184,573817
Central African Republic,1958,551873,840084,65156,228979,322894,259441,580643
Central African Republic,1959,563100,851484,64886,233551,329549,263033,588451
Central African Republic,1960,575000,863915,64593,239232,335768,266847,597068
Central African Republic,1961,590866,872693,65668,246356,344510,269650,603043
Central African Republic,1962,606490,883439,66732,252143,354347,272944,610495
Central African Republic,1963,622061,896013,67689,257343,364718,276704,619309
Central African Republic,1964,637571,910486,68459,262680,374891,281024,629462
Central African Republic,1965,652987,926866,68980,268958,384029,286013,640853
Central African Republic,1966,672510,939815,70560,276842,395668,290426,649389
Central African Republic,1967,691325,955339,71939,283572,407753,295765,659574
Central African Republic,1968,709400,972810,73134,289670,419730,301902,670908
Central African Republic,1969,726547,991534,74139,295627,430920,308748,682786
Central African Republic,1970,742650,1011094,74965,302079,440571,316282,694812
Central African Republic,1971,763911,1023772,76915,310890,453021,322015,701757
Central African Republic,1972,783617,1038014,78686,317868,465749,329058,708956
Central African Republic,1973,802473,1054057,80311,323967,478506,337334,716723
Central African Republic,1974,821425,1072260,81836,330373,491052,346693,725567
Central African Republic,1975,841186,1092912,83274,338290,502896,357076,735836
Central African Republic,1976,864023,1112867,85515,347639,516384,367098,745769
Central African Republic,1977,886840,1135907,87710,356090,530750,378074,757833
Central African Republic,1978,910325,1162041,89883,364559,545766,389937,772104
Central African Republic,1979,935235,1191327,92013,374100,561135,402642,788685
Central African Republic,1980,962028,1223691,94102,385708,576320,416149,807542
Central African Republic,1981,992573,1257584,96640,398862,593711,430469,827115
Central African Republic,1982,1024488,1295225,99131,412250,612238,445435,849790
Central African Republic,1983,1056703,1334909,101523,425651,631052,460424,874485
Central African Republic,1984,1087384,1374644,103775,438303,649081,474786,899858
Central African Republic,1985,1115153,1413216,105863,449744,665409,488185,925031
Central African Republic,1986,1149901,1438503,108578,464206,685695,497402,941101
Central African Republic,1987,1181065,1463177,111002,475068,705997,506911,956266
Central African Republic,1988,1210118,1488875,113251,483654,726464,517389,971486
Central African Republic,1989,1239365,1517794,115509,491967,747398,529663,988131
Central African Republic,1990,1270398,1551495,117887,501842,768556,544316,1007179
Central African Republic,1991,1302632,1591193,120799,511815,790817,561795,1029398
Central African Republic,1992,1335282,1636733,123792,521027,814255,581034,1055699
Central African Republic,1993,1367792,1686655,126775,530093,837699,601402,1085253
Central African Republic,1994,1399093,1738981,129596,539518,859575,622121,1116860
Central African Republic,1995,1428335,1792269,132163,549802,878533,642662,1149607
Central African Republic,1996,1463623,1836732,135466,562355,901268,662419,1174313
Central African Republic,1997,1496883,1882121,138305,574933,921950,682525,1199596
Central African Republic,1998,1528022,1928604,140759,587507,940515,702835,1225769
Central African Republic,1999,1557009,1976607,142892,599856,957153,723310,1253297
Central African Republic,2000,1583949,2026289,144748,612089,971860,743877,1282412
Central African Republic,2001,1620416,2064157,147630,629059,991357,761285,1302872
Central African Republic,2002,1653507,2104023,150082,642294,1011213,779699,1324324
Central African Republic,2003,1683964,2145586,152115,652840,1031124,798661,1346925
Central African Republic,2004,1712816,2188477,153743,662246,1050570,817596,1370881
Central African Republic,2005,1740456,2232471,154983,671976,1068480,836161,1396310
Central African Republic,2006,1778026,2265847,157885,686053,1091973,847751,1418096
Central African Republic,2007,1814126,2301251,160423,697051,1117075,860471,1440780
Central African Republic,2008,1846583,2336443,162360,705234,1141349,873768,1462675
Central African Republic,2009,1872264,2368588,163378,710495,1161769,886837,1481751
Central African Republic,2010,1889098,2396101,163326,713165,1175933,899196,1496905
Central African Republic,2011,1916392,2394506,165255,721264,1195128,895853,1498653
Central African Republic,2012,1936460,2387876,166080,724416,1212044,894374,1493502
Central African Republic,2013,1952012,2381420,166221,724698,1227314,897381,1484039
Central African Republic,2014,1967715,2381467,166210,724993,1242722,907475,1473992
Central African Republic,2015,1987480,2392238,166382,728311,1259169,926166,1466072
Central African Republic,2016,1998737,2427789,168095,730455,1268282,945235,1482554
Central African Republic,2017,2012526,2476271,170283,730416,1282110,970302,1505969
Central African Republic,2018,2029333,2535268,172822,730426,1298907,1000022,1535246
Central African Republic,2019,2049498,2600745,175468,733288,1316210,1031938,1568807
Central African Republic,2020,2073023,2669800,178066,741311,1331712,1064222,1605578
Central African Republic,2021,2092744,2748178,181931,748473,1344271,1093905,1654273
Central African Republic,2022,2116843,2829683,185744,760489,1356354,1122067,1707616
Central African Republic,2023,2143935,2914164,189487,776212,1367723,1148766,1765398
Central African Republic,2024,2171708,3002080,193161,793104,1378604,1174419,1827661
Central African Republic,2025,2198950,3093211,196735,809644,1389306,1199108,1894103
Central African Republic,2026,2233401,3177871,201260,831242,1402159,1218158,1959713
Central African Republic,2027,2265314,3266639,205704,846795,1418519,1236686,2029953
Central African Republic,2028,2296144,3358111,210067,858019,1438125,1254379,2103732
Central African Republic,2029,2328075,3450520,214320,867858,1460217,1270825,2179695
Central African Republic,2030,2361968,3543157,218490,878765,1483203,1286016,2257141
Central African Republic,2031,2400416,3631956,223858,890657,1509759,1297803,2334153
Central African Republic,2032,2439245,3721877,229132,900427,1538818,1308949,2412928
Central African Republic,2033,2477670,3813292,234414,908785,1568885,1320223,2493069
Central African Republic,2034,2514075,3907310,239838,915875,1598200,1332797,2574513
Central African Republic,2035,2547394,4004604,245521,922061,1625333,1347467,2657137
Central African Republic,2036,2580985,4100537,252537,927915,1653070,1361901,2738636
Central African Republic,2037,2611133,4199931,259716,931804,1679329,1378426,2821505
Central African Republic,2038,2637790,4302653,267149,934288,1703502,1397413,2905240
Central African Republic,2039,2661244,4408315,274928,936131,1725113,1419196,2989119
Central African Republic,2040,2681756,4516534,283157,938032,1743724,1443841,3072693
Central African Republic,2041,2702322,4623328,292748,940346,1761976,1469299,3154029
Central African Republic,2042,2719870,4732764,302635,942010,1777860,1497502,3235262
Central African Republic,2043,2734584,4844592,312921,943352,1791232,1527500,3317092
Central African Republic,2044,2746852,4958364,323707,944690,1802162,1557746,3400618
Central African Republic,2045,2757099,5073601,335088,946421,1810678,1587123,3486478
Central African Republic,2046,2769091,5185816,347767,949847,1819244,1613726,3572090
Central African Republic,2047,2779113,5299509,360923,952396,1826717,1639295,3660214
Central African Republic,2048,2787554,5414332,374581,954445,1833109,1663579,3750753
Central African Republic,2049,2794960,5529861,388707,956482,1838478,1686308,3843553
Central African Republic,2050,2801776,5645651,403353,959072,1842704,1707257,3938394
Central African Republic,2051,2811855,5757204,419125,963828,1848027,1724713,4032491
Central African Republic,2052,2821066,5869220,435413,967254,1853812,1740235,4128985
Central African Republic,2053,2829711,5981142,452385,969881,1859830,1753991,4227151
Central African Republic,2054,2838034,6092437,470237,972285,1865749,1766254,4326183
Central African Republic,2055,2846141,6202687,489181,975021,1871120,1777229,4425458
Central African Republic,2056,2857001,6308519,509555,979072,1877929,1785935,4522584
Central African Republic,2057,2867404,6413610,530793,982164,1885240,1793399,4620211
Central African Republic,2058,2877255,6517403,553422,984562,1892693,1800047,4717356
Central African Republic,2059,2886305,6619270,578150,986439,1899866,1806397,4812873
Central African Republic,2060,2894383,6718756,605460,988043,1906340,1812798,4905958
Central African Republic,2061,2904412,6813032,635146,990495,1913917,1818637,4994395
Central African Republic,2062,2913105,6905624,666863,991647,1921458,1824638,5080986
Central African Republic,2063,2920465,6996362,700637,991836,1928629,1830935,5165427
Central African Republic,2064,2926541,7085049,736460,991468,1935073,1837558,5247491
Central African Republic,2065,2931319,7171544,774343,990896,1940423,1844508,5327036
Central African Republic,2066,2937130,7254131,813566,990696,1946434,1851616,5402515
Central African Republic,2067,2941569,7334994,854245,989944,1951625,1859027,5475967
Central African Republic,2068,2944491,7414357,896189,988728,1955763,1866725,5547632
Central African Republic,2069,2945736,7492555,939092,987049,1958687,1874567,5617988
Central African Republic,2070,2945250,7569687,982803,984964,1960286,1882407,5687280
Central African Republic,2071,2945782,7644269,1025974,983496,1962286,1890156,5754113
Central African Republic,2072,2944575,7718350,1069261,981270,1963305,1897774,5820576
Central African Republic,2073,2941707,7791653,1112790,978465,1963242,1905165,5886488
Central African Republic,2074,2937407,7863752,1156698,975352,1962055,1912118,5951634
Central African Republic,2075,2931852,7934303,1201121,972179,1959673,1918453,6015850
Central African Republic,2076,2927771,8002664,1243910,969827,1957944,1924350,6078314
Central African Republic,2077,2922548,8069880,1286621,967130,1955418,1929474,6140406
Central African Republic,2078,2916249,8135993,1329178,964210,1952039,1933817,6202176
Central African Republic,2079,2908964,8201215,1371320,961188,1947776,1937319,6263896
Central African Republic,2080,2900825,8265443,1413061,958215,1942610,1939920,6325523
Central African Republic,2081,2894765,8328057,1452106,956355,1938410,1941926,6386131
Central African Republic,2082,2887996,8390097,1490163,954181,1933815,1942937,6447160
Central African Republic,2083,2880556,8450621,1528132,951761,1928795,1943048,6507573
Central African Republic,2084,2872487,8508390,1567206,949149,1923338,1942355,6566035
Central African Republic,2085,2863830,8562503,1608237,946444,1917386,1940905,6621598
Central African Republic,2086,2857565,8612405,1648768,944897,1912668,1939076,6673329
Central African Republic,2087,2850622,8659628,1690361,942609,1908013,1936525,6723103
Central African Republic,2088,2843102,8703825,1733281,939801,1903301,1933358,6770467
Central African Republic,2089,2835130,8744688,1777746,936762,1898368,1929650,6815038
Central African Republic,2090,2826758,8781939,1824011,933737,1893021,1925453,6856486
Central African Republic,2091,2820283,8815282,1870058,931424,1888859,1921300,6893982
Central African Republic,2092,2813450,8845955,1916889,928838,1884612,1916701,6929254
Central African Republic,2093,2806116,8873957,1964598,926005,1880111,1911829,6962128
Central African Republic,2094,2798060,8899384,2013251,922877,1875183,1906827,6992557
Central African Republic,2095,2789130,8922174,2063018,919443,1869687,1901776,7020398
Central African Republic,2096,2781959,8941883,2111678,916753,1865206,1897186,7044697
Central African Republic,2097,2773861,8960202,2160173,913363,1860498,1892606,7067596
Central African Republic,2098,2764763,8977005,2208682,909325,1855438,1888052,7088953
Central African Republic,2099,2754677,8992145,2257304,904792,1849885,1883455,7108690
Central African Republic,2100,2743635,9005369,2306257,899978,1843657,1878731,7126638
Central America,1950,16180487,20579218,1297500,6544037,9636450,7342450,13236768
Central America,1951,16796189,21025342,1322537,6864156,9932033,7460472,13564870
Central America,1952,17507464,21445614,1345342,7281665,10225799,7563182,13882432
Central America,1953,18228548,21916802,1369853,7685490,10543058,7682246,14234556
Central America,1954,18932458,22461439,1396225,8047827,10884631,7831526,14629913
Central America,1955,19628342,23068129,1423235,8381303,11247039,8012147,15055982
Central America,1956,20463615,23567438,1470202,8822052,11641563,8159911,15407527
Central America,1957,21236463,24175770,1520640,9109928,12126535,8357934,15817836
Central America,1958,21996555,24843653,1573149,9312430,12684125,8588484,16255169
Central America,1959,22788449,25526446,1627298,9499076,13289373,8834399,16692047
Central America,1960,23626015,26209653,1683451,9724615,13901400,9091074,17118579
Central America,1961,24491877,26895767,1756327,9924457,14567420,9352529,17543238
Central America,1962,25408166,27578718,1829366,10173596,15234570,9622966,17955752
Central America,1963,26347353,28284406,1903312,10466608,15880745,9915925,18368481
Central America,1964,27261951,29057823,1979774,10772575,16489376,10254008,18803815
Central America,1965,28128386,29921837,2059405,11072260,17056126,10650180,19271657
Central America,1966,29021521,30792351,2146114,11402731,17618790,11059636,19732715
Central America,1967,29867225,31749625,2234769,11706816,18160409,11520230,20229395
Central America,1968,30689166,32785296,2324010,12000612,18688554,12027849,20757447
Central America,1969,31534420,33874064,2410923,12323234,19211186,12571386,21302678
Central America,1970,32432171,34999192,2493987,12704853,19727318,13142678,21856514
Central America,1971,33419370,36118715,2583334,13147083,20272287,13700669,22418046
Central America,1972,34466780,37262029,2666759,13632109,20834671,14279826,22982203
Central America,1973,35541286,38431578,2747368,14125172,21416114,14866593,23564985
Central America,1974,36583346,39643844,2830525,14559452,22023894,15445215,24198629
Central America,1975,37551972,40908185,2919374,14894734,22657238,16007135,24901050
Central America,1976,38577326,42081059,3017677,15286216,23291110,16466527,25614532
Central America,1977,39470371,43355116,3125122,15435904,24034467,16926516,26428600
Central America,1978,40270076,44698058,3235631,15417887,24852189,17387151,27310907
Central America,1979,41036202,46064290,3340076,15353677,25682525,17849935,28214355
Central America,1980,41792155,47438400,3434718,15333543,26458612,18323815,29114585
Central America,1981,42406206,48929512,3541696,15204194,27202012,18809032,30120480
Central America,1982,43055084,50384041,3636641,15216355,27838729,19274530,31109511
Central America,1983,43689763,51845514,3728625,15333759,28356004,19753516,32091998
Central America,1984,44237070,53379113,3830528,15475086,28761984,20291614,33087499
Central America,1985,44666943,55013107,3949287,15581513,29085430,20911759,34101348
Central America,1986,45006227,56712596,4089052,15715449,29290778,21554980,35157616
Central America,1987,45253765,58490329,4241390,15826044,29427721,22257424,36232905
Central America,1988,45445261,60332307,4404979,15915929,29529332,22996514,37335793
Central America,1989,45648261,62200876,4576479,16012450,29635811,23728939,38471937
Central America,1990,45903365,64073242,4754513,16136676,29766689,24427199,39646043
Central America,1991,46211500,65959439,4937208,16303539,29907961,25111985,40847454
Central America,1992,46543254,67875452,5125393,16443784,30099470,25767584,42107868
Central America,1993,46892822,69796217,5317755,16565652,30327170,26369166,43427051
Central America,1994,47241476,71696894,5512916,16673637,30567839,26885220,44811674
Central America,1995,47573452,73560610,5710019,16773847,30799605,27298660,46261950
Central America,1996,47912328,75347404,5921699,16890413,31021915,27561575,47785829
Central America,1997,48251992,77085188,6133742,16987539,31264453,27717169,49368019
Central America,1998,48579403,78781704,6344193,17062462,31516941,27804238,50977466
Central America,1999,48874037,80454469,6550290,17105782,31768255,27880001,52574468
Central America,2000,49122417,82118200,6751609,17112118,32010299,27983419,54134781
Central America,2001,49310016,83775249,6947988,17099283,32210733,28063595,55711654
Central America,2002,49453173,85423435,7137717,17043101,32410072,28164827,57258608
Central America,2003,49569938,87091775,7329728,16959905,32610033,28303233,58788542
Central America,2004,49688971,88815031,7535805,16874093,32814878,28489680,60325351
Central America,2005,49826876,90620689,7763993,16801991,33024885,28731961,61888728
Central America,2006,49846208,92665495,8017224,16660383,33185825,29091845,63573650
Central America,2007,49875243,94802955,8293670,16555451,33319792,29492512,65310443
Central America,2008,49896006,97014128,8587447,16481039,33414967,29919752,67094376
Central America,2009,49888529,99264955,8888407,16428924,33459605,30350262,68914693
Central America,2010,49844268,101520263,9192064,16392793,33451475,30765107,70755156
Central America,2011,49772456,103767256,9488652,16367214,33405242,31163863,72603393
Central America,2012,49687577,105996578,9782969,16379537,33308040,31534923,74461655
Central America,2013,49587665,108195936,10091935,16411640,33176025,31872331,76323605
Central America,2014,49470898,110352690,10439228,16437971,33032927,32169231,78183459
Central America,2015,49338709,112457016,10839384,16443025,32895684,32420481,80036535
Central America,2016,49270310,114446384,11272062,16503244,32767066,32611170,81835214
Central America,2017,49158352,116406257,11751708,16479849,32678503,32760614,83645643
Central America,2018,49025671,118321376,12269116,16398466,32627205,32863289,85458087
Central America,2019,48900398,120176318,12810223,16299829,32600569,32912981,87263337
Central America,2020,48791679,121966168,13369407,16213354,32578325,32909857,89056311
Central America,2021,48679324,123724792,13931292,16105511,32573813,32867965,90856827
Central America,2022,48589673,125413447,14506447,16019023,32570650,32772601,92640846
Central America,2023,48503069,127044938,15100090,15947141,32555928,32645717,94399221
Central America,2024,48386852,128643789,15718759,15869987,32516865,32519801,96123988
Central America,2025,48223784,130220215,16367930,15774370,32449414,32415493,97804722
Central America,2026,48051959,131774927,17007721,15680246,32371713,32337953,99436974
Central America,2027,47839954,133305456,17670693,15573941,32266013,32280255,101025201
Central America,2028,47591286,134800834,18362618,15456436,32134850,32240590,102560244
Central America,2029,47318469,136241149,19089053,15334866,31983603,32211259,104029890
Central America,2030,47028935,137610839,19856698,15214075,31814860,32186556,105424283
Central America,2031,46751015,138935473,20610528,15104744,31646271,32177993,106757480
Central America,2032,46458138,140201264,21390583,14994045,31464093,32176891,108024373
Central America,2033,46151097,141386352,22218256,14882675,31268422,32172548,109213804
Central America,2034,45830135,142462797,23122127,14770284,31059851,32148893,110313904
Central America,2035,45496389,143413738,24118423,14657666,30838723,32095741,111317997
Central America,2036,45189372,144275911,25130756,14562967,30626405,32026052,112249859
Central America,2037,44873612,145024070,26219302,14463223,30410389,31924785,113099285
Central America,2038,44551650,145676771,27362800,14360563,30191087,31796318,113880453
Central America,2039,44226260,146263077,28529343,14258062,29968198,31648282,114614795
Central America,2040,43898545,146798424,29702269,14158415,29740130,31485713,115312711
Central America,2041,43606091,147333428,30793234,14076843,29529248,31323310,116010118
Central America,2042,43315091,147826284,31877613,13994031,29321060,31144552,116681732
Central America,2043,43024265,148267885,32965379,13909994,29114271,30951436,117316449
Central America,2044,42731399,148648491,34068010,13824046,28907353,30746444,117902047
Central America,2045,42434923,148961540,35193240,13736415,28698508,30531973,118429567
Central America,2046,42176095,149272598,36233890,13666334,28509761,30326153,118946445
Central America,2047,41914627,149536367,37275381,13588142,28326485,30113179,119423188
Central America,2048,41651310,149743001,38326704,13504131,28147179,29895287,119847714
Central America,2049,41386332,149877055,39403189,13417398,27968934,29673945,120203110
Central America,2050,41117717,149924193,40521082,13330164,27787553,29449959,120474234
Central America,2051,40881819,149975130,41553270,13255344,27626475,29246165,120728965
Central America,2052,40646248,149961008,42600646,13179288,27466960,29041781,120919227
Central America,2053,40407109,149873029,43675013,13101017,27306092,28837162,121035867
Central America,2054,40159311,149704121,44787505,13018293,27141018,28632528,121071593
Central America,2055,39899010,149448103,45947330,12929821,26969189,28427998,121020105
Central America,2056,39672640,149215490,46997409,12855361,26817279,28249120,120966370
Central America,2057,39436321,148923327,48064720,12772563,26663758,28072020,120851307
Central America,2058,39190076,148564284,49156752,12683438,26506638,27895669,120668615
Central America,2059,38935299,148129875,50280898,12591656,26343643,27718117,120411758
Central America,2060,38671638,147613034,51444903,12499787,26171851,27537753,120075281
Central America,2061,38440294,147150405,52471280,12420029,26020265,27383946,119766459
Central America,2062,38207625,146634185,53501893,12343815,25863810,27228407,119405778
Central America,2063,37969580,146064712,54540906,12268954,25700626,27069869,118994843
Central America,2064,37721261,145447561,55588185,12191739,25529522,26906905,118540656
Central America,2065,37459499,144783309,56647009,12109825,25349674,26738117,118045192
Central America,2066,37237141,144204739,57532493,12046053,25191088,26592087,117612652
Central America,2067,37007255,143613912,58390463,11975436,25031819,26442870,117171042
Central America,2068,36771060,143004480,59227150,11899697,24871363,26289410,116715070
Central America,2069,36529496,142362177,60057163,11821702,24707794,26128940,116233237
Central America,2070,36279913,141667184,60904246,11742964,24536949,25958159,115709025
Central America,2071,36071740,141084681,61554650,11680073,24391667,25811147,115273534
Central America,2072,35865218,140494898,62169139,11617889,24247329,25658435,114836463
Central America,2073,35655335,139870981,62781543,11554974,24100361,25498195,114372786
Central America,2074,35436866,139185932,63426418,11489269,23947597,25329542,113856390
Central America,2075,35206451,138421820,64126952,11419706,23786745,25152065,113269755
Central America,2076,35022810,137763836,64640738,11368589,23654221,25002906,112760930
Central America,2077,34835726,137068539,65162143,11313903,23521823,24849391,112219148
Central America,2078,34642594,136326877,65703079,11255208,23387386,24690701,111636176
Central America,2079,34441005,135533086,66271533,11192415,23248590,24526130,111006956
Central America,2080,34227943,134679660,66878186,11125424,23102519,24354775,110324885
Central America,2081,34060605,133955626,67277816,11075336,22985269,24214587,109741039
Central America,2082,33889254,133213506,67668961,11020869,22868385,24072773,109140733
Central America,2083,33711444,132442302,68066075,10962229,22749215,23927776,108514526
Central America,2084,33524194,131629558,68485640,10899739,22624455,23777353,107852205
Central America,2085,33323675,130761457,68946462,10833371,22490304,23619225,107142232
Central America,2086,33165289,130035512,69196710,10781795,22383494,23492254,106543258
Central America,2087,33004299,129301440,69432811,10729474,22274825,23363330,105938110
Central America,2088,32836512,128546012,69673962,10675046,22161466,23230960,105315052
Central America,2089,32657134,127755446,69940747,10616595,22040539,23093525,104661921
Central America,2090,32461582,126914799,70254641,10552556,21909026,22949031,103965768
Central America,2091,32309176,126224334,70357593,10504738,21804438,22836435,103387899
Central America,2092,32151582,125534732,70448575,10453375,21698207,22723362,102811370
Central America,2093,31985657,124828880,70549060,10398007,21587650,22607000,102221880
Central America,2094,31808298,124087496,70682596,10338556,21469742,22483810,101603686
Central America,2095,31615626,123291290,70873618,10274748,21340878,22350413,100940877
Central America,2096,31466478,122651987,70853014,10226530,21239948,22247932,100404055
Central America,2097,31314715,122010962,70827078,10177409,21137306,22142633,99868329
Central America,2098,31156004,121348996,70821133,10126378,21029626,22031694,99317302
Central America,2099,30985548,120647353,70860625,10071844,20913704,21912328,98735025
Central America,2100,30798972,119890260,70967779,10012264,20786708,21782258,98108002
Central Asia,1950,5658760,10702656,1088130,1914326,3744434,3599629,7103027
Central Asia,1951,5809314,10955814,1124731,2193123,3616191,3694137,7261677
Central Asia,1952,5930533,11312298,1169423,2419895,3510638,3808921,7503377
Central Asia,1953,6078814,11710373,1214582,2631816,3446998,3923919,7786454
Central Asia,1954,6299939,12099111,1254432,2839179,3460760,4021770,8077341
Central Asia,1955,6615765,12450035,1286602,3059517,3556248,4092517,8357518
Central Asia,1956,7046440,12730791,1316436,3314546,3731894,4132349,8598442
Central Asia,1957,7540443,12991136,1340777,3529501,4010942,4158110,8833026
Central Asia,1958,8090146,13232824,1362323,3717874,4372272,4162998,9069826
Central Asia,1959,8673710,13471641,1385150,3895341,4778369,4140489,9331152
Central Asia,1960,9272790,13721378,1411714,4075520,5197270,4091456,9629922
Central Asia,1961,9869865,13988009,1449741,4232564,5637301,4027371,9960638
Central Asia,1962,10488757,14254223,1485996,4411315,6077442,3931034,10323189
Central Asia,1963,11102244,14535486,1521930,4593808,6508436,3840291,10695195
Central Asia,1964,11674282,14852774,1560347,4746368,6927914,3812711,11040063
Central Asia,1965,12181520,15218053,1603180,4842872,7338648,3884100,11333953
Central Asia,1966,12667552,15579938,1654096,4921582,7745970,4039117,11540821
Central Asia,1967,13070807,16003102,1709317,4927361,8143446,4295163,11707939
Central Asia,1968,13404914,16475892,1765238,4883905,8521009,4629328,11846564
Central Asia,1969,13698906,16974965,1815959,4838985,8859921,5000036,11974929
Central Asia,1970,13967418,17488750,1858972,4825837,9141581,5380030,12108720
Central Asia,1971,14143096,18059765,1917989,4781482,9361614,5817524,12242241
Central Asia,1972,14329965,18616593,1961628,4839327,9490638,6250784,12365809
Central Asia,1973,14514734,19173514,1995186,4966811,9547923,6671003,12502511
Central Asia,1974,14669978,19758512,2026588,5105518,9564460,7076403,12682109
Central Asia,1975,14785813,20384598,2059671,5215597,9570216,7463232,12921366
Central Asia,1976,14947835,20955437,2107190,5386856,9560979,7785143,13170294
Central Asia,1977,15065718,21574216,2157134,5487888,9577830,8082788,13491428
Central Asia,1978,15171631,22220238,2202499,5542644,9628987,8344971,13875267
Central Asia,1979,15313590,22860880,2232713,5600469,9713121,8557606,14303274
Central Asia,1980,15513422,23481751,2243662,5697624,9815798,8718501,14763250
Central Asia,1981,15739173,24093602,2254371,5806520,9932653,8875568,15218034
Central Asia,1982,16023581,24677781,2249260,5949924,10073657,8982233,15695548
Central Asia,1983,16357462,25239578,2236324,6121642,10235820,9045590,16193988
Central Asia,1984,16714266,25799939,2226294,6303177,10411089,9084284,16715655
Central Asia,1985,17075437,26371936,2225277,6482988,10592449,9114207,17257729
Central Asia,1986,17478886,26916213,2238292,6698177,10780709,9113060,17803153
Central Asia,1987,17886942,27471864,2254049,6894508,10992434,9107472,18364392
Central Asia,1988,18285342,28019026,2277362,7059465,11225877,9105575,18913451
Central Asia,1989,18652696,28532956,2315576,7177606,11475090,9119026,19413930
Central Asia,1990,18967356,29003839,2372110,7242163,11725193,9158579,19845260
Central Asia,1991,19299456,29340192,2461290,7335742,11963714,9233915,20106277
Central Asia,1992,19541345,29673209,2567020,7313292,12228053,9350604,20322605
Central Asia,1993,19709220,30007580,2673633,7203474,12505746,9495038,20512542
Central Asia,1994,19822312,30356814,2759255,7046709,12775603,9649247,20707567
Central Asia,1995,19887166,30736673,2813020,6875455,13011711,9805584,20931089
Central Asia,1996,19872067,31162211,2851546,6645433,13226634,9970990,21191221
Central Asia,1997,19816456,31620906,2854914,6425150,13391306,10133104,21487802
Central Asia,1998,19720218,32121524,2842508,6224041,13496177,10306723,21814801
Central Asia,1999,19582923,32673334,2841233,6045569,13537354,10513885,22159449
Central Asia,2000,19412023,33283022,2864292,5890691,13521332,10767083,22515939
Central Asia,2001,19145835,33984766,2951692,5700585,13445250,11071614,22913152
Central Asia,2002,18880898,34729178,3055822,5593508,13287390,11407274,23321904
Central Asia,2003,18621219,35530995,3155657,5557802,13063417,11759779,23771216
Central Asia,2004,18382703,36394519,3223188,5583027,12799676,12103540,24290979
Central Asia,2005,18184453,37307581,3245804,5659803,12524650,12417703,24889878
Central Asia,2006,18060654,38202795,3255067,5798539,12262115,12710049,25492746
Central Asia,2007,17984383,39127306,3234283,5988696,11995687,12983243,26144063
Central Asia,2008,17963151,40064971,3196663,6212930,11750221,13220872,26844099
Central Asia,2009,18007697,40994889,3158433,6453935,11553762,13396025,27598864
Central Asia,2010,18129388,41899058,3128001,6706837,11422551,13486583,28412475
Central Asia,2011,18403522,42666611,3142082,7057106,11346416,13417984,29248627
Central Asia,2012,18724937,43437250,3156820,7324610,11400327,13264377,30172873
Central Asia,2013,19100884,44178491,3175510,7525854,11575030,13035839,31142652
Central Asia,2014,19521729,44859586,3209634,7674797,11846932,12758658,32100928
Central Asia,2015,19963646,45470081,3271278,7779756,12183890,12459060,33011021
Central Asia,2016,20421983,45983249,3382528,7834164,12587819,12144165,33839084
Central Asia,2017,20864062,46449988,3525625,7814255,13049807,11821414,34628574
Central Asia,2018,21276593,46891455,3692417,7741649,13534944,11523970,35367485
Central Asia,2019,21642267,47339947,3871301,7644067,13998200,11297262,36042685
Central Asia,2020,21946656,47817942,4056525,7539826,14406830,11171822,36646120
Central Asia,2021,22114573,48366774,4280034,7342388,14772185,11161830,37204944
Central Asia,2022,22254364,48915575,4501185,7225512,15028852,11244756,37670819
Central Asia,2023,22337585,49486104,4726925,7160700,15176885,11420442,38065662
Central Asia,2024,22337157,50095921,4967700,7103235,15233922,11680877,38415044
Central Asia,2025,22247274,50746998,5228577,7020126,15227148,12014558,38732440
Central Asia,2026,22121075,51378582,5517352,6956253,15164822,12412086,38966496
Central Asia,2027,21911127,52054379,5819154,6871272,15039855,12880127,39174252
Central Asia,2028,21642864,52763832,6123146,6772367,14870497,13377434,39386398
Central Asia,2029,21362573,53483681,6411513,6683541,14679032,13841942,39641739
Central Asia,2030,21100237,54197684,6674781,6622499,14477738,14232111,39965573
Central Asia,2031,20871664,54883260,6921330,6593052,14278612,14551189,40332071
Central Asia,2032,20666359,55561367,7141462,6580246,14086113,14789808,40771559
Central Asia,2033,20487724,56221156,7344904,6584226,13903498,14947714,41273442
Central Asia,2034,20330393,56855445,7546452,6599093,13731300,15033019,41822426
Central Asia,2035,20192707,57457895,7755729,6622883,13569824,15052327,42405568
Central Asia,2036,20114119,57992154,7970478,6681184,13432935,15002944,42989210
Central Asia,2037,20056774,58498654,8188058,6729809,13326965,14881811,43616843
Central Asia,2038,20023527,58974663,8407555,6771577,13251950,14707912,44266751
Central Asia,2039,20015453,59420923,8625706,6810818,13204635,14510163,44910760
Central Asia,2040,20030459,59838797,8841802,6851416,13179043,14309864,45528933
Central Asia,2041,20087742,60201753,9062754,6905220,13182522,14112048,46089705
Central Asia,2042,20159350,60543469,9281896,6944453,13214897,13918115,46625354
Central Asia,2043,20241223,60860824,9503607,6971313,13269910,13733536,47127288
Central Asia,2044,20324997,61153210,9733359,6986530,13338467,13562485,47590725
Central Asia,2045,20402617,61420846,9976105,6990795,13411822,13409189,48011657
Central Asia,2046,20481078,61639378,10247976,6986931,13494147,13280545,48358833
Central Asia,2047,20547867,61846925,10522702,6969883,13577984,13175883,48671042
Central Asia,2048,20598907,62035086,10811237,6941252,13657655,13097469,48937617
Central Asia,2049,20630078,62190242,11129880,6902692,13727386,13046477,49143765
Central Asia,2050,20637640,62305333,11488386,6854940,13782700,13023178,49282155
Central Asia,2051,20621622,62364128,11902290,6793703,13827919,13031212,49332916
Central Asia,2052,20584337,62396125,12339722,6732623,13851714,13065131,49330994
Central Asia,2053,20523373,62415086,12789560,6670739,13852634,13119981,49295105
Central Asia,2054,20438495,62439293,13234476,6607012,13831483,13187788,49251505
Central Asia,2055,20330987,62479430,13663214,6540590,13790397,13262227,49217203
Central Asia,2056,20210194,62513344,14088829,6473909,13736285,13345129,49168215
Central Asia,2057,20072884,62566292,14489944,6411476,13661408,13430345,49135947
Central Asia,2058,19921352,62645425,14858733,6352882,13568470,13512506,49132919
Central Asia,2059,19760575,62759150,15183816,6298721,13461854,13584383,49174767
Central Asia,2060,19595155,62909773,15460108,6249754,13345401,13640599,49269174
Central Asia,2061,19441906,63077089,15691838,6213993,13227913,13683476,49393613
Central Asia,2062,19289115,63280042,15872482,6182465,13106650,13707228,49572814
Central Asia,2063,19139063,63508677,16011062,6154908,12984155,13710778,49797899
Central Asia,2064,18994294,63752416,16117084,6131152,12863142,13693820,50058596
Central Asia,2065,18857043,64001959,16198764,6111834,12745209,13656712,50345247
Central Asia,2066,18747653,64235418,16258505,6109378,12638275,13602412,50633006
Central Asia,2067,18645750,64479560,16290370,6102751,12542999,13527735,50951825
Central Asia,2068,18553118,64710873,16316273,6093641,12459477,13436099,51274774
Central Asia,2069,18470302,64898486,16366447,6084044,12386258,13332510,51565976
Central Asia,2070,18396412,65022498,16461654,6075817,12320595,13221106,51801392
Central Asia,2071,18343652,65065886,16607026,6075700,12267952,13106121,51959765
Central Asia,2072,18297981,65059585,16785974,6070507,12227474,12985290,52074295
Central Asia,2073,18257866,65002077,17001603,6061163,12196703,12862592,52139485
Central Asia,2074,18220037,64894733,17255742,6047996,12172041,12743021,52151712
Central Asia,2075,18181310,64739837,17549235,6031400,12149910,12630425,52109412
Central Asia,2076,18147899,64516250,17897090,6014539,12133360,12527992,51988258
Central Asia,2077,18112322,64257199,18273630,5992524,12119798,12434379,51822820
Central Asia,2078,18072777,63977379,18665936,5966008,12106769,12350654,51626725
Central Asia,2079,18027403,63698814,19053813,5935692,12091711,12277331,51421483
Central Asia,2080,17974293,63435200,19425399,5901970,12072323,12214630,51220570
Central Asia,2081,17915570,63165895,19799218,5864788,12050782,12164634,51001261
Central Asia,2082,17850679,62923203,20143507,5826845,12023834,12125614,50797589
Central Asia,2083,17778294,62705177,20461561,5787920,11990374,12095893,50609284
Central Asia,2084,17697281,62506745,20759570,5747602,11949679,12072299,50434446
Central Asia,2085,17606690,62322436,21043972,5705442,11901248,12052047,50270389
Central Asia,2086,17514086,62145565,21313864,5664169,11849917,12038244,50107321
Central Asia,2087,17415359,61994949,21554487,5623608,11791751,12026989,49967960
Central Asia,2088,17310112,61863639,21773071,5583463,11726649,12015829,49847810
Central Asia,2089,17199049,61743948,21976486,5543827,11655222,12001640,49742308
Central Asia,2090,17082977,61629112,22170570,5504912,11578065,11982100,49647012
Central Asia,2091,16976667,61530195,22329426,5472660,11504007,11963767,49566428
Central Asia,2092,16868418,61443218,22468699,5441251,11427167,11939117,49504101
Central Asia,2093,16758512,61358096,22598176,5410674,11347838,11907153,49450943
Central Asia,2094,16647658,61263917,22728072,5381100,11266558,11867082,49396835
Central Asia,2095,16536526,61153081,22865232,5352833,11183693,11818593,49334488
Central Asia,2096,16443905,61048507,22967968,5334032,11109873,11770664,49277843
Central Asia,2097,16352242,60933239,23070710,5314206,11038036,11713996,49219243
Central Asia,2098,16261841,60801388,23178973,5293594,10968247,11649510,49151878
Central Asia,2099,16173309,60647564,23297429,5272995,10900314,11578759,49068805
Central Asia,2100,16087441,60467615,23429327,5253899,10833542,11502990,48964625
Chad,1950,946432,1446906,108979,375828,570604,452554,994352
Chad,1951,972293,1461089,110518,392259,580034,457535,1003554
Chad,1952,1001735,1475711,111459,413182,588553,462904,1012807
Chad,1953,1029878,1494336,112047,432438,597440,469663,1024673
Chad,1954,1055472,1517482,112250,448450,607022,477779,1039703
Chad,1955,1079384,1543871,111953,462330,617054,486757,1057114
Chad,1956,1114539,1558570,112940,483309,631230,492085,1066485
Chad,1957,1144068,1580055,113639,493673,650395,499702,1080353
Chad,1958,1171377,1605172,114086,498192,673185,508459,1096713
Chad,1959,1199553,1631135,114413,501925,697628,517217,1113918
Chad,1960,1229827,1657039,114727,509011,720816,525620,1131419
Chad,1961,1264406,1678570,117379,515338,749068,532496,1146074
Chad,1962,1301244,1700127,119845,524722,776522,539126,1161001
Chad,1963,1338460,1723076,122015,536894,801566,546537,1176539
Chad,1964,1372741,1749967,123797,549736,823005,556426,1193541
Chad,1965,1402498,1781948,125127,562052,840446,569715,1212233
Chad,1966,1437134,1807123,127913,577545,859589,582521,1224602
Chad,1967,1466753,1837841,130217,589502,877251,598731,1239110
Chad,1968,1493710,1873512,132130,599842,893868,617819,1255693
Chad,1969,1522033,1912614,133729,612130,909903,638750,1273864
Chad,1970,1554388,1954117,135044,629453,924935,660782,1293335
Chad,1971,1597179,1990506,138406,651343,945836,681424,1309082
Chad,1972,1643552,2030095,141456,675141,968411,703679,1326416
Chad,1973,1692085,2071438,144109,700513,991572,726200,1345238
Chad,1974,1739782,2113437,146293,725589,1014193,747363,1366074
Chad,1975,1784490,2155483,147975,749135,1035355,766264,1389219
Chad,1976,1837149,2184142,150939,777325,1059824,778401,1405741
Chad,1977,1886001,2214663,153325,799260,1086741,789193,1425470
Chad,1978,1933028,2247408,155209,817231,1115797,799459,1447949
Chad,1979,1981303,2282742,156671,835049,1146254,810414,1472328
Chad,1980,2033030,2321231,157781,856444,1176586,823006,1498225
Chad,1981,2094111,2355077,160979,880164,1213947,834440,1520637
Chad,1982,2156947,2394342,163908,902782,1254165,848386,1545956
Chad,1983,2222652,2439804,166638,926411,1296241,865337,1574467
Chad,1984,2292239,2492592,169215,953166,1339073,885906,1606686
Chad,1985,2366768,2553115,171652,985378,1381390,910421,1642694
Chad,1986,2453088,2613886,176032,1020729,1432359,936559,1677327
Chad,1987,2542850,2684827,180410,1056471,1486379,967714,1717113
Chad,1988,2635705,2763950,184684,1093720,1541985,1003062,1760888
Chad,1989,2730614,2848778,188694,1133045,1597569,1041507,1807271
Chad,1990,2826624,2937859,192376,1175013,1651611,1082352,1855507
Chad,1991,2933577,3019382,197122,1221390,1712187,1121807,1897575
Chad,1992,3040631,3106995,201463,1265919,1774712,1164556,1942439
Chad,1993,3148992,3201113,205498,1310113,1838879,1210193,1990920
Chad,1994,3260462,3302321,209350,1356079,1904383,1258132,2044189
Chad,1995,3376594,3411021,213107,1406312,1970282,1308046,2102975
Chad,1996,3508718,3514094,218322,1462381,2046337,1355698,2158396
Chad,1997,3642643,3627195,223413,1515242,2127401,1406611,2220584
Chad,1998,3780245,3750534,228479,1567575,2212670,1460979,2289555
Chad,1999,3923822,3884408,233616,1622803,2301019,1519149,2365259
Chad,2000,4074821,4028864,238874,1684312,2390509,1581306,2447558
Chad,2001,4245457,4171940,245615,1751658,2493799,1643820,2528120
Chad,2002,4420675,4328584,252430,1817856,2602819,1711792,2616792
Chad,2003,4597801,4496181,259219,1883356,2714445,1784236,2711945
Chad,2004,4772198,4672014,265831,1947111,2825087,1860161,2811853
Chad,2005,4940022,4854735,272252,2008402,2931620,1939054,2915681
Chad,2006,5117093,5024973,279531,2074435,3042658,2013090,3011883
Chad,2007,5285932,5203324,286452,2132207,3153725,2090817,3112507
Chad,2008,5449046,5391746,293069,2184637,3264409,2172730,3219016
Chad,2009,5610923,5592516,299347,2236782,3374141,2259336,3333180
Chad,2010,5775026,5806832,305344,2293915,3481111,2350843,3455989
Chad,2011,5956137,6019587,312927,2358117,3598020,2440703,3578884
Chad,2012,6137290,6247746,320099,2419788,3717502,2536126,3711620
Chad,2013,6317440,6488761,327388,2480444,3836996,2635916,3852845
Chad,2014,6494202,6739689,335547,2540510,3953692,2738692,4000997
Chad,2015,6665637,6998775,345001,2600644,4064993,2843537,4155238
Chad,2016,6848174,7247070,357299,2666388,4181786,2943279,4303791
Chad,2017,7024246,7505359,370389,2725996,4298250,3045910,4459449
Chad,2018,7195090,7774169,383925,2781585,4413505,3151104,4623065
Chad,2019,7362697,8054256,397392,2836129,4526568,3258483,4795773
Chad,2020,7528511,8346047,410535,2892817,4635694,3367756,4978291
Chad,2021,7708423,8632123,425168,2955573,4752850,3472343,5159780
Chad,2022,7884343,8931842,439361,3013162,4871181,3579838,5352004
Chad,2023,8056584,9244399,453237,3067631,4988953,3689701,5554698
Chad,2024,8225174,9568980,466913,3121009,5104165,3801349,5767631
Chad,2025,8390071,9904976,480518,3175567,5214504,3914348,5990628
Chad,2026,8567203,10234760,495620,3235186,5332017,4022124,6212636
Chad,2027,8738575,10578136,510471,3288817,5449758,4132296,6445840
Chad,2028,8904660,10934358,525179,3338585,5566075,4244561,6689797
Chad,2029,9065950,11302734,539826,3386855,5679095,4358643,6944091
Chad,2030,9222775,11682614,554574,3436199,5786576,4474259,7208355
Chad,2031,9391356,12055807,571197,3490370,5900986,4585076,7470731
Chad,2032,9553229,12442554,587722,3538525,6014704,4698425,7744129
Chad,2033,9708930,12841610,604644,3582868,6126062,4813764,8027846
Chad,2034,9859045,13251572,622570,3625831,6233214,4930423,8321149
Chad,2035,10004007,13671352,641950,3669960,6334047,5047849,8623503
Chad,2036,10160174,14082397,664733,3718844,6441330,5160101,8922296
Chad,2037,10309334,14505078,688549,3762481,6546853,5273971,9231107
Chad,2038,10451896,14938519,713581,3802704,6649192,5388945,9549574
Chad,2039,10588277,15381899,739985,3841394,6746883,5504430,9877469
Chad,2040,10718866,15834321,767967,3880705,6838161,5619872,10214449
Chad,2041,10861254,16275955,799542,3925435,6935819,5729518,10546437
Chad,2042,10995782,16728608,832279,3963884,7031898,5840029,10888579
Chad,2043,11123213,17190960,866437,3998213,7125000,5950763,11240197
Chad,2044,11244467,17661543,902230,4030901,7213566,6060941,11600602
Chad,2045,11360191,18139119,939943,4064500,7295691,6169956,11969163
Chad,2046,11487867,18604306,981185,4103329,7384538,6273093,12331213
Chad,2047,11608268,19078283,1023756,4136898,7471370,6375875,12702408
Chad,2048,11721903,19559901,1068043,4167056,7554847,6477990,13081911
Chad,2049,11829228,20048070,1114456,4195688,7633540,6579137,13468933
Chad,2050,11930687,20541675,1163433,4224882,7705805,6678989,13862686
Chad,2051,12044710,21021288,1215680,4259705,7785005,6773761,14247527
Chad,2052,12151179,21508311,1269631,4289128,7862051,6868003,14640308
Chad,2053,12250803,22001189,1325875,4315022,7935781,6961382,15039807
Chad,2054,12344415,22498204,1385043,4339483,8004932,7053495,15444709
Chad,2055,12432654,22997877,1447705,4364684,8067970,7143983,15853894
Chad,2056,12533993,23481470,1513821,4395621,8138372,7230257,16251213
Chad,2057,12628437,23969831,1582246,4421854,8206583,7315655,16654176
Chad,2058,12716461,24461607,1653514,4444922,8271539,7399860,17061747
Chad,2059,12798492,24955550,1728163,4466378,8332114,7482497,17473053
Chad,2060,12874924,25450384,1806746,4487972,8386952,7563218,17887166
Chad,2061,12964954,25927282,1888563,4515522,8449432,7640373,18286909
Chad,2062,13047683,26407641,1972763,4537715,8509968,7716371,18691270
Chad,2063,13123709,26889838,2059964,4556200,8567509,7790970,19098868
Chad,2064,13193692,27372188,2150790,4572834,8620858,7863874,19508314
Chad,2065,13258103,27853195,2245850,4589539,8668564,7934811,19918384
Chad,2066,13335880,28314699,2344031,4611798,8724082,8003308,20311391
Chad,2067,13406644,28777608,2444453,4629399,8777245,8070492,20707116
Chad,2068,13470667,29240650,2547677,4643642,8827025,8136241,21104409
Chad,2069,13528073,29702758,2654190,4655748,8872325,8200403,21502355
Chad,2070,13579010,30162798,2764570,4667108,8911902,8262796,21900002
Chad,2071,13642370,30602422,2877918,4683661,8958709,8323602,22278820
Chad,2072,13697806,31043072,2992807,4695037,9002769,8383235,22659837
Chad,2073,13745927,31483113,3110064,4702773,9043154,8441503,23041610
Chad,2074,13787534,31920781,3230430,4708700,9078834,8498083,23422698
Chad,2075,13823207,32354515,3354664,4714564,9108643,8552678,23801837
Chad,2076,13870390,32767559,3481827,4725078,9145312,8606516,24161043
Chad,2077,13910976,33179586,3610003,4732539,9178437,8658708,24520878
Chad,2078,13944984,33589312,3740141,4737658,9207326,8709113,24880199
Chad,2079,13972286,33995632,3873099,4740915,9231371,8757511,25238121
Chad,2080,13992991,34397256,4009726,4743082,9249909,8803613,25593643
Chad,2081,14025682,34776034,4149328,4750622,9275060,8848859,25927175
Chad,2082,14050706,35153943,4289373,4753323,9297383,8892246,26261697
Chad,2083,14068740,35529079,4430840,4752436,9316304,8933485,26595594
Chad,2084,14080665,35899476,4574607,4749500,9331165,8972131,26927345
Chad,2085,14087015,36263490,4721563,4745960,9341055,9007848,27255642
Chad,2086,14103874,36603770,4872777,4746632,9357242,9042728,27561042
Chad,2087,14114413,36941720,5023508,4743860,9370553,9075028,27866692
Chad,2088,14118922,37275875,5174818,4738655,9380267,9104776,28171099
Chad,2089,14117700,37604946,5327638,4732086,9385614,9131968,28472978
Chad,2090,14111092,37927564,5482905,4725228,9385864,9156520,28771044
Chad,2091,14114366,38226272,5642691,4722453,9391913,9180901,29045371
Chad,2092,14112178,38522495,5800783,4717510,9394668,9202844,29319651
Chad,2093,14104619,38814817,5958356,4710855,9393764,9222432,29592385
Chad,2094,14091759,39102007,6116417,4702815,9388944,9239687,29862320
Chad,2095,14073655,39382849,6276019,4693722,9379933,9254559,30128290
Chad,2096,14065839,39636823,6442029,4689362,9376477,9269065,30367758
Chad,2097,14052027,39889373,6605226,4681010,9371017,9281657,30607716
Chad,2098,14032286,40138956,6767038,4669047,9363239,9292213,30846743
Chad,2099,14007169,40383776,6928684,4654536,9352633,9300321,31083455
Chad,2100,13977567,40621807,7091298,4639251,9338316,9305588,31316219
Channel Islands,1950,21848,67875,12511,8551,13297,13578,54297
Channel Islands,1951,22341,67994,12632,8942,13399,13732,54262
Channel Islands,1952,22598,68282,12781,8963,13635,13901,54381
Channel Islands,1953,22737,68636,12950,8771,13966,13966,54670
Channel Islands,1954,22781,69050,13141,8513,14268,13929,55121
Channel Islands,1955,22686,69563,13360,8359,14327,13886,55677
Channel Islands,1956,23024,69722,13522,8742,14282,14051,55671
Channel Islands,1957,23183,70073,13712,8765,14418,14234,55839
Channel Islands,1958,23307,70485,13919,8563,14744,14318,56167
Channel Islands,1959,23452,70926,14147,8312,15140,14287,56639
Channel Islands,1960,23546,71467,14407,8205,15341,14237,57230
Channel Islands,1961,23857,71951,14591,8688,15169,14645,57306
Channel Islands,1962,23955,72685,14817,8784,15171,15113,57572
Channel Islands,1963,24103,73419,15073,8648,15455,15492,57927
Channel Islands,1964,24399,74038,15336,8456,15943,15715,58323
Channel Islands,1965,24800,74587,15608,8409,16391,15790,58797
Channel Islands,1966,25025,75355,15847,8705,16320,16185,59170
Channel Islands,1967,25131,76242,16101,8812,16319,16665,59577
Channel Islands,1968,25373,77002,16351,8826,16547,17133,59869
Channel Islands,1969,25790,77576,16606,8789,17001,17507,60069
Channel Islands,1970,26254,78072,16871,8693,17561,17717,60355
Channel Islands,1971,26391,78830,17192,8372,18019,18086,60744
Channel Islands,1972,26375,79758,17481,8089,18286,18414,61344
Channel Islands,1973,26222,80763,17740,7815,18407,18702,62061
Channel Islands,1974,25936,81772,17974,7540,18396,19007,62765
Channel Islands,1975,25524,82714,18177,7274,18250,19329,63385
Channel Islands,1976,25198,83174,18530,7028,18170,19359,63815
Channel Islands,1977,24779,83596,18808,6875,17904,19547,64049
Channel Islands,1978,24320,84063,19007,6798,17522,19838,64225
Channel Islands,1979,23863,84692,19137,6774,17089,20176,64516
Channel Islands,1980,23440,85534,19238,6778,16662,20508,65026
Channel Islands,1981,23049,86537,19395,6845,16204,20871,65666
Channel Islands,1982,22673,87785,19521,6906,15767,21238,66547
Channel Islands,1983,22368,89154,19634,6969,15399,21534,67620
Channel Islands,1984,22171,90541,19741,7058,15113,21697,68844
Channel Islands,1985,22073,91877,19858,7195,14878,21678,70199
Channel Islands,1986,22109,93083,20038,7379,14730,21845,71238
Channel Islands,1987,22184,94318,20214,7580,14604,21926,72392
Channel Islands,1988,22337,95483,20367,7781,14556,21878,73605
Channel Islands,1989,22522,96529,20479,7945,14577,21695,74834
Channel Islands,1990,22683,97455,20533,8063,14620,21356,76099
Channel Islands,1991,23071,97806,20691,8258,14813,20598,77208
Channel Islands,1992,23359,98098,20801,8321,15038,19832,78266
Channel Islands,1993,23634,98319,20866,8308,15326,19095,79224
Channel Islands,1994,23954,98530,20900,8281,15673,18453,80077
Channel Islands,1995,24324,98799,20923,8272,16052,17936,80863
Channel Islands,1996,24560,99235,21034,8093,16467,17502,81733
Channel Islands,1997,24861,99749,21105,8054,16807,17223,82526
Channel Islands,1998,25171,100351,21149,8104,17067,17072,83279
Channel Islands,1999,25416,101055,21216,8171,17245,17035,84020
Channel Islands,2000,25547,101874,21304,8199,17348,17101,84773
Channel Islands,2001,25481,102630,21682,8231,17250,17489,85141
Channel Islands,2002,25370,103486,22045,8247,17123,17844,85642
Channel Islands,2003,25261,104417,22360,8239,17022,18091,86326
Channel Islands,2004,25171,105360,22639,8214,16957,18203,87157
Channel Islands,2005,25073,106253,22968,8189,16884,18191,88062
Channel Islands,2006,25094,106861,23456,8261,16833,18315,88546
Channel Islands,2007,24977,107566,23970,8240,16737,18477,89089
Channel Islands,2008,24784,108347,24450,8157,16627,18624,89723
Channel Islands,2009,24573,109159,24871,8058,16515,18722,90437
Channel Islands,2010,24381,109915,25285,7990,16391,18748,91167
Channel Islands,2011,24331,110357,25809,7986,16345,18749,91608
Channel Islands,2012,24261,110718,26379,7959,16302,18741,91977
Channel Islands,2013,24193,110995,26992,7930,16263,18710,92285
Channel Islands,2014,24131,111202,27636,7906,16225,18640,92562
Channel Islands,2015,24077,111362,28319,7885,16192,18521,92841
Channel Islands,2016,24052,111452,29037,7828,16224,18435,93017
Channel Islands,2017,24038,111496,29780,7809,16229,18316,93180
Channel Islands,2018,24026,111504,30553,7815,16211,18173,93331
Channel Islands,2019,24000,111482,31346,7829,16171,18026,93456
Channel Islands,2020,23960,111450,32168,7835,16125,17884,93566
Channel Islands,2021,23966,111359,32979,7832,16134,17831,93528
Channel Islands,2022,23950,111272,33793,7838,16112,17796,93476
Channel Islands,2023,23921,111174,34629,7850,16071,17775,93399
Channel Islands,2024,23883,111011,35518,7863,16020,17744,93267
Channel Islands,2025,23847,110760,36473,7876,15971,17688,93072
Channel Islands,2026,23873,110437,37428,7880,15993,17700,92737
Channel Islands,2027,23888,110060,38428,7890,15998,17710,92350
Channel Islands,2028,23900,109648,39459,7908,15992,17708,91940
Channel Islands,2029,23901,109210,40495,7923,15978,17683,91527
Channel Islands,2030,23895,108761,41528,7933,15962,17627,91134
Channel Islands,2031,23947,108328,42466,7931,16016,17627,90701
Channel Islands,2032,23987,107907,43380,7940,16047,17614,90293
Channel Islands,2033,24016,107505,44270,7954,16062,17582,89923
Channel Islands,2034,24035,107126,45125,7969,16066,17539,89587
Channel Islands,2035,24037,106763,45943,7975,16062,17476,89287
Channel Islands,2036,24091,106471,46615,7966,16125,17485,88986
Channel Islands,2037,24133,106230,47230,7971,16162,17497,88733
Channel Islands,2038,24154,106027,47793,7978,16176,17505,88522
Channel Islands,2039,24159,105824,48341,7987,16172,17496,88328
Channel Islands,2040,24151,105614,48889,7988,16163,17468,88146
Channel Islands,2041,24196,105438,49311,7977,16219,17509,87929
Channel Islands,2042,24225,105287,49713,7979,16246,17549,87738
Channel Islands,2043,24241,105140,50096,7989,16252,17575,87565
Channel Islands,2044,24238,104982,50482,7999,16239,17585,87397
Channel Islands,2045,24221,104807,50878,8003,16218,17568,87239
Channel Islands,2046,24263,104666,51165,7997,16266,17619,87047
Channel Islands,2047,24293,104538,51431,8004,16289,17660,86878
Channel Islands,2048,24307,104415,51686,8020,16287,17686,86729
Channel Islands,2049,24308,104292,51929,8035,16273,17694,86598
Channel Islands,2050,24293,104158,52183,8043,16250,17672,86486
Channel Islands,2051,24343,104065,52303,8043,16300,17707,86358
Channel Islands,2052,24378,103996,52395,8054,16324,17739,86257
Channel Islands,2053,24397,103931,52483,8070,16327,17756,86175
Channel Islands,2054,24402,103842,52593,8085,16317,17753,86089
Channel Islands,2055,24394,103697,52760,8095,16299,17720,85977
Channel Islands,2056,24444,103559,52858,8093,16351,17739,85820
Channel Islands,2057,24484,103406,52972,8104,16380,17750,85656
Channel Islands,2058,24514,103256,53095,8124,16390,17753,85503
Channel Islands,2059,24530,103096,53227,8142,16388,17737,85359
Channel Islands,2060,24529,102931,53382,8152,16377,17700,85231
Channel Islands,2061,24586,102805,53437,8154,16432,17710,85095
Channel Islands,2062,24628,102715,53469,8164,16464,17720,84995
Channel Islands,2063,24656,102634,53503,8178,16478,17719,84915
Channel Islands,2064,24672,102552,53562,8192,16480,17707,84845
Channel Islands,2065,24667,102431,53668,8195,16472,17667,84764
Channel Islands,2066,24719,102364,53669,8190,16529,17685,84679
Channel Islands,2067,24756,102310,53675,8193,16563,17699,84611
Channel Islands,2068,24774,102251,53699,8199,16575,17704,84547
Channel Islands,2069,24775,102171,53772,8203,16572,17698,84473
Channel Islands,2070,24759,102046,53902,8199,16560,17667,84379
Channel Islands,2071,24797,101977,53932,8188,16609,17689,84288
Channel Islands,2072,24818,101895,53983,8185,16633,17705,84190
Channel Islands,2073,24823,101801,54060,8188,16635,17715,84086
Channel Islands,2074,24810,101686,54181,8190,16620,17711,83975
Channel Islands,2075,24777,101542,54341,8183,16594,17684,83858
Channel Islands,2076,24798,101462,54392,8170,16628,17706,83756
Channel Islands,2077,24801,101385,54449,8166,16635,17724,83661
Channel Islands,2078,24793,101297,54533,8167,16626,17731,83566
Channel Islands,2079,24768,101188,54645,8165,16603,17724,83464
Channel Islands,2080,24725,101041,54815,8157,16568,17693,83348
Channel Islands,2081,24738,100965,54860,8146,16592,17707,83258
Channel Islands,2082,24733,100883,54921,8140,16593,17715,83168
Channel Islands,2083,24720,100780,55013,8140,16580,17711,83069
Channel Islands,2084,24688,100645,55150,8137,16551,17690,82955
Channel Islands,2085,24639,100468,55345,8126,16513,17644,82824
Channel Islands,2086,24646,100363,55411,8114,16532,17644,82719
Channel Islands,2087,24637,100246,55500,8107,16530,17639,82607
Channel Islands,2088,24619,100117,55614,8107,16512,17622,82495
Channel Islands,2089,24586,99958,55764,8103,16483,17593,82365
Channel Islands,2090,24534,99750,55974,8091,16443,17541,82209
Channel Islands,2091,24540,99617,56055,8082,16458,17532,82085
Channel Islands,2092,24532,99478,56150,8076,16456,17522,81956
Channel Islands,2093,24511,99313,56279,8071,16440,17496,81817
Channel Islands,2094,24469,99109,56457,8062,16407,17462,81647
Channel Islands,2095,24414,98855,56700,8047,16367,17406,81449
Channel Islands,2096,24408,98699,56787,8031,16377,17392,81307
Channel Islands,2097,24392,98521,56900,8019,16373,17374,81147
Channel Islands,2098,24361,98329,57047,8009,16352,17348,80981
Channel Islands,2099,24311,98106,57231,7994,16317,17313,80793
Channel Islands,2100,24245,97839,57466,7971,16274,17260,80579
Chile,1950,2268598,3654392,265294,875415,1393183,1122592,2531800
Chile,1951,2341686,3711761,273638,906434,1435252,1136964,2574797
Chile,1952,2426807,3759285,281548,952693,1474114,1146483,2612802
Chile,1953,2509905,3810886,289940,996885,1513020,1156844,2654042
Chile,1954,2586037,3871831,299101,1033779,1552258,1171840,2699991
Chile,1955,2656493,3941434,308911,1064096,1592397,1192691,2748743
Chile,1956,2742253,3997866,320544,1108297,1633956,1212397,2785469
Chile,1957,2815873,4069677,333037,1132163,1683710,1239936,2829741
Chile,1958,2885001,4149891,345750,1144685,1740316,1272614,2877277
Chile,1959,2956861,4231791,358061,1155053,1801808,1307262,2924529
Chile,1960,3033906,4312995,369724,1169916,1863990,1342466,2970529
Chile,1961,3109609,4397218,383329,1178851,1930758,1379320,3017898
Chile,1962,3191392,4479710,396034,1195492,1995900,1416384,3063326
Chile,1963,3274982,4564432,408001,1217931,2057051,1454950,3109482
Chile,1964,3353245,4658075,419518,1240716,2112529,1497268,3160807
Chile,1965,3422665,4763684,430728,1260296,2162369,1544405,3219279
Chile,1966,3492694,4870649,442794,1282497,2210197,1593324,3277325
Chile,1967,3553978,4989242,454105,1299885,2254093,1646034,3343208
Chile,1968,3606933,5116919,464970,1312073,2294860,1702053,3414866
Chile,1969,3652932,5249534,475777,1319281,2333651,1760574,3488960
Chile,1970,3692228,5384839,486798,1321864,2370364,1820975,3563864
Chile,1971,3730908,5512694,501587,1325225,2405683,1879509,3633185
Chile,1972,3759307,5646677,516574,1317485,2441822,1940974,3705703
Chile,1973,3779493,5785486,531316,1302628,2476865,2002917,3782569
Chile,1974,3794051,5927858,545147,1286176,2507875,2061820,3866038
Chile,1975,3804389,6073359,557786,1272227,2532162,2115610,3957749
Chile,1976,3805405,6222231,574200,1252771,2552634,2163371,4058860
Chile,1977,3806321,6370910,589188,1242089,2564232,2204530,4166380
Chile,1978,3806006,6521485,603292,1238791,2567215,2241631,4279854
Chile,1979,3803034,6676630,617204,1240010,2563024,2278456,4398174
Chile,1980,3797886,6837025,631315,1243742,2554144,2316860,4520165
Chile,1981,3793351,6996849,648944,1251949,2541402,2353113,4643736
Chile,1982,3789318,7160024,666494,1263736,2525582,2389592,4770432
Chile,1983,3787722,7325724,684088,1278394,2509328,2424798,4900926
Chile,1984,3791985,7491931,701742,1296208,2495777,2455838,5036093
Chile,1985,3804432,7657037,719559,1317549,2486883,2480777,5176260
Chile,1986,3828257,7816040,739811,1346186,2482071,2498704,5317336
Chile,1987,3858503,7975551,760091,1372773,2485730,2511483,5464068
Chile,1988,3894312,8133884,780829,1396563,2497749,2518796,5615088
Chile,1989,3932689,8290368,802740,1415519,2517170,2520771,5769597
Chile,1990,3970729,8445091,826312,1428550,2542179,2517965,5927126
Chile,1991,4013284,8591056,852904,1441818,2571466,2509718,6081338
Chile,1992,4049576,8740356,881101,1440602,2608974,2498258,6242098
Chile,1993,4080885,8891298,910485,1429208,2651677,2485695,6405603
Chile,1994,4108836,9042197,940356,1413911,2694925,2475386,6566811
Chile,1995,4133261,9192901,970451,1398968,2734293,2469945,6722956
Chile,1996,4143637,9349814,1004375,1372742,2770895,2472255,6877559
Chile,1997,4153348,9503333,1038154,1355283,2798065,2478403,7024930
Chile,1998,4158521,9657261,1071974,1343818,2814703,2489947,7167314
Chile,1999,4154194,9816782,1105976,1333072,2821122,2508542,7308240
Chile,2000,4138598,9983788,1140368,1319180,2819418,2534571,7449217
Chile,2001,4117237,10152943,1174789,1305382,2811855,2568890,7584053
Chile,2002,4085973,10328865,1208797,1290797,2795176,2610133,7718732
Chile,2003,4047398,10508299,1243845,1275786,2771612,2654878,7853421
Chile,2004,4006935,10685014,1281829,1262786,2744149,2697660,7987354
Chile,2005,3968287,10854763,1324014,1253491,2714796,2734642,8120121
Chile,2006,3935116,11016636,1368040,1248194,2686922,2769169,8247467
Chile,2007,3904555,11171640,1415492,1246249,2658306,2797631,8374009
Chile,2008,3876088,11320225,1465629,1246285,2629803,2818631,8501594
Chile,2009,3847514,11464745,1517183,1245301,2602213,2831008,8633737
Chile,2010,3817571,11606107,1569676,1241501,2576070,2834116,8771991
Chile,2011,3797186,11735565,1620606,1242579,2554607,2829858,8905707
Chile,2012,3772250,11865398,1672098,1234501,2537749,2816806,9048592
Chile,2013,3745687,11991297,1725998,1220741,2524946,2796539,9194758
Chile,2014,3721498,12107339,1784961,1206927,2514571,2771794,9335545
Chile,2015,3701439,12210505,1850737,1196958,2504481,2744760,9465745
Chile,2016,3681563,12304561,1923630,1183776,2497787,2719733,9584828
Chile,2017,3668125,12384959,2001642,1178699,2489426,2692404,9692555
Chile,2018,3657857,12455214,2084138,1179161,2478696,2664458,9790756
Chile,2019,3645589,12521101,2169963,1180170,2465419,2638049,9883052
Chile,2020,3628897,12585260,2258482,1178277,2450620,2614372,9970888
Chile,2021,3617462,12640138,2347346,1179695,2437767,2595093,10045045
Chile,2022,3600738,12694861,2438023,1176456,2424282,2579728,10115133
Chile,2023,3580637,12747141,2530999,1169651,2410986,2567072,10180069
Chile,2024,3560681,12793060,2626871,1162018,2398663,2555019,10238041
Chile,2025,3542546,12830439,2726252,1155419,2387127,2542240,10288199
Chile,2026,3528363,12861356,2824950,1149127,2379236,2532246,10329110
Chile,2027,3515234,12886395,2925081,1143405,2371829,2522293,10364102
Chile,2028,3502385,12905284,3027210,1138148,2364237,2511824,10393460
Chile,2029,3488051,12918360,3132153,1132461,2355590,2500285,10418075
Chile,2030,3471246,12925710,3240365,1125748,2345498,2487305,10438405
Chile,2031,3456716,12928243,3346007,1119447,2337269,2474961,10453282
Chile,2032,3440222,12926135,3453255,1112653,2327569,2461136,10464999
Chile,2033,3421855,12920498,3561196,1105390,2316465,2446479,10474019
Chile,2034,3402123,12913111,3667984,1097950,2304173,2432127,10480984
Chile,2035,3381411,12905035,3772511,1090515,2290896,2418750,10486285
Chile,2036,3363854,12900199,3866783,1083930,2279924,2409270,10490929
Chile,2037,3345416,12895703,3957652,1077637,2267779,2400865,10494838
Chile,2038,3326159,12891037,4045551,1071591,2254568,2392856,10498181
Chile,2039,3306090,12885150,4131460,1065687,2240403,2384121,10501029
Chile,2040,3285235,12876728,4216641,1059833,2225402,2373849,10502879
Chile,2041,3268776,12871390,4290324,1055535,2213241,2365477,10505913
Chile,2042,3251797,12865092,4361524,1051280,2200517,2355973,10509119
Chile,2043,3234257,12855555,4432528,1046966,2187291,2345176,10510379
Chile,2044,3216157,12840300,4505777,1042478,2173679,2333106,10507194
Chile,2045,3197540,12817629,4582890,1037773,2159767,2319797,10497832
Chile,2046,3183986,12794199,4651679,1034742,2149244,2308615,10485584
Chile,2047,3169762,12765944,4721996,1030923,2138839,2296539,10469405
Chile,2048,3155104,12731473,4795052,1026580,2128524,2283564,10447909
Chile,2049,3140149,12688609,4872997,1022048,2118101,2269671,10418938
Chile,2050,3124760,12635499,4957872,1017519,2107241,2254768,10380731
Chile,2051,3113563,12580651,5036628,1013970,2099593,2242375,10338276
Chile,2052,3102364,12518567,5119048,1010654,2091710,2229526,10289041
Chile,2053,3090748,12450304,5204577,1007375,2083373,2216209,10234095
Chile,2054,3078168,12378208,5291525,1003775,2074393,2202536,10175672
Chile,2055,3064311,12303682,5378941,999615,2064696,2188556,10115126
Chile,2056,3054737,12235753,5452293,996698,2058039,2177759,10057994
Chile,2057,3044113,12168568,5522885,993154,2050959,2167244,10001324
Chile,2058,3032416,12101522,5591478,989058,2043358,2156764,9944758
Chile,2059,3019754,12033806,5658985,984617,2035137,2146010,9887796
Chile,2060,3006061,11964614,5726399,979931,2026130,2134716,9829898
Chile,2061,2996162,11904195,5778787,976184,2019978,2126399,9777796
Chile,2062,2985702,11845651,5827437,972455,2013247,2118108,9727543
Chile,2063,2974430,11788112,5873519,968628,2005802,2109607,9678505
Chile,2064,2961920,11730320,5918716,964449,1997471,2100607,9629713
Chile,2065,2947811,11670773,5964912,959709,1988102,2090802,9579971
Chile,2066,2937827,11621303,5994596,956198,1981629,2083869,9537434
Chile,2067,2926695,11573407,6021647,952209,1974486,2076664,9496743
Chile,2068,2914309,11524715,6048644,947792,1966517,2068894,9455821
Chile,2069,2900776,11472663,6078168,943154,1957622,2060336,9412327
Chile,2070,2886183,11415649,6111840,938440,1947743,2050845,9364804
Chile,2071,2875982,11367821,6130145,934990,1940992,2044381,9323440
Chile,2072,2865302,11317277,6149891,931833,1933469,2037398,9279879
Chile,2073,2853850,11263897,6171482,928761,1925089,2029674,9234223
Chile,2074,2841281,11208368,6194551,925437,1915844,2021049,9187319
Chile,2075,2827434,11150942,6219004,921643,1905791,2011401,9139541
Chile,2076,2818463,11104796,6225575,919518,1898945,2004482,9100314
Chile,2077,2808447,11058977,6231235,916729,1891718,1997007,9061970
Chile,2078,2797493,11012124,6237269,913394,1884099,1988814,9023310
Chile,2079,2785753,10962375,6245438,909747,1876006,1979736,8982639
Chile,2080,2773169,10908090,6257487,905916,1867253,1969591,8938499
Chile,2081,2764799,10862737,6254986,903251,1861548,1962025,8900712
Chile,2082,2756126,10816034,6252846,900562,1855564,1953985,8862049
Chile,2083,2746990,10767600,6251837,897800,1849190,1945429,8822171
Chile,2084,2736966,10716577,6253499,894786,1842180,1936244,8780333
Chile,2085,2725569,10661388,6260121,891325,1834244,1926177,8735211
Chile,2086,2718341,10616358,6251967,889110,1829231,1918937,8697421
Chile,2087,2710576,10571038,6244281,886723,1823853,1911565,8659473
Chile,2088,2701875,10523795,6239278,884008,1817867,1903774,8620021
Chile,2089,2691929,10473356,6238724,880831,1811098,1895358,8577998
Chile,2090,2680534,10418888,6243799,877098,1803436,1886178,8532710
Chile,2091,2673483,10376042,6233167,874684,1798799,1880057,8495985
Chile,2092,2665541,10332589,6224368,871801,1793740,1873827,8458762
Chile,2093,2656521,10287436,6218734,868459,1788062,1867200,8420236
Chile,2094,2646283,10239585,6217412,864711,1781572,1859889,8379696
Chile,2095,2634750,10188291,6221281,860637,1774113,1851679,8336612
Chile,2096,2627215,10149628,6208957,857663,1769552,1846387,8303241
Chile,2097,2618941,10109779,6199056,854700,1764241,1840619,8269160
Chile,2098,2609798,10067782,6192667,851769,1758029,1834210,8233572
Chile,2099,2599675,10023173,6190404,848780,1750895,1827124,8196049
Chile,2100,2588433,9975784,6192597,845508,1742925,1819353,8156431
China,1950,188730294,341131487,24557494,76507914,112222380,98504689,242626798
China,1951,198464167,345982698,25164210,84200212,114263955,100504932,245477766
China,1952,208538649,348179498,25311154,92575556,115963093,101603292,246576206
China,1953,217200936,350151046,25215879,98931018,118269918,102434140,247716906
China,1954,223810145,353128396,25032677,102091376,121718769,103275732,249852664
China,1955,228867925,357164611,24801860,102596138,126271787,104117292,253047319
China,1956,237019543,357629081,24948923,105448551,131570992,103882454,253746627
China,1957,242774318,360658821,25118266,103740964,139033354,104153821,256505000
China,1958,247797165,364896368,25160076,99973160,147824005,104668097,260228271
China,1959,253476128,369157249,24922586,96785661,156690467,105297204,263860045
China,1960,260236964,373089378,24359801,95890839,164346125,106116700,266972678
China,1961,264830993,378600588,24903316,92591959,172239034,107815892,270784696
China,1962,272278821,382389347,25064147,94905665,177373156,109220465,273168882
China,1963,281171228,386119659,24989603,101182692,179988536,111065010,275054649
China,1964,289496569,392089612,24874772,108441112,181055457,114389550,277700062
China,1965,296541152,401224975,24796056,114710305,181830847,119664524,281560451
China,1966,305796421,409041354,25907867,123386416,182410005,125402985,283638369
China,1967,313019960,420570640,27180463,128833181,184186779,133288398,287282242
China,1968,319125069,434354571,28529089,131648423,187476646,142319021,292035550
China,1969,325571662,448179027,29826532,133204762,192366900,150902164,297276863
China,1970,332865323,460903543,31019591,134588100,198277223,158089981,302813562
China,1971,341180955,471893954,32406669,135897573,205283382,163784713,308109241
China,1972,349206483,482720211,33759836,135204103,214002380,168497697,314222514
China,1973,356634563,493422198,35089172,133100555,223534008,172303108,321119090
China,1974,362544848,504632352,36436338,129876918,232667930,175580598,329051754
China,1975,366261357,516849999,37833727,125805179,240456178,178658714,338191285
China,1976,367173963,530282004,39562285,119777387,247396576,181613644,348668360
China,1977,366234126,544394069,41299249,113876491,252357635,183997695,360396374
China,1978,363542679,559428480,43068663,108414307,255128372,186558906,372869574
China,1979,359558294,575438016,44884309,103898535,255659759,190322795,385115221
China,1980,354808347,592318703,46750260,100621076,254187271,195830626,396488077
China,1981,348443223,610627730,48929199,96879636,251563587,203279926,407347804
China,1982,342440105,628764050,51049241,96295509,246144596,212039338,416724712
China,1983,336875993,647121535,53126306,98133506,238742487,221472176,425649359
China,1984,332089353,665968247,55153135,101554037,230535316,230451889,435516358
China,1985,328597655,685148365,57117369,105990686,222606969,238119929,447028436
China,1986,328675358,702645812,59026886,113271952,215403406,244078170,458567642
China,1987,330154037,720349629,60838059,120606621,209547416,248881425,471468204
China,1988,332706233,737567080,62593031,127194957,205511276,252045432,485521648
China,1989,335368556,753818305,64379033,131675857,203692699,253128772,500689533
China,1990,337207968,768970052,66267180,133229699,203978269,251976411,516993641
China,1991,341851289,779305655,68026578,135927593,205923696,247651965,531653690
China,1992,342825664,791163680,70014557,131239778,211585886,241986190,549177490
China,1993,341656169,803326187,72146777,121752328,219903841,235207854,568118333
China,1994,340423316,814279570,74289046,111483190,228940126,227886006,586393564
China,1995,339933909,823612230,76393865,103277822,236656087,220708482,602903748
China,1996,333889945,836949250,79142246,90210050,243679895,215284291,621664959
China,1997,330862318,846606941,81597715,84025518,246836800,209314528,637292413
China,1998,328638462,854909440,83893601,82804567,245833895,204176036,650733404
China,1999,324083952,865103340,86219407,82899832,241184120,201625197,663478143
China,2000,316039567,878511047,88648356,81757544,234282023,202459959,676051088
China,2001,308096403,891587417,91253829,82546995,225549408,205810699,685776718
China,2002,297142655,907565637,93938285,82161492,214981163,212501620,695064017
China,2003,284462888,925223704,96657319,80763991,203698897,221055301,704168403
China,2004,272570303,942176059,99261116,79523374,193046929,229022245,713153814
China,2005,262894115,957033379,101695996,79269322,183624793,234801662,722231717
China,2006,256119643,969011832,104077619,80708760,175410883,238478880,730532952
China,2007,250650732,979759361,106390413,81345048,169305684,240401610,739357751
China,2008,246758180,988912494,108744553,81658419,165099761,240166339,748746155
China,2009,244193979,996564580,111309532,81971341,162222638,237483365,759081215
China,2010,242692023,1002840207,114222872,82581426,160110597,232295978,770544229
China,2011,242070629,1007914867,117494768,83128478,158942151,224791428,783123439
China,2012,242706652,1011592657,120899310,83987353,158719299,214532908,797059749
China,2013,244177603,1013887642,124727967,84981605,159195998,202799879,811087763
China,2014,245788437,1014912520,129409431,85710713,160077724,191562308,823350212
China,2015,247072789,1014777260,135178504,85884695,161188094,182107622,832669638
China,2016,248427209,1012998207,142074949,85866368,162560841,174377211,838620996
China,2017,249157196,1010367470,149992731,85131175,164026021,168508724,841858746
China,2018,249322320,1007330122,158393486,83843773,165478547,164295231,843034891
China,2019,249158081,1004475880,166428061,82343115,166814966,161198366,843277514
China,2020,248745471,1002171895,173630900,80836819,167908652,158871093,843300802
China,2021,247534126,1000768652,180177756,78740146,168793980,157646910,843121742
China,2022,246184470,999793356,185871825,77109265,169075205,157378176,842415180
China,2023,244507134,998932253,191236729,75806063,168701071,157868449,841063804
China,2024,242290223,997678283,197026588,74585532,167704691,158829913,838848370
China,2025,239489760,995649392,203696545,73272306,166217454,160029281,835620111
China,2026,236488154,992809476,210907746,72048570,164439584,161505320,831304156
China,2027,233070620,989408900,218626272,70925240,162145380,163069412,826339488
China,2028,229333168,985257796,226964179,69863416,159469752,164576545,820681251
China,2029,225485355,980050283,236038580,68883452,156601903,165857885,814192398
China,2030,221681891,973597888,245902034,68004931,153676960,166784583,806813305
China,2031,218372896,965887529,256131225,67494226,150878670,167418017,798469512
China,2032,215082094,957218164,266915089,66903610,148178484,167614543,789603621
China,2033,211909543,947799606,277957855,66293242,145616301,167321697,780477909
China,2034,208938095,938008978,288813405,65738528,143199567,166499743,771509235
China,2035,206210875,928118084,299179929,65304727,140906148,165140044,762978040
China,2036,204001097,918339497,308581904,65088966,138912131,163389191,754950306
China,2037,202053045,908539318,317419791,64901276,137151769,161084929,747454389
China,2038,200353338,898974695,325463428,64748341,135604997,158381894,740592801
China,2039,198842482,890076370,332355685,64615192,134227290,155517890,734558480
China,2040,197476400,882085013,337911401,64496663,132979737,152661930,729423083
China,2041,196503149,875155916,341737871,64503524,131999625,149940840,725215076
China,2042,195657113,869195613,344198829,64467957,131189156,147262376,721933237
China,2043,194912428,863775521,345746287,64387603,130524825,144677767,719097754
China,2044,194230521,858296694,347011278,64256758,129973763,142228813,716067881
China,2045,193569274,852347388,348444363,64070574,129498700,139948879,712398509
China,2046,193090079,846107230,349711877,63907192,129182887,137950391,708156839
China,2047,192586718,839824956,350780315,63647154,128939564,136182150,703642806
China,2048,192041346,832983243,352185681,63304592,128736754,134634927,698348316
China,2049,191426248,824809490,354728133,62893621,128532627,133272218,691537272
China,2050,190702623,814862465,358891635,62419159,128283464,132063574,682798891
China,2051,189951211,803397293,364349828,61885574,128065637,131100302,672296991
China,2052,189104608,790391405,371208037,61331972,127772636,130298425,660092980
China,2053,188127993,776718217,378645776,60753508,127374485,129634492,647083725
China,2054,187004678,763787132,385291862,60146916,126857762,129085093,634702039
China,2055,185736116,752495368,390269428,59510408,126225708,128632689,623862679
China,2056,184395181,742776779,393587120,58849334,125545847,128322847,614453932
China,2057,182963005,734707687,395206442,58225613,124737392,128085629,606622058
China,2058,181443910,728040540,395400945,57632677,123811233,127892981,600147559
China,2059,179854712,722308087,394655640,57066118,122788594,127701266,594606821
China,2060,178209592,717166564,393330401,56521187,121688405,127470551,589696013
China,2061,176591066,712616415,391360439,56033807,120557259,127211544,585404871
China,2062,174983197,708946600,388487793,55592918,119390279,126907675,582038925
China,2063,173395285,705853736,385029093,55192866,118202419,126535873,579317863
China,2064,171836908,702911787,381423421,54828423,117008485,126064423,576847364
China,2065,170309352,699776301,378032291,54496390,115812962,125465118,574311183
China,2066,168962684,696481713,374685574,54276651,114686033,124778586,571703127
China,2067,167690434,693138212,371386932,54059543,113630891,123982051,569156161
China,2068,166491479,689615720,368268842,53847971,112643508,123077271,566538449
China,2069,165359518,685807947,365440475,53647228,111712290,122074225,563733722
China,2070,164281885,681613968,363012974,53463097,110818788,120981190,560632778
China,2071,163451849,677406681,360426694,53378323,110073526,119902945,557503736
China,2072,162695984,672968159,358077631,53276224,109419760,118761597,554206562
China,2073,161986578,668171308,356113350,53153270,108833308,117569366,550601942
China,2074,161296838,662953910,354611963,53005698,108291140,116357535,546596375
China,2075,160613039,657333295,353563281,52836058,107776981,115158492,542174803
China,2076,160106753,651740330,352365021,52717003,107389750,114076312,537664018
China,2077,159600188,645897583,351479590,52551198,107048990,113027576,532870007
China,2078,159083990,639901914,350828773,52345654,106738336,112025858,527876056
China,2079,158548337,633919074,350269240,52109163,106439174,111085593,522833481
China,2080,157975886,628046855,349731476,51845974,106129912,110214279,517832576
China,2081,157395583,622327164,349148177,51560240,105835343,109442431,512884733
China,2082,156809216,616935765,348345298,51267906,105541310,108765962,508169803
China,2083,156217607,611933482,347271963,50972887,105244720,108190645,503742837
China,2084,155586360,607234147,346061171,50665425,104920935,107691021,499543126
China,2085,154849975,602610777,345014698,50324306,104525669,107218243,495392534
China,2086,154128489,598439649,343637727,49985601,104142888,106852215,491587434
China,2087,153386429,594697061,341988816,49657825,103728604,106553919,488143142
China,2088,152562974,591102761,340412627,49320323,103242651,106269427,484833334
China,2089,151635927,587473450,339117884,48964565,102671362,105959635,481513815
China,2090,150620572,583783753,338114271,48593871,102026701,105614805,478168948
China,2091,149760158,580813662,336373426,48290004,101470154,105387811,475425851
China,2092,148853138,577911464,334739174,47989330,100863808,105130916,472780548
China,2093,147902296,575022409,333250600,47690906,100211390,104832587,470189822
China,2094,146911493,572076206,331958877,47393395,99518098,104477370,467598836
China,2095,145882544,569009715,330908643,47095114,98787430,104053271,464956444
China,2096,145074488,566592647,329053373,46893043,98181445,103715228,462877419
China,2097,144233241,564047357,327406115,46680705,97552536,103295961,460751396
China,2098,143359698,561314892,326005403,46458350,96901348,102794528,458520364
China,2099,142474850,558396434,324808654,46236542,96238308,102224152,456172282
China,2100,141602929,555300630,323761657,46032330,95570599,101597234,453703396
Colombia,1950,5263885,6657768,419246,2212956,3050929,2282406,4375362
Colombia,1951,5482126,6791061,426765,2328806,3153320,2320502,4470559
Colombia,1952,5700575,6930629,433485,2429641,3270934,2363011,4567618
Colombia,1953,5921835,7077110,439700,2518560,3403275,2409906,4667204
Colombia,1954,6146124,7232781,445821,2597634,3548490,2461386,4771395
Colombia,1955,6374097,7399012,452095,2673560,3700537,2518075,4880937
Colombia,1956,6625460,7550359,465901,2759960,3865500,2569359,4981000
Colombia,1957,6877906,7717521,479878,2832593,4045313,2628030,5089491
Colombia,1958,7133534,7898851,494005,2900185,4233349,2695516,5203335
Colombia,1959,7392647,8093959,508283,2971476,4421171,2774588,5319371
Colombia,1960,7653811,8303752,522820,3052202,4601609,2867585,5436167
Colombia,1961,7918405,8521232,542678,3130816,4787589,2968925,5552307
Colombia,1962,8187585,8750443,562143,3222432,4965153,3081989,5668454
Colombia,1963,8456637,8995383,581530,3322128,5134509,3208177,5787206
Colombia,1964,8719653,9261083,601238,3421421,5298232,3349168,5911915
Colombia,1965,8973457,9549258,621508,3514928,5458529,3505256,6044002
Colombia,1966,9242712,9833538,645212,3622269,5620443,3663490,6170048
Colombia,1967,9497460,10144797,669114,3708180,5789280,3837694,6307103
Colombia,1968,9735309,10476599,693151,3772274,5963035,4021745,6454854
Colombia,1969,9951212,10822357,717376,3812472,6138740,4207577,6614780
Colombia,1970,10139298,11179897,742020,3828996,6310302,4390784,6789113
Colombia,1971,10316685,11525714,769587,3839405,6477280,4559295,6966419
Colombia,1972,10452155,11896991,797657,3800716,6651439,4729111,7167880
Colombia,1973,10558686,12289820,825998,3735987,6822699,4899782,7390038
Colombia,1974,10657197,12696760,854064,3681805,6975392,5070485,7626275
Colombia,1975,10761221,13114134,881618,3664561,7096660,5241096,7873038
Colombia,1976,10836022,13571330,916054,3625679,7210343,5418203,8153127
Colombia,1977,10943217,14013735,948175,3671707,7271510,5582114,8431621
Colombia,1978,11065167,14458293,978706,3775793,7289374,5741362,8716931
Colombia,1979,11174866,14929949,1008697,3891286,7283580,5908432,9021517
Colombia,1980,11261507,15437742,1038651,3986311,7275196,6087869,9349873
Colombia,1981,11390266,15915060,1070665,4130117,7260149,6247829,9667231
Colombia,1982,11482123,16441782,1103257,4209742,7272381,6425959,10015823
Colombia,1983,11556903,16993473,1136718,4241300,7315603,6605427,10388046
Colombia,1984,11645274,17533514,1171298,4257269,7388005,6760515,10772999
Colombia,1985,11759976,18044256,1207456,4282160,7477816,6877719,11166537
Colombia,1986,11889157,18531679,1248940,4301990,7587167,6956194,11575485
Colombia,1987,12035100,18997504,1291721,4314880,7720220,7001936,11995568
Colombia,1988,12190069,19450332,1335134,4326016,7864053,7024541,12425791
Colombia,1989,12336910,19909162,1378372,4334596,8002314,7040874,12868288
Colombia,1990,12465308,20385155,1421102,4340594,8124714,7062343,13322812
Colombia,1991,12571932,20877764,1467070,4332588,8239344,7081416,13796348
Colombia,1992,12671829,21375358,1511495,4340404,8331425,7099220,14276138
Colombia,1993,12756883,21882870,1555415,4354783,8402100,7126828,14756042
Colombia,1994,12818528,22404913,1600096,4361689,8456839,7177931,15226982
Colombia,1995,12852443,22943126,1646408,4351073,8501370,7259835,15683291
Colombia,1996,12875676,23475925,1697437,4345415,8530261,7359456,16116469
Colombia,1997,12861513,24033711,1750187,4306603,8554910,7492159,16541552
Colombia,1998,12821907,24607629,1804526,4247032,8574875,7643965,16963664
Colombia,1999,12777580,25181950,1859749,4189877,8587703,7791580,17390370
Colombia,2000,12740435,25747708,1915815,4151616,8588819,7920384,17827324
Colombia,2001,12687439,26323556,1977914,4104477,8582962,8034024,18289532
Colombia,2002,12654155,26878040,2040296,4094215,8559940,8124611,18753429
Colombia,2003,12628416,27419620,2104115,4107636,8520780,8196923,19222697
Colombia,2004,12589254,27964027,2170882,4119442,8469812,8260118,19703909
Colombia,2005,12526483,28517252,2241899,4112844,8413639,8318784,20198468
Colombia,2006,12479879,29037294,2318549,4127054,8352825,8356729,20680565
Colombia,2007,12400378,29574386,2399808,4099370,8301008,8390329,21184057
Colombia,2008,12301256,30112596,2487692,4042415,8258841,8416575,21696021
Colombia,2009,12204028,30627619,2584534,3980004,8224024,8430308,22197311
Colombia,2010,12118671,31107079,2692347,3929005,8189666,8429512,22677567
Colombia,2011,12027211,31567145,2812290,3868348,8158863,8416254,23150891
Colombia,2012,11951285,31989069,2941121,3825611,8125674,8388120,23600949
Colombia,2013,11882432,32380427,3080122,3796686,8085746,8349942,24030485
Colombia,2014,11805434,32755499,3230978,3770109,8035325,8308619,24446880
Colombia,2015,11713193,33120684,3394820,3738277,7974916,8267990,24852694
Colombia,2016,11622237,33463378,3567804,3711989,7910248,8223016,25240362
Colombia,2017,11520307,33793544,3751764,3682275,7838032,8177730,25615814
Colombia,2018,11409591,34109378,3945714,3648737,7760854,8133667,25975711
Colombia,2019,11296005,34406024,4147789,3613578,7682427,8091567,26314457
Colombia,2020,11182833,34680106,4357473,3578412,7604421,8051539,26628567
Colombia,2021,11081017,34929210,4565968,3550464,7530553,8011465,26917745
Colombia,2022,10976265,35161673,4779337,3515576,7460689,7975032,27186641
Colombia,2023,10870358,35373111,5000350,3476674,7393684,7938538,27434573
Colombia,2024,10764818,35558619,5232700,3437362,7327456,7895885,27662734
Colombia,2025,10660262,35715478,5478742,3400448,7259814,7843374,27872104
Colombia,2026,10560530,35853579,5724723,3364570,7195960,7782425,28071154
Colombia,2027,10464745,35966104,5978212,3333265,7131480,7711078,28255026
Colombia,2028,10370728,36054106,6240257,3305183,7065545,7633453,28420653
Colombia,2029,10275167,36119406,6512228,3277503,6997664,7555739,28563667
Colombia,2030,10176554,36162988,6794585,3248391,6928163,7481600,28681388
Colombia,2031,10086953,36191126,7069004,3224575,6862378,7410808,28780318
Colombia,2032,9994652,36200152,7350874,3197821,6796831,7342766,28857386
Colombia,2033,9900648,36195768,7633436,3168895,6731753,7276942,28918826
Colombia,2034,9807012,36186449,7906038,3139600,6667412,7211547,28974902
Colombia,2035,9714741,36176656,8163190,3111250,6603491,7145374,29031282
Colombia,2036,9631255,36178061,8385828,3086502,6544753,7080964,29097097
Colombia,2037,9549330,36181711,8590230,3061789,6487541,7016326,29165385
Colombia,2038,9468467,36178789,8785895,3037250,6431217,6951545,29227244
Colombia,2039,9387710,36156829,8986486,3012672,6375038,6886476,29270353
Colombia,2040,9306483,36107828,9200789,2987997,6318486,6820935,29286893
Colombia,2041,9232758,36046774,9406057,2966498,6266260,6757180,29289594
Colombia,2042,9159651,35964709,9618271,2944960,6214691,6692589,29272120
Colombia,2043,9086725,35861350,9838226,2923211,6163514,6628043,29233307
Colombia,2044,9013513,35737012,10066104,2901005,6112508,6564525,29172487
Colombia,2045,8939548,35591377,10302839,2878177,6061371,6502479,29088898
Colombia,2046,8872604,35437195,10528080,2858401,6014203,6444184,28993011
Colombia,2047,8805401,35266818,10757112,2837395,5968006,6387374,28879444
Colombia,2048,8737879,35081622,10989096,2815487,5922392,6331900,28749722
Colombia,2049,8670093,34883963,11222170,2793208,5876885,6277184,28606779
Colombia,2050,8601808,34674782,11456165,2770912,5830896,6222687,28452095
Colombia,2051,8539044,34470161,11669320,2750630,5788414,6171638,28298523
Colombia,2052,8477117,34261205,11875502,2730956,5746161,6120928,28140277
Colombia,2053,8415241,34045270,12078564,2711556,5703685,6070700,27974570
Colombia,2054,8352503,33819102,12283074,2691867,5660636,6021086,27798016
Colombia,2055,8288295,33580541,12492184,2671500,5616795,5972010,27608531
Colombia,2056,8229681,33345666,12683094,2653636,5576045,5926504,27419162
Colombia,2057,8170767,33105747,12870757,2635215,5535552,5881669,27224078
Colombia,2058,8111391,32862107,13054343,2616303,5495088,5837358,27024749
Colombia,2059,8051540,32617309,13231620,2597151,5454389,5793183,26824126
Colombia,2060,7990919,32371751,13402785,2577879,5413040,5748675,26623076
Colombia,2061,7935731,32143071,13544276,2560808,5374923,5707438,26435633
Colombia,2062,7881309,31921275,13671023,2544102,5337207,5666264,26255011
Colombia,2063,7827108,31700712,13789462,2527550,5299558,5625058,26075654
Colombia,2064,7772275,31472977,13909083,2510746,5261529,5583508,25889469
Colombia,2065,7715956,31231572,14037475,2493337,5222619,5541139,25690433
Colombia,2066,7666324,31001300,14141894,2478649,5187675,5502634,25498666
Colombia,2067,7616708,30766010,14245333,2463623,5153085,5463844,25302166
Colombia,2068,7566358,30524200,14350154,2448085,5118273,5424423,25099777
Colombia,2069,7515004,30277367,14455145,2432107,5082897,5384262,24893105
Colombia,2070,7462577,30027045,14558931,2415808,5046769,5343395,24683650
Colombia,2071,7417057,29799404,14627593,2402089,5014968,5307048,24492356
Colombia,2072,7371844,29574281,14688126,2388502,4983342,5270439,24303842
Colombia,2073,7326541,29350222,14742439,2374838,4951703,5233641,24116581
Colombia,2074,7280338,29124484,14794093,2360660,4919678,5196462,23928022
Colombia,2075,7232275,28893559,14847660,2345541,4886734,5158466,23735093
Colombia,2076,7190635,28683370,14869129,2332891,4857744,5124729,23558641
Colombia,2077,7148657,28477002,14882570,2319521,4829136,5091051,23385951
Colombia,2078,7105971,28271115,14892282,2305483,4800488,5057224,23213891
Colombia,2079,7062248,28061686,14903369,2290981,4771267,5022920,23038766
Colombia,2080,7016859,27844867,14920925,2276050,4740809,4987687,22857180
Colombia,2081,6977459,27649817,14908533,2263136,4714323,4957193,22692624
Colombia,2082,6938682,27456486,14891874,2250873,4687809,4926794,22529692
Colombia,2083,6899428,27261955,14875367,2238753,4660675,4896106,22365849
Colombia,2084,6858535,27064119,14862640,2226089,4632446,4864782,22199337
Colombia,2085,6815151,26860860,14857011,2212374,4602777,4832451,22028409
Colombia,2086,6778483,26681951,14819847,2201281,4577202,4804940,21877011
Colombia,2087,6741252,26506614,14779493,2189593,4551659,4777506,21729108
Colombia,2088,6703092,26331657,14739767,2177274,4525818,4749790,21581867
Colombia,2089,6663663,26152953,14705339,2164429,4499234,4721214,21431739
Colombia,2090,6622279,25966361,14681271,2151013,4471266,4691133,21275228
Colombia,2091,6587708,25805017,14625882,2139948,4447760,4665974,21139043
Colombia,2092,6553377,25645022,14569884,2129151,4424226,4640466,21004556
Colombia,2093,6518241,25482554,14518405,2118219,4400022,4614114,20868440
Colombia,2094,6481334,25314685,14475548,2106689,4374645,4586543,20728142
Colombia,2095,6441998,25139349,14444253,2094228,4347770,4557490,20581859
Colombia,2096,6409960,24990360,14381185,2084439,4325521,4533524,20456836
Colombia,2097,6377246,24841566,14320599,2074223,4303023,4509013,20332553
Colombia,2098,6343467,24690782,14265220,2063451,4280016,4483795,20206987
Colombia,2099,6308351,24535626,14217797,2052141,4256210,4457671,20077955
Colombia,2100,6271347,24373019,14182037,2040240,4231107,4430230,19942789
Comoros,1950,60283,93069,6107,22842,37441,30466,62603
Comoros,1951,62078,94869,6192,23974,38104,31011,63858
Comoros,1952,63973,96352,6216,25415,38558,31461,64891
Comoros,1953,65714,97835,6203,26770,38944,31911,65924
Comoros,1954,67286,99399,6168,27960,39326,32385,67014
Comoros,1955,68785,101006,6112,29048,39737,32864,68142
Comoros,1956,70995,101791,6160,30687,40308,33066,68725
Comoros,1957,72969,102832,6191,31754,41215,33361,69471
Comoros,1958,74880,103966,6197,32474,42406,33680,70286
Comoros,1959,76867,105055,6175,33070,43797,33946,71109
Comoros,1960,78957,106051,6113,33738,45219,34133,71918
Comoros,1961,81299,106645,6195,34411,46888,34136,72509
Comoros,1962,83705,107241,6252,35016,48689,34105,73136
Comoros,1963,86146,107942,6284,35621,50525,34121,73821
Comoros,1964,88536,108917,6300,36248,52288,34317,74600
Comoros,1965,90849,110276,6299,36954,53895,34781,75495
Comoros,1966,93389,111646,6443,37737,55652,35375,76271
Comoros,1967,95852,113473,6572,38457,57395,36239,77234
Comoros,1968,98225,115648,6702,39156,59069,37344,78304
Comoros,1969,100484,118019,6822,39869,60615,38649,79370
Comoros,1970,102617,120500,6937,40637,61980,40133,80367
Comoros,1971,104890,122590,7164,41522,63368,41607,80983
Comoros,1972,106976,124872,7387,42243,64733,43268,81604
Comoros,1973,109105,127499,7604,42959,66146,45096,82403
Comoros,1974,111624,130654,7826,43931,67693,47050,83604
Comoros,1975,114797,134430,8063,45419,69378,49108,85322
Comoros,1976,118839,138702,8412,47182,71657,51235,87467
Comoros,1977,123392,143719,8789,49106,74286,53515,90204
Comoros,1978,128288,149171,9175,51196,77092,55841,93330
Comoros,1979,133211,154685,9551,53342,79869,58103,96582
Comoros,1980,137878,160050,9901,55422,82456,60248,99802
Comoros,1981,142776,164548,10282,57762,85014,62013,102535
Comoros,1982,147500,168837,10609,59974,87526,63627,105210
Comoros,1983,152119,173078,10899,62053,90066,65164,107914
Comoros,1984,156771,177524,11171,64044,92727,66735,110789
Comoros,1985,161586,182331,11420,66053,95533,68417,113914
Comoros,1986,167083,186924,11753,68407,98676,70011,116913
Comoros,1987,172558,192017,12079,70346,102212,71777,120240
Comoros,1988,178052,197527,12384,72003,106049,73702,123825
Comoros,1989,183577,203379,12676,73541,110036,75767,127612
Comoros,1990,189109,209535,12950,75107,114002,77979,131556
Comoros,1991,194822,215722,13328,76632,118190,80255,135467
Comoros,1992,200437,222328,13683,77982,122455,82713,139615
Comoros,1993,205909,229335,14030,79244,126665,85368,143967
Comoros,1994,211168,236753,14356,80485,130683,88255,148498
Comoros,1995,216156,244573,14665,81761,134395,91393,153180
Comoros,1996,221083,252471,15073,83016,138067,94680,157791
Comoros,1997,225803,260705,15445,84384,141419,98163,162542
Comoros,1998,230294,269289,15802,85834,144460,101814,167475
Comoros,1999,234525,278187,16136,87302,147223,105581,172606
Comoros,2000,238510,287382,16465,88752,149758,109421,177961
Comoros,2001,242727,296271,16890,90461,152266,113145,183126
Comoros,2002,246699,305490,17290,92006,154693,116939,188551
Comoros,2003,250550,314996,17665,93465,157085,120718,194278
Comoros,2004,254454,324761,18013,94982,159472,124373,200388
Comoros,2005,258535,334752,18340,96693,161842,127832,206920
Comoros,2006,263138,344479,18808,98685,164453,130964,213515
Comoros,2007,267883,354485,19252,100639,167244,133924,220561
Comoros,2008,272792,364766,19671,102607,170185,136731,228035
Comoros,2009,277858,375356,20038,104630,173228,139438,235918
Comoros,2010,283078,386268,20346,106769,176309,142089,244179
Comoros,2011,288827,396968,20774,109158,179669,144540,252428
Comoros,2012,294660,408053,21155,111399,183261,146953,261100
Comoros,2013,300538,419434,21528,113507,187031,149371,270063
Comoros,2014,306371,431053,21961,115458,190913,151857,279196
Comoros,2015,312073,442858,22493,117258,194815,154462,288396
Comoros,2016,318058,454278,23265,119145,198913,157061,297217
Comoros,2017,323721,466076,24115,120533,203188,159842,306234
Comoros,2018,329112,478207,25028,121581,207531,162799,315408
Comoros,2019,334302,490610,25998,122514,211788,165911,324699
Comoros,2020,339317,503276,27008,123508,215809,169173,334103
Comoros,2021,344211,515969,28227,124341,219870,172599,343370
Comoros,2022,348965,528881,29460,125329,223636,176145,352736
Comoros,2023,353492,542099,30721,126428,227064,179834,362265
Comoros,2024,357681,555719,32006,127529,230152,183697,372022
Comoros,2025,361493,569781,33317,128562,232931,187735,382046
Comoros,2026,365409,583681,34770,129748,235661,191854,391827
Comoros,2027,368939,598047,36225,130764,238175,196121,401926
Comoros,2028,372173,612785,37683,131667,240506,200442,412343
Comoros,2029,375258,627759,39147,132562,242696,204683,423076
Comoros,2030,378286,642858,40631,133540,244746,208738,434120
Comoros,2031,381637,657605,42228,134713,246924,212594,445011
Comoros,2032,384903,672537,43820,135817,249086,216269,456268
Comoros,2033,388102,687603,45414,136886,251216,219733,467870
Comoros,2034,391237,702801,47016,137945,253292,222973,479828
Comoros,2035,394305,718113,48653,139031,255274,225978,492135
Comoros,2036,397752,732977,50415,140304,257448,228739,504238
Comoros,2037,401105,747991,52188,141457,259648,231259,516732
Comoros,2038,404384,763105,53988,142523,261861,233595,529510
Comoros,2039,407591,778281,55831,143542,264049,235833,542448
Comoros,2040,410722,793474,57746,144551,266171,238034,555440
Comoros,2041,414188,808145,59876,145695,268493,240221,567924
Comoros,2042,417524,822919,62024,146696,270828,242383,580536
Comoros,2043,420730,837739,64251,147586,273144,244537,593202
Comoros,2044,423798,852528,66607,148403,275395,246683,605845
Comoros,2045,426721,867249,69128,149187,277534,248825,618424
Comoros,2046,429875,881349,71976,150049,279826,251018,630331
Comoros,2047,432840,895476,74911,150793,282047,253225,642251
Comoros,2048,435609,909617,77944,151437,284172,255447,654170
Comoros,2049,438164,923785,81064,151997,286167,257689,666096
Comoros,2050,440496,937962,84277,152490,288006,259946,678016
Comoros,2051,443014,951573,87742,153057,289957,262285,689288
Comoros,2052,445265,965293,91228,153475,291790,264639,700654
Comoros,2053,447269,979114,94721,153784,293485,266994,712120
Comoros,2054,449059,993014,98198,154045,295014,269319,723695
Comoros,2055,450656,1006982,101650,154302,296354,271593,735389
Comoros,2056,452428,1020472,105240,154631,297797,273912,746560
Comoros,2057,454022,1034079,108729,154942,299080,276167,757912
Comoros,2058,455426,1047766,112153,155234,300192,278346,769420
Comoros,2059,456623,1061499,115550,155484,301139,280437,781062
Comoros,2060,457617,1075241,118951,155692,301925,282430,792811
Comoros,2061,458888,1088317,122541,156051,302837,284405,803912
Comoros,2062,459927,1101505,126057,156270,303657,286282,815223
Comoros,2063,460781,1114704,129532,156389,304392,288039,826665
Comoros,2064,461510,1127847,133006,156480,305030,289662,838185
Comoros,2065,462152,1140859,136514,156600,305552,291142,849717
Comoros,2066,463085,1153098,140311,156841,306244,292593,860505
Comoros,2067,463931,1165279,144044,157063,306868,293897,871382
Comoros,2068,464677,1177354,147773,157259,307418,295065,882289
Comoros,2069,465271,1189286,151561,157392,307879,296122,893164
Comoros,2070,465689,1201028,155461,157450,308239,297082,903946
Comoros,2071,466415,1211789,159762,157650,308765,298039,913750
Comoros,2072,466911,1222529,164045,157650,309261,298911,923618
Comoros,2073,467215,1233154,168359,157501,309714,299702,933452
Comoros,2074,467367,1243559,172754,157277,310090,300421,943138
Comoros,2075,467393,1253688,177276,157037,310356,301071,952617
Comoros,2076,467591,1262825,182323,156836,310755,301788,961037
Comoros,2077,467650,1271823,187342,156597,311053,302437,969386
Comoros,2078,467552,1280698,192336,156323,311229,303034,977664
Comoros,2079,467261,1289511,197280,156004,311257,303589,985922
Comoros,2080,466760,1298278,202166,155633,311127,304106,994172
Comoros,2081,466427,1306182,207440,155339,311088,304699,1001483
Comoros,2082,465897,1314172,212515,154977,310920,305252,1008920
Comoros,2083,465168,1322180,217433,154550,310618,305752,1016428
Comoros,2084,464271,1330127,222248,154080,310191,306192,1023935
Comoros,2085,463214,1337948,226995,153581,309633,306550,1031398
Comoros,2086,462375,1344864,232091,153182,309193,306955,1037909
Comoros,2087,461375,1351823,236960,152710,308665,307284,1044539
Comoros,2088,460225,1358753,241658,152184,308041,307522,1051231
Comoros,2089,458951,1365593,246242,151633,307318,307644,1057949
Comoros,2090,457570,1372282,250747,151083,306487,307641,1064641
Comoros,2091,456411,1378042,255647,150629,305782,307638,1070404
Comoros,2092,455160,1383797,260307,150151,305009,307504,1076293
Comoros,2093,453816,1389488,264806,149655,304161,307253,1082235
Comoros,2094,452371,1395048,269203,149140,303231,306902,1088146
Comoros,2095,450838,1400433,273551,148607,302231,306466,1093967
Comoros,2096,449548,1404759,278379,148189,301359,306052,1098707
Comoros,2097,448163,1409090,282989,147702,300461,305560,1103530
Comoros,2098,446673,1413353,287455,147147,299526,304990,1108363
Comoros,2099,445107,1417480,291838,146554,298553,304347,1113133
Comoros,2100,443486,1421411,296188,145957,297529,303631,1117780
Congo,1950,330230,468973,28049,131505,198725,154494,314479
Congo,1951,338309,476783,28912,135384,202925,156922,319861
Congo,1952,346511,485454,29741,139138,207373,159656,325798
Congo,1953,354745,495023,30550,142773,211972,162697,332326
Congo,1954,363055,505449,31318,146489,216566,166013,339436
Congo,1955,371555,516612,32051,150639,220916,169572,347040
Congo,1956,382477,525971,33088,156003,226474,172540,353431
Congo,1957,393206,536524,34094,160503,232703,175939,360585
Congo,1958,404060,547985,35097,164650,239410,179664,368321
Congo,1959,415353,560085,36146,169016,246337,183615,376470
Congo,1960,427270,572697,37253,174148,253122,187763,384934
Congo,1961,441433,583993,38685,180136,261297,191549,392444
Congo,1962,456044,596097,40151,186060,269984,195649,400448
Congo,1963,471096,609008,41631,192116,278980,200098,408910
Congo,1964,486448,622868,43096,198386,288062,204982,417886
Congo,1965,502046,637742,44528,205043,297003,210368,427374
Congo,1966,519766,651490,46135,212626,307140,215617,435873
Congo,1967,537410,666595,47698,219582,317828,221487,445108
Congo,1968,555272,683004,49240,226311,328961,227964,455040
Congo,1969,573738,700631,50778,233359,340379,235021,465610
Congo,1970,593044,719439,52329,241222,351822,242657,476782
Congo,1971,614409,738168,54066,249848,364561,250598,487570
Congo,1972,636349,758388,55781,258500,377849,259162,499226
Congo,1973,658686,779883,57478,267252,391434,268221,511662
Congo,1974,681100,802438,59152,276087,405013,277637,524801
Congo,1975,703354,825883,60802,285077,418277,287330,538553
Congo,1976,728447,846828,62666,295318,433129,296336,550492
Congo,1977,753097,868956,64471,304675,448422,305884,563072
Congo,1978,777444,892417,66238,313386,464058,316030,576387
Congo,1979,801679,917447,68003,321731,479948,326882,590565
Congo,1980,825892,944243,69800,330060,495832,338524,605719
Congo,1981,851754,971081,71841,339016,512738,350273,620808
Congo,1982,876960,1000338,73897,346507,530453,362904,637434
Congo,1983,901558,1031645,75962,353073,548485,376257,655388
Congo,1984,925546,1064562,78024,359375,566171,390138,674424
Congo,1985,948854,1098850,80066,366011,582843,404447,694403
Congo,1986,973296,1132334,82416,372863,600433,418714,713620
Congo,1987,997111,1167348,84687,379792,617319,433429,733919
Congo,1988,1020334,1204091,86923,387000,633334,448673,755418
Congo,1989,1042979,1242879,89150,394546,648433,464588,778291
Congo,1990,1065178,1283866,91413,402565,662613,481229,802637
Congo,1991,1088780,1325123,93869,411437,677343,498560,826563
Congo,1992,1111896,1368861,96278,420180,691716,516427,852434
Congo,1993,1135054,1414794,98659,429256,705798,534509,880285
Congo,1994,1159017,1462463,101017,439381,719636,552375,910088
Congo,1995,1184324,1511554,103377,451145,733179,569773,941781
Congo,1996,1212990,1560317,105915,464494,748496,587912,972405
Congo,1997,1243286,1610844,108340,479155,764131,605502,1005342
Congo,1998,1274982,1662796,110675,494863,780119,622246,1040550
Congo,1999,1307475,1715942,112927,511003,796472,637982,1077960
Congo,2000,1340450,1770162,115115,527307,813143,652723,1117439
Congo,2001,1378610,1819506,117690,546183,832427,667126,1152380
Congo,2002,1416178,1870863,120139,562629,853549,680930,1189933
Congo,2003,1455031,1924940,122548,578108,876923,694420,1230520
Congo,2004,1497772,1982672,124995,595038,902734,708176,1274496
Congo,2005,1545993,2044708,127542,615452,930541,722740,1321968
Congo,2006,1598046,2113060,131259,637010,961036,739777,1373283
Congo,2007,1655043,2186090,135113,660668,994375,757366,1428724
Congo,2008,1714742,2261711,138982,685350,1029392,774825,1486886
Congo,2009,1773298,2337690,142724,708801,1064497,791754,1545936
Congo,2010,1827966,2412474,146253,729520,1098446,808124,1604350
Congo,2011,1893070,2468874,150786,754671,1138399,821137,1647737
Congo,2012,1953181,2525091,155091,774067,1179114,836291,1688800
Congo,2013,2009652,2582438,159303,789078,1220574,854149,1728289
Congo,2014,2064686,2642817,163598,801795,1262891,875287,1767530
Congo,2015,2119544,2707955,168149,813950,1305594,900179,1807776
Congo,2016,2172482,2779937,173402,824257,1348225,927900,1852037
Congo,2017,2224038,2857753,178959,832675,1391363,959109,1898644
Congo,2018,2274072,2940994,184829,840376,1433696,993468,1947526
Congo,2019,2322365,3028858,190974,848749,1473616,1030386,1998472
Congo,2020,2368811,3120696,197410,858759,1510052,1069342,2051354
Congo,2021,2411601,3217919,204569,866891,1544710,1110052,2107867
Congo,2022,2454537,3317759,211893,879949,1574588,1151753,2166006
Congo,2023,2497024,3420938,219566,896649,1600375,1194437,2226501
Congo,2024,2538482,3528175,227838,914933,1623549,1238079,2290096
Congo,2025,2579076,3639438,236859,933409,1645667,1282366,2357072
Congo,2026,2623393,3750275,246550,955721,1667672,1325443,2424832
Congo,2027,2666512,3865547,256923,976022,1690490,1369049,2496498
Congo,2028,2709775,3983897,268009,995019,1714756,1411905,2571992
Congo,2029,2755171,4103340,279817,1014254,1740917,1452142,2651198
Congo,2030,2803736,4222732,292419,1034981,1768755,1488674,2734058
Congo,2031,2857558,4339990,305790,1057995,1799563,1521048,2818942
Congo,2032,2913858,4457898,319828,1080302,1833556,1550027,2907871
Congo,2033,2972283,4576480,334652,1102168,1870115,1576306,3000174
Congo,2034,3031755,4696362,350469,1123455,1908300,1601177,3095185
Congo,2035,3091454,4817980,367411,1144213,1947241,1625604,3192376
Congo,2036,3153842,4939202,385052,1165546,1988296,1649102,3290100
Congo,2037,3215923,5062757,403517,1185214,2030709,1672238,3390519
Congo,2038,3277375,5188566,422923,1203502,2073873,1695957,3492609
Congo,2039,3337809,5316537,443419,1220746,2117063,1721521,3595016
Congo,2040,3396807,5446719,465102,1237202,2159605,1749771,3696948
Congo,2041,3455934,5578169,487199,1253055,2202879,1780706,3797463
Congo,2042,3513266,5712371,510085,1268073,2245193,1814491,3897880
Congo,2043,3568562,5849602,533666,1282434,2286128,1850823,3998779
Congo,2044,3621692,5990128,557760,1296330,2325362,1889001,4101127
Congo,2045,3672630,6134032,582283,1309909,2362721,1928486,4205546
Congo,2046,3723297,6280463,606087,1323360,2399937,1969440,4311023
Congo,2047,3772058,6430240,629973,1337056,2435002,2011557,4418683
Congo,2048,3818914,6583462,653915,1350920,2467994,2054465,4528997
Congo,2049,3864066,6740144,677842,1364869,2499197,2097594,4642550
Congo,2050,3907805,6900091,701755,1378889,2528916,2140462,4759629
Congo,2051,3953175,7061510,724405,1394214,2558961,2182908,4878602
Congo,2052,3997312,7226185,746853,1409280,2588032,2224787,5001398
Congo,2053,4040463,7393683,769286,1424156,2616307,2265768,5127915
Congo,2054,4082990,7563458,791918,1438980,2644010,2305409,5258049
Congo,2055,4125157,7735006,814988,1453932,2671225,2343420,5391586
Congo,2056,4170233,7906136,837371,1470508,2699725,2379760,5526376
Congo,2057,4214767,8079336,860009,1486154,2728613,2414397,5664939
Congo,2058,4258929,8253846,883467,1501160,2757769,2447483,5806363
Congo,2059,4302855,8428774,908482,1515890,2786965,2479279,5949495
Congo,2060,4346572,8603487,935620,1530686,2815886,2509998,6093489
Congo,2061,4392886,8776285,963712,1546491,2846395,2539914,6236371
Congo,2062,4438869,8949088,993647,1561708,2877161,2568765,6380323
Congo,2063,4484272,9121717,1025686,1576344,2907928,2596926,6524791
Congo,2064,4528639,9294150,1060063,1590251,2938388,2624875,6669275
Congo,2065,4571638,9466240,1097080,1603393,2968245,2652952,6813288
Congo,2066,4616549,9635954,1135345,1617229,2999320,2681483,6954471
Congo,2067,4659679,9806007,1175716,1629481,3030198,2710289,7095718
Congo,2068,4701024,9975716,1218725,1640462,3060562,2739395,7236321
Congo,2069,4740650,10144168,1265048,1650613,3090037,2768722,7375446
Congo,2070,4778508,10310747,1315180,1660279,3118229,2798210,7512537
Congo,2071,4817255,10474785,1366984,1670037,3147218,2828602,7646183
Congo,2072,4854222,10637726,1421579,1679300,3174922,2859159,7778567
Congo,2073,4889206,10799663,1478972,1688106,3201100,2889822,7909841
Congo,2074,4921984,10960810,1539077,1696417,3225567,2920455,8040355
Congo,2075,4952480,11121149,1601911,1704241,3248239,2950895,8170254
Congo,2076,4984439,11280430,1663867,1712810,3271629,2982031,8298399
Congo,2077,5014328,11439407,1727593,1720902,3293426,3012839,8426568
Congo,2078,5042115,11598288,1792790,1728495,3313620,3043135,8555153
Congo,2079,5067865,11757447,1858877,1735571,3332294,3072621,8684826
Congo,2080,5091658,11916875,1925642,1742168,3349490,3101063,8815812
Congo,2081,5118157,12077169,1987703,1750142,3368015,3129632,8947537
Congo,2082,5142619,12238516,2049522,1757013,3385606,3157118,9081398
Congo,2083,5165241,12399915,2111880,1763050,3402191,3183366,9216549
Congo,2084,5186343,12560062,2175746,1768687,3417656,3208153,9351909
Congo,2085,5206117,12717940,2241895,1774281,3431836,3231331,9486609
Congo,2086,5229064,12875974,2303350,1781179,3447885,3254579,9621395
Congo,2087,5250902,13032442,2365975,1787830,3463072,3276174,9756268
Congo,2088,5271361,13186738,2430427,1794082,3477279,3296282,9890456
Congo,2089,5289969,13338345,2497440,1799555,3490414,3315173,10023172
Congo,2090,5306443,13486705,2567654,1804052,3502391,3333003,10153702
Congo,2091,5326490,13633925,2633126,1810127,3516363,3351420,10282505
Congo,2092,5344118,13779121,2700652,1814293,3529825,3368919,10410202
Congo,2093,5359545,13921562,2770733,1816944,3542601,3385525,10536037
Congo,2094,5373126,14060353,2843904,1818725,3554401,3401198,10659155
Congo,2095,5385046,14194693,2920748,1820237,3564809,3415892,10778801
Congo,2096,5399404,14328708,2992977,1822321,3577083,3431754,10896954
Congo,2097,5412389,14459502,3067240,1824265,3588124,3446748,11012754
Congo,2098,5423875,14586687,3143921,1826256,3597619,3460911,11125776
Congo,2099,5433330,14710238,3223457,1827971,3605359,3474321,11235917
Congo,2100,5440055,14830121,3306393,1828720,3611335,3487032,11343089
Costa Rica,1950,418206,512929,28360,175306,242900,179877,333052
Costa Rica,1951,430634,526124,29398,178877,251757,184145,341979
Costa Rica,1952,441913,543343,30623,178615,263298,189678,353665
Costa Rica,1953,455486,560916,31812,179831,275655,195247,365669
Costa Rica,1954,472151,577829,32897,184255,287896,200577,377252
Costa Rica,1955,491055,594661,33901,191630,299425,205954,388707
Costa Rica,1956,508818,614228,35272,196116,312702,212532,401696
Costa Rica,1957,530052,632408,36482,206021,324031,218666,413742
Costa Rica,1958,552645,651252,37656,218675,333970,225217,426035
Costa Rica,1959,574844,672477,38908,231665,343179,233016,439461
Costa Rica,1960,596158,696603,40279,243592,352566,242371,454232
Costa Rica,1961,621229,718820,41868,258775,362454,251756,467064
Costa Rica,1962,643830,745132,43623,269306,374524,263145,481987
Costa Rica,1963,664957,774041,45512,276092,388865,275684,498357
Costa Rica,1964,686189,803364,47488,281034,405155,288072,515292
Costa Rica,1965,708006,832082,49533,285647,422359,299624,532458
Costa Rica,1966,730719,859614,51853,289561,441158,310440,549174
Costa Rica,1967,752970,887468,54272,291689,461281,320820,566648
Costa Rica,1968,774084,916001,56784,292518,481566,331004,584997
Costa Rica,1969,792631,946272,59408,292002,500629,341591,604681
Costa Rica,1970,807682,979010,62174,290188,517494,353013,625997
Costa Rica,1971,819418,1013776,65166,286239,533179,365342,648434
Costa Rica,1972,827937,1050867,68244,281946,545991,378139,672728
Costa Rica,1973,833918,1090378,71447,278094,555824,391890,698488
Costa Rica,1974,838876,1131901,74803,276150,562726,407150,724751
Costa Rica,1975,844095,1174991,78321,277083,567012,424096,750895
Costa Rica,1976,848718,1220740,82039,278143,570575,443418,777322
Costa Rica,1977,855494,1266481,85750,285048,570446,463713,802768
Costa Rica,1978,863847,1312824,89483,295986,567861,484200,828624
Costa Rica,1979,872810,1360634,93260,308105,564705,503703,856931
Costa Rica,1980,882175,1410030,97105,319505,562670,521277,888753
Costa Rica,1981,897527,1455599,101003,335530,561997,535554,920045
Costa Rica,1982,911858,1504265,105045,346763,565095,548696,955569
Costa Rica,1983,926608,1554090,109232,354526,572082,559816,994274
Costa Rica,1984,943714,1602500,113567,361254,582460,567853,1034647
Costa Rica,1985,963833,1648310,118090,368784,595049,572438,1075872
Costa Rica,1986,986199,1691755,123032,375821,610378,574286,1117469
Costa Rica,1987,1010843,1733242,128126,382639,628204,573002,1160240
Costa Rica,1988,1036993,1774098,133466,389344,647649,570124,1203974
Costa Rica,1989,1062970,1816772,139213,395318,667652,568059,1248713
Costa Rica,1990,1087695,1862820,145480,400130,687565,568395,1294425
Costa Rica,1991,1110163,1913692,151794,402564,707599,572607,1341085
Costa Rica,1992,1130672,1968232,158562,404279,726393,579046,1389186
Costa Rica,1993,1148900,2026345,165759,405242,743658,588042,1438303
Costa Rica,1994,1164865,2087512,173313,405646,759219,599823,1487689
Costa Rica,1995,1178545,2151186,181195,405554,772991,614390,1536796
Costa Rica,1996,1190839,2216774,189119,404294,786545,633002,1583772
Costa Rica,1997,1200569,2284867,197289,403165,797404,654488,1630379
Costa Rica,1998,1207018,2354610,205745,401646,805372,677550,1677060
Costa Rica,1999,1209248,2424954,214521,398798,810450,700275,1724679
Costa Rica,2000,1206809,2494968,223666,394022,812787,721279,1773689
Costa Rica,2001,1204597,2559043,233158,389947,814650,739913,1819130
Costa Rica,2002,1197356,2622847,243001,382840,814516,757061,1865786
Costa Rica,2003,1186626,2686099,253246,374103,812523,772448,1913651
Costa Rica,2004,1174893,2748230,263915,366173,808720,785837,1962393
Costa Rica,2005,1163813,2808951,275077,360747,803066,797085,2011866
Costa Rica,2006,1152401,2869839,286554,354877,797524,807248,2062591
Costa Rica,2007,1143699,2927584,298186,354224,789475,814549,2113035
Costa Rica,2008,1136311,2982782,310415,356955,779356,819426,2163356
Costa Rica,2009,1127834,3036545,323884,359811,768023,822625,2213920
Costa Rica,2010,1117185,3089117,338978,360616,756569,824494,2264623
Costa Rica,2011,1110981,3134925,354568,364961,746020,824167,2310758
Costa Rica,2012,1101231,3181032,371859,363912,737319,823115,2357917
Costa Rica,2013,1089879,3226179,390343,359173,730706,820831,2405348
Costa Rica,2014,1079882,3268521,409172,353905,725977,816514,2452007
Costa Rica,2015,1072566,3307336,427950,350326,722240,809903,2497433
Costa Rica,2016,1065754,3345218,446302,345615,720139,802330,2542888
Costa Rica,2017,1061964,3379344,464461,343374,718590,792687,2586657
Costa Rica,2018,1059863,3410201,483135,342923,716940,781812,2628389
Costa Rica,2019,1056983,3438942,503459,342458,714525,770988,2667954
Costa Rica,2020,1052057,3465992,526130,340770,711287,760995,2704997
Costa Rica,2021,1047710,3490452,549381,339509,708201,752041,2738411
Costa Rica,2022,1041408,3513660,574448,336981,704427,743981,2769679
Costa Rica,2023,1033620,3535156,601336,333453,700167,736929,2798227
Costa Rica,2024,1025496,3553939,629939,329772,695724,730873,2823066
Costa Rica,2025,1017630,3569503,660204,326490,691140,725793,2843710
Costa Rica,2026,1010359,3583358,690294,323243,687116,722402,2860956
Costa Rica,2027,1003305,3594492,721569,320520,682785,720192,2874300
Costa Rica,2028,996254,3603392,753741,318198,678056,718594,2884798
Costa Rica,2029,988761,3610912,786390,315906,672855,716741,2894171
Costa Rica,2030,980632,3617500,819247,313410,667222,714048,2903452
Costa Rica,2031,973510,3624095,849723,311446,662064,711108,2912987
Costa Rica,2032,965877,3629975,880089,309202,656675,707335,2922640
Costa Rica,2033,957875,3635272,910067,306749,651126,702893,2932379
Costa Rica,2034,949766,3640210,939234,304261,645505,698134,2942076
Costa Rica,2035,941681,3644798,967467,301867,639814,693275,2951523
Costa Rica,2036,934819,3650951,991660,299913,634906,688948,2962003
Costa Rica,2037,927971,3657204,1014492,297912,630059,684463,2972741
Costa Rica,2038,921132,3662576,1036942,295910,625222,679751,2982825
Costa Rica,2039,914273,3665713,1060405,293951,620322,674702,2991011
Costa Rica,2040,907377,3665699,1085821,292068,615309,669252,2996447
Costa Rica,2041,901700,3665067,1109396,290590,611110,664233,3000834
Costa Rica,2042,896124,3661845,1134227,289222,606902,658913,3002932
Costa Rica,2043,890591,3655943,1160446,287913,602678,653380,3002563
Costa Rica,2044,884978,3647266,1188223,286560,598418,647750,2999516
Costa Rica,2045,879178,3635580,1217883,285090,594088,642068,2993512
Costa Rica,2046,874838,3623842,1244828,284147,590691,637204,2986638
Costa Rica,2047,870294,3609880,1272900,282903,587391,632420,2977460
Costa Rica,2048,865546,3593496,1302308,281421,584125,627637,2965859
Costa Rica,2049,860647,3574645,1333054,279819,580828,622758,2951887
Costa Rica,2050,855604,3553404,1365062,278185,577419,617743,2935661
Costa Rica,2051,851718,3533282,1393541,276841,574877,613517,2919765
Costa Rica,2052,847785,3511727,1422272,275487,572298,609283,2902444
Costa Rica,2053,843713,3488859,1451222,274096,569617,605050,2883809
Costa Rica,2054,839339,3464778,1480474,272598,566741,600824,2863954
Costa Rica,2055,834510,3439350,1510324,270921,563589,596564,2842786
Costa Rica,2056,830712,3416148,1535738,269562,561150,593157,2822991
Costa Rica,2057,826626,3392939,1560299,268053,558573,589863,2803076
Costa Rica,2058,822226,3369394,1584416,266421,555805,586608,2782786
Costa Rica,2059,817509,3345058,1608637,264722,552787,583305,2761753
Costa Rica,2060,812432,3319475,1633507,262985,549447,579855,2739620
Costa Rica,2061,808446,3297006,1653258,261577,546869,577261,2719745
Costa Rica,2062,804377,3274471,1672252,260263,544114,574678,2699793
Costa Rica,2063,800102,3251879,1690641,258979,541123,572004,2679875
Costa Rica,2064,795479,3229413,1708384,257627,537852,569124,2660289
Costa Rica,2065,790409,3207021,1725668,256139,534270,565930,2641091
Costa Rica,2066,786800,3189652,1735649,255196,531604,563558,2626094
Costa Rica,2067,782937,3173475,1743898,254091,528846,561033,2612442
Costa Rica,2068,778758,3157280,1751676,252832,525926,558250,2599030
Costa Rica,2069,774292,3139691,1760313,251474,522818,555149,2584542
Costa Rica,2070,769565,3119931,1770558,250072,519493,551710,2568221
Costa Rica,2071,766271,3103327,1775416,249135,517136,549071,2554256
Costa Rica,2072,762882,3085492,1780810,248161,514721,546226,2539266
Costa Rica,2073,759364,3066559,1786646,247150,512214,543175,2523384
Costa Rica,2074,755611,3046693,1792863,246066,509545,539902,2506791
Costa Rica,2075,751487,3025691,1799802,244866,506621,536349,2489342
Costa Rica,2076,748695,3008523,1800810,244106,504589,533622,2474901
Costa Rica,2077,745797,2991381,1801194,243280,502517,530821,2460560
Costa Rica,2078,742704,2973782,1801572,242362,500342,527899,2445883
Costa Rica,2079,739307,2955121,1802736,241324,497983,524800,2430321
Costa Rica,2080,735473,2934802,1805493,240128,495345,521460,2413342
Costa Rica,2081,732956,2918249,1802700,239355,493601,519026,2399223
Costa Rica,2082,730298,2901623,1799709,238470,491828,516606,2385017
Costa Rica,2083,727401,2884495,1797129,237465,489936,514109,2370386
Costa Rica,2084,724151,2866458,1795561,236332,487819,511428,2355030
Costa Rica,2085,720418,2847041,1795673,235056,485362,508461,2338580
Costa Rica,2086,717933,2831883,1790157,234168,483765,506400,2325483
Costa Rica,2087,715328,2816920,1784507,233252,482076,504319,2312601
Costa Rica,2088,712459,2801560,1779494,232268,480191,502120,2299440
Costa Rica,2089,709191,2785263,1775866,231164,478027,499724,2285539
Costa Rica,2090,705416,2767569,1774250,229908,475508,497065,2270504
Costa Rica,2091,702896,2754055,1767333,229073,473823,495296,2258759
Costa Rica,2092,700194,2740589,1760737,228169,472025,493499,2247090
Costa Rica,2093,697230,2726687,1755025,227181,470049,491575,2235112
Costa Rica,2094,693909,2711872,1750797,226089,467820,489424,2222448
Costa Rica,2095,690147,2695650,1748651,224876,465271,486956,2208694
Costa Rica,2096,687662,2683627,1741274,224095,463567,485329,2198298
Costa Rica,2097,685052,2671537,1734346,223276,461776,483614,2187923
Costa Rica,2098,682192,2658799,1728581,222384,459808,481700,2177099
Costa Rica,2099,678970,2644930,1724591,221383,457587,479504,2165426
Costa Rica,2100,675337,2629635,1722721,220271,455066,476977,2152658
Cote d'Ivoire,1950,1132779,1436497,60855,453036,679743,515150,921347
Cote d'Ivoire,1951,1159310,1472859,62946,467643,691667,528589,944270
Cote d'Ivoire,1952,1190522,1514776,65064,487126,703396,543514,971262
Cote d'Ivoire,1953,1222667,1562567,67264,507636,715031,559755,1002812
Cote d'Ivoire,1954,1254734,1614959,69526,528547,726187,576546,1038413
Cote d'Ivoire,1955,1287317,1670175,71811,550924,736393,593043,1077132
Cote d'Ivoire,1956,1333855,1714215,74558,580494,753361,606828,1107387
Cote d'Ivoire,1957,1377712,1765050,77397,603074,774638,622168,1142882
Cote d'Ivoire,1958,1422519,1820932,80310,622615,799904,638003,1182929
Cote d'Ivoire,1959,1472080,1880562,83288,643591,828489,653355,1227207
Cote d'Ivoire,1960,1528816,1943805,86367,670161,858655,667916,1275889
Cote d'Ivoire,1961,1596652,2007459,90094,698323,898329,685489,1321970
Cote d'Ivoire,1962,1669528,2077607,93936,728248,941280,703376,1374231
Cote d'Ivoire,1963,1746156,2152922,97863,760383,985773,721361,1431561
Cote d'Ivoire,1964,1823520,2232608,101837,793778,1029742,739781,1492827
Cote d'Ivoire,1965,1899990,2315946,105855,828240,1071750,758751,1557195
Cote d'Ivoire,1966,1989641,2387372,110191,866244,1123397,778487,1608885
Cote d'Ivoire,1967,2076837,2465031,114485,901351,1175486,800688,1664343
Cote d'Ivoire,1968,2165089,2550333,118857,936303,1228786,825902,1724431
Cote d'Ivoire,1969,2259421,2645082,123468,975093,1284328,854946,1790136
Cote d'Ivoire,1970,2363501,2750458,128436,1021121,1342380,888192,1862266
Cote d'Ivoire,1971,2476414,2868439,134485,1066588,1409826,935879,1932560
Cote d'Ivoire,1972,2595296,3001024,140961,1115849,1479447,988753,2012271
Cote d'Ivoire,1973,2720094,3145909,147859,1169349,1550745,1044700,2101209
Cote d'Ivoire,1974,2849935,3300209,155143,1227043,1622892,1101118,2199091
Cote d'Ivoire,1975,2984500,3461312,162797,1289133,1695367,1155821,2305491
Cote d'Ivoire,1976,3139668,3612522,170792,1355829,1783839,1214060,2398462
Cote d'Ivoire,1977,3296876,3772957,178995,1423194,1873682,1273201,2499756
Cote d'Ivoire,1978,3456171,3942225,187518,1490852,1965319,1332750,2609475
Cote d'Ivoire,1979,3616946,4120817,196516,1557578,2059368,1392866,2727951
Cote d'Ivoire,1980,3778763,4308789,206123,1622847,2155916,1453320,2855469
Cote d'Ivoire,1981,3962318,4485725,216014,1692315,2270003,1518412,2967313
Cote d'Ivoire,1982,4140708,4677349,226416,1751833,2388875,1587427,3089922
Cote d'Ivoire,1983,4314834,4880586,237311,1804601,2510233,1659036,3221550
Cote d'Ivoire,1984,4485675,5091758,248622,1855274,2630401,1731931,3359827
Cote d'Ivoire,1985,4653426,5308740,260392,1907483,2745943,1805093,3503647
Cote d'Ivoire,1986,4837780,5509697,272790,1959655,2878125,1880402,3629295
Cote d'Ivoire,1987,5017986,5716454,285211,2014453,3003533,1958350,3758104
Cote d'Ivoire,1988,5194024,5932300,297936,2072192,3121832,2040181,3892119
Cote d'Ivoire,1989,5365888,6162023,311332,2132011,3233877,2127990,4034033
Cote d'Ivoire,1990,5534452,6407644,325658,2193356,3341096,2222359,4185285
Cote d'Ivoire,1991,5718308,6651922,339778,2259084,3459224,2327917,4324005
Cote d'Ivoire,1992,5895779,6913086,354154,2324282,3571497,2441060,4472026
Cote d'Ivoire,1993,6066931,7186960,368840,2389061,3677870,2558314,4628646
Cote d'Ivoire,1994,6232781,7466979,383851,2454409,3778372,2674632,4792347
Cote d'Ivoire,1995,6393838,7747775,399207,2520929,3872909,2785848,4961927
Cote d'Ivoire,1996,6589413,7992891,412945,2601587,3987826,2888893,5103998
Cote d'Ivoire,1997,6780906,8239441,425639,2681459,4099447,2990468,5248973
Cote d'Ivoire,1998,6963392,8483912,437248,2757551,4205841,3088247,5395665
Cote d'Ivoire,1999,7129865,8722609,447759,2824519,4305346,3179332,5543277
Cote d'Ivoire,2000,7276352,8952977,457232,2879201,4397151,3261482,5691495
Cote d'Ivoire,2001,7461354,9108358,470440,2951125,4510229,3308572,5799786
Cote d'Ivoire,2002,7627377,9257532,481608,3001507,4625870,3352850,5904682
Cote d'Ivoire,2003,7781101,9407222,491032,3037840,4743261,3399343,6007879
Cote d'Ivoire,2004,7933516,9565142,499080,3071767,4861749,3453566,6111576
Cote d'Ivoire,2005,8092610,9737593,506100,3112734,4979876,3519250,6218343
Cote d'Ivoire,2006,8245721,9930588,523126,3146300,5099421,3590726,6339862
Cote d'Ivoire,2007,8406303,10140304,539334,3188212,5218091,3671795,6468509
Cote d'Ivoire,2008,8573194,10370106,554686,3239314,5333880,3764195,6605911
Cote d'Ivoire,2009,8744840,10622542,568984,3298924,5445916,3868662,6753880
Cote d'Ivoire,2010,8922085,10897102,582144,3367112,5554973,3984364,6912738
Cote d'Ivoire,2011,9101398,11193213,600700,3435851,5665547,4110242,7082971
Cote d'Ivoire,2012,9286534,11514125,617944,3511797,5774737,4245744,7268381
Cote d'Ivoire,2013,9476422,11855530,634360,3593402,5883020,4387739,7467791
Cote d'Ivoire,2014,9670220,12210626,650504,3678192,5992028,4530868,7679758
Cote d'Ivoire,2015,9867892,12573877,666703,3764658,6103234,4670605,7903272
Cote d'Ivoire,2016,10088770,12917333,689816,3860612,6228158,4797411,8119922
Cote d'Ivoire,2017,10308939,13273296,712515,3946744,6362195,4923338,8349958
Cote d'Ivoire,2018,10530525,13640644,734674,4026528,6503997,5047735,8592909
Cote d'Ivoire,2019,10756490,14018478,756115,4104895,6651595,5169436,8849042
Cote d'Ivoire,2020,10988441,14406444,776865,4185863,6802578,5287591,9118853
Cote d'Ivoire,2021,11233429,14790128,804171,4266336,6967093,5397629,9392499
Cote d'Ivoire,2022,11481783,15185952,830321,4345516,7136267,5504839,9681113
Cote d'Ivoire,2023,11731333,15595543,855443,4424322,7307011,5613025,9982518
Cote d'Ivoire,2024,11978992,16021330,879666,4502603,7476389,5727156,10294174
Cote d'Ivoire,2025,12223383,16464109,903139,4580448,7642935,5849676,10614433
Cote d'Ivoire,2026,12473437,16907076,933518,4656484,7816953,5975379,10931697
Cote d'Ivoire,2027,12719578,17368015,962638,4731977,7987601,6109514,11258501
Cote d'Ivoire,2028,12961295,17847308,990746,4807415,8153880,6252510,11594798
Cote d'Ivoire,2029,13199327,18344328,1018000,4883600,8315727,6403521,11940807
Cote d'Ivoire,2030,13434881,18857768,1044657,4961165,8473716,6561057,12296711
Cote d'Ivoire,2031,13678608,19369026,1078583,5040077,8638531,6720605,12648421
Cote d'Ivoire,2032,13919239,19897638,1111336,5119480,8799759,6887213,13010425
Cote d'Ivoire,2033,14156527,20443075,1143549,5199422,8957105,7059250,13383825
Cote d'Ivoire,2034,14390882,21004114,1175889,5279764,9111118,7233535,13770579
Cote d'Ivoire,2035,14623267,21579044,1208935,5360647,9262620,7407188,14171856
Cote d'Ivoire,2036,14868111,22145457,1250479,5445617,9422494,7575300,14570157
Cote d'Ivoire,2037,15109504,22727947,1291693,5527253,9582251,7743224,14984723
Cote d'Ivoire,2038,15347856,23325067,1333393,5606751,9741105,7910890,15414177
Cote d'Ivoire,2039,15584201,23934627,1376528,5685748,9898453,8077857,15856770
Cote d'Ivoire,2040,15819518,24554696,1421810,5765716,10053802,8243249,16311447
Cote d'Ivoire,2041,16067858,25163117,1477089,5848809,10219049,8403209,16759908
Cote d'Ivoire,2042,16313932,25784015,1533250,5929782,10384150,8561759,17222256
Cote d'Ivoire,2043,16557137,26417874,1590107,6009331,10547806,8719925,17697949
Cote d'Ivoire,2044,16796889,27065442,1647158,6087898,10708991,8878639,18186803
Cote d'Ivoire,2045,17033234,27726326,1704408,6166084,10867150,9037908,18688418
Cote d'Ivoire,2046,17282385,28376306,1769608,6247368,11035017,9194800,19181506
Cote d'Ivoire,2047,17526894,29041306,1833930,6325489,11201405,9352740,19688566
Cote d'Ivoire,2048,17766299,29720321,1898326,6401172,11365127,9512276,20208045
Cote d'Ivoire,2049,18000510,30411845,1963773,6475166,11525344,9673439,20738406
Cote d'Ivoire,2050,18229808,31114190,2031180,6548259,11681549,9835655,21278535
Cote d'Ivoire,2051,18471586,31801950,2108114,6624405,11847181,9996883,21805067
Cote d'Ivoire,2052,18706986,32503084,2185242,6696783,12010203,10159823,22343261
Cote d'Ivoire,2053,18936058,33216274,2263810,6766618,12169440,10324456,22891818
Cote d'Ivoire,2054,19159524,33939544,2345168,6835504,12324020,10490010,23449534
Cote d'Ivoire,2055,19378281,34670833,2430461,6904825,12473456,10655386,24015447
Cote d'Ivoire,2056,19610059,35384644,2527192,6977638,12632421,10819694,24564950
Cote d'Ivoire,2057,19836827,36108842,2625052,7049542,12787285,10983948,25124894
Cote d'Ivoire,2058,20057762,36842432,2725341,7120447,12937315,11148362,25694070
Cote d'Ivoire,2059,20272095,37584067,2829552,7189724,13082371,11312701,26271366
Cote d'Ivoire,2060,20479865,38332024,2938783,7257232,13222633,11476165,26855859
Cote d'Ivoire,2061,20703413,39056402,3060169,7330442,13372971,11637703,27418699
Cote d'Ivoire,2062,20918586,39791257,3183441,7397536,13521050,11798868,27992389
Cote d'Ivoire,2063,21126019,40535947,3308205,7460091,13665928,11959414,28576533
Cote d'Ivoire,2064,21327178,41289669,3433421,7520482,13806696,12118415,29171254
Cote d'Ivoire,2065,21523107,42051151,3558896,7580702,13942405,12274863,29776288
Cote d'Ivoire,2066,21734129,42791531,3692789,7645143,14088986,12429542,30361989
Cote d'Ivoire,2067,21939152,43542361,3824191,7707102,14232050,12581942,30960419
Cote d'Ivoire,2068,22137222,44302901,3954228,7766836,14370386,12732697,31570204
Cote d'Ivoire,2069,22327035,45072828,4083889,7823918,14503117,12882304,32190524
Cote d'Ivoire,2070,22508210,45850886,4214275,7878379,14629831,13030581,32820305
Cote d'Ivoire,2071,22703969,46603764,4354965,7937777,14766192,13177901,33425863
Cote d'Ivoire,2072,22889668,47368830,4492923,7991008,14898660,13324287,34044543
Cote d'Ivoire,2073,23065898,48142879,4630615,8039645,15026253,13469892,34672987
Cote d'Ivoire,2074,23234185,48921596,4770758,8086076,15148109,13614314,35307282
Cote d'Ivoire,2075,23395688,49701549,4915476,8132245,15263443,13756852,35944697
Cote d'Ivoire,2076,23570685,50451139,5075813,8182407,15388278,13899354,36551785
Cote d'Ivoire,2077,23738878,51205760,5236184,8231123,15507755,14040074,37165686
Cote d'Ivoire,2078,23899193,51964472,5398022,8278163,15621030,14179166,37785306
Cote d'Ivoire,2079,24050210,52726673,5562592,8322450,15727760,14316358,38410315
Cote d'Ivoire,2080,24191538,53490886,5731196,8363564,15827974,14450985,39039901
Cote d'Ivoire,2081,24347716,54219331,5916522,8410582,15937134,14584212,39635119
Cote d'Ivoire,2082,24492589,54955343,6101099,8450198,16042391,14715305,40240038
Cote d'Ivoire,2083,24627332,55696501,6286112,8484362,16142970,14844132,40852369
Cote d'Ivoire,2084,24754246,56439755,6472371,8516201,16238045,14969996,41469759
Cote d'Ivoire,2085,24874829,57182467,6660933,8548167,16326662,15092125,42090342
Cote d'Ivoire,2086,25008340,57890024,6866906,8583962,16424378,15213379,42676645
Cote d'Ivoire,2087,25135905,58601287,7069689,8619151,16516754,15330795,43270492
Cote d'Ivoire,2088,25255848,59315350,7270963,8652943,16602905,15444918,43870432
Cote d'Ivoire,2089,25365589,60032190,7472200,8683184,16682405,15556187,44476003
Cote d'Ivoire,2090,25463971,60750545,7674917,8708698,16755273,15664447,45086098
Cote d'Ivoire,2091,25576505,61428551,7894891,8740285,16836220,15771412,45657139
Cote d'Ivoire,2092,25675876,62114832,8110567,8762546,16913330,15875815,46239017
Cote d'Ivoire,2093,25763467,62805773,8324104,8777665,16985802,15977613,46828160
Cote d'Ivoire,2094,25841785,63496902,8537438,8789131,17052654,16076223,47420679
Cote d'Ivoire,2095,25912658,64184430,8752431,8800173,17112485,16170938,48013492
Cote d'Ivoire,2096,25993403,64833212,8986708,8813270,17180133,16265817,48567395
Cote d'Ivoire,2097,26067400,65483746,9216030,8826097,17241303,16356715,49127031
Cote d'Ivoire,2098,26134427,66133522,9442632,8839756,17294671,16443867,49689655
Cote d'Ivoire,2099,26192586,66781632,9668681,8852946,17339640,16527577,50254055
Cote d'Ivoire,2100,26239688,67427287,9896377,8862953,17376735,16607905,50819382
Croatia,1950,1030300,2516501,303496,389100,641200,719500,1797001
Croatia,1951,1042865,2541625,301731,410227,632638,720808,1820817
Croatia,1952,1046628,2575876,300170,412717,633911,722703,1853173
Croatia,1953,1053240,2608278,297598,409658,643582,721688,1886590
Croatia,1954,1065677,2635812,293646,405041,660636,716123,1919689
Croatia,1955,1082265,2659616,288533,400719,681546,706144,1953472
Croatia,1956,1093031,2681982,289761,387532,705499,693841,1988141
Croatia,1957,1111037,2697665,289422,381103,729934,676804,2020861
Croatia,1958,1130709,2711113,288669,378547,752162,658675,2052438
Croatia,1959,1145841,2727294,288829,376633,769208,644278,2083016
Croatia,1960,1153391,2748664,290579,372668,780723,636489,2112175
Croatia,1961,1154468,2768394,299640,367295,787173,632144,2136250
Croatia,1962,1150189,2791474,309758,362676,787513,633044,2158430
Croatia,1963,1140847,2817574,320637,357785,783062,639031,2178543
Croatia,1964,1128478,2844805,331703,352437,776041,649264,2195541
Croatia,1965,1114334,2871876,342710,346371,767963,663101,2208775
Croatia,1966,1100899,2892984,356930,342244,758655,680511,2212473
Croatia,1967,1083609,2916567,370680,334893,748716,703091,2213476
Croatia,1968,1064180,2940816,384324,325962,738218,727749,2213067
Croatia,1969,1045266,2962976,398365,318233,727033,749431,2213545
Croatia,1970,1028711,2981322,413039,313878,714833,764715,2216607
Croatia,1971,1013948,2994729,430137,310507,703441,771476,2223253
Croatia,1972,1003997,3002924,447066,312241,691756,771391,2231533
Croatia,1973,997422,3008216,463398,317408,680014,766427,2241789
Croatia,1974,991475,3014488,478558,322708,668767,759883,2254605
Croatia,1975,984831,3023836,492198,325996,658835,753655,2270181
Croatia,1976,982297,3031055,504749,332493,649804,746939,2284116
Croatia,1977,976971,3042820,516407,332947,644024,739717,2303103
Croatia,1978,971013,3058251,526156,329436,641577,731808,2326443
Croatia,1979,967632,3076225,532176,325665,641967,722916,2353309
Croatia,1980,968131,3096381,533617,324122,644009,713100,2383281
Croatia,1981,967793,3123036,530590,319933,647860,704619,2418417
Croatia,1982,971622,3151142,522649,319752,651870,695172,2455970
Croatia,1983,977357,3179435,512821,322070,655287,685665,2493770
Croatia,1984,981318,3206803,505310,323809,657509,677383,2529420
Croatia,1985,981514,3232111,502492,322861,658653,670999,2561112
Croatia,1986,981882,3248131,507936,322654,659228,665848,2582283
Croatia,1987,977958,3262933,517260,318818,659140,662628,2600305
Croatia,1988,970053,3274479,529151,311866,658187,660646,2613833
Croatia,1989,959097,3280068,541464,303053,656044,658911,2621157
Croatia,1990,945206,3278267,552899,293130,652076,656841,2621426
Croatia,1991,929503,3259772,570728,282237,647266,647755,2612017
Croatia,1992,911605,3234041,587216,270759,640846,639951,2594090
Croatia,1993,891821,3203093,602621,259510,632311,633712,2569381
Croatia,1994,871323,3169079,617400,249909,621414,628718,2540361
Croatia,1995,851458,3133486,631819,243066,608392,624552,2508934
Croatia,1996,828710,3100322,645855,236466,592244,622372,2477950
Croatia,1997,810740,3063882,657777,236282,574458,617396,2446486
Croatia,1998,796069,3027504,668329,239901,556168,610595,2416909
Croatia,1999,781994,2995855,678584,242932,539062,603574,2392281
Croatia,2000,767028,2971785,689259,242500,524528,597621,2374164
Croatia,2001,754816,2949120,704144,245535,509281,594333,2354787
Croatia,2002,736590,2938407,720822,238357,498233,593344,2345063
Croatia,2003,716088,2935796,737062,225012,491076,592892,2342904
Croatia,2004,699175,2935583,749162,212604,486571,590281,2345302
Croatia,2005,688707,2934246,755104,206134,482573,583954,2350292
Croatia,2006,675150,2934513,761036,195700,479450,573387,2361126
Croatia,2007,671635,2929857,760774,196809,474826,559035,2370822
Croatia,2008,673578,2921219,757631,205612,467966,543173,2378046
Croatia,2009,673639,2910950,756495,214623,459016,528692,2382258
Croatia,2010,668381,2899746,760026,218740,449641,516956,2382790
Croatia,2011,667298,2882089,763984,226898,440400,508030,2374059
Croatia,2012,658772,2866537,771217,226174,432598,501312,2365225
Croatia,2013,646113,2850942,780751,219046,427067,495853,2355089
Croatia,2014,635037,2831845,790651,210791,424246,490109,2341736
Croatia,2015,628115,2808007,799894,204975,423140,483272,2324735
Croatia,2016,619428,2780391,813446,196323,423105,473792,2306599
Croatia,2017,615359,2747679,826315,191606,423753,463868,2283811
Croatia,2018,613834,2712443,838506,189895,423939,454080,2258363
Croatia,2019,611172,2678639,850337,188652,422520,445210,2233429
Croatia,2020,605666,2648240,862041,186221,419445,437649,2210591
Croatia,2021,598950,2618721,874707,183939,415011,430890,2187831
Croatia,2022,590254,2592756,886411,181241,409013,424858,2167898
Croatia,2023,580054,2569421,897508,178089,401965,419869,2149552
Croatia,2024,569800,2546848,908204,175108,394692,416294,2130554
Croatia,2025,560342,2523929,918614,172689,387653,414269,2109660
Croatia,2026,551720,2499567,929810,170999,380721,413723,2085844
Croatia,2027,543469,2475706,940362,169222,374247,414696,2061010
Croatia,2028,535730,2452527,949911,167500,368230,416177,2036350
Croatia,2029,528436,2430625,957877,165865,362571,416629,2013996
Croatia,2030,521521,2410230,964033,164384,357137,415072,1995158
Croatia,2031,515350,2390274,969067,163240,352110,411796,1978478
Croatia,2032,509612,2372118,971917,162007,347605,406483,1965635
Croatia,2033,504330,2354764,973488,160778,343552,399737,1955027
Croatia,2034,499478,2336807,975141,159657,339821,392617,1944190
Croatia,2035,494999,2317311,977817,158711,336288,385804,1931507
Croatia,2036,491057,2296329,981274,157865,333192,379377,1916952
Croatia,2037,487604,2274254,985163,157287,330317,373140,1901114
Croatia,2038,484483,2251175,989593,156881,327602,367143,1884032
Croatia,2039,481549,2227622,994251,156521,325028,361403,1866219
Croatia,2040,478744,2204001,998811,156132,322612,355951,1848050
Croatia,2041,476531,2179849,1003313,155967,320564,350992,1828857
Croatia,2042,474393,2155951,1007453,155673,318720,346506,1809445
Croatia,2043,472350,2132282,1011239,155252,317098,342455,1789827
Croatia,2044,470391,2108621,1014881,154711,315680,338719,1769902
Croatia,2045,468434,2084687,1018739,154041,314393,335193,1749494
Croatia,2046,466706,2060029,1023027,153384,313322,331957,1728072
Croatia,2047,464895,2035909,1026820,152471,312424,329018,1706891
Croatia,2048,462960,2012182,1030291,151356,311604,326336,1685846
Croatia,2049,460849,1988762,1033578,150104,310745,323870,1664892
Croatia,2050,458493,1965595,1036813,148749,309744,321585,1644010
Croatia,2051,455958,1942879,1039737,147204,308754,319616,1623263
Croatia,2052,453303,1920864,1042041,145728,307575,317826,1603038
Croatia,2053,450429,1899752,1043634,144292,306137,316204,1583548
Croatia,2054,447269,1879919,1044217,142862,304407,314748,1565171
Croatia,2055,443787,1861486,1043715,141404,302383,313433,1548053
Croatia,2056,440309,1845061,1041210,139967,300342,312449,1532612
Croatia,2057,436715,1830591,1036874,138696,298019,311604,1518987
Croatia,2058,432991,1817167,1031644,137541,295450,310810,1506357
Croatia,2059,429131,1803412,1026931,136447,292684,309930,1493482
Croatia,2060,425152,1788365,1023688,135374,289778,308849,1479516
Croatia,2061,421691,1773199,1020115,134597,287094,307843,1465356
Croatia,2062,418226,1757175,1017494,133816,284410,306684,1450491
Croatia,2063,414753,1740772,1015356,133028,281725,305290,1435482
Croatia,2064,411324,1725073,1012564,132261,279063,303588,1421485
Croatia,2065,407978,1710733,1008439,131545,276433,301552,1409181
Croatia,2066,405292,1698778,1001386,131106,274186,299487,1399291
Croatia,2067,402748,1688524,992634,130642,272106,297143,1391381
Croatia,2068,400357,1678948,983195,130175,270182,294570,1384378
Croatia,2069,398078,1668437,974765,129710,268368,291848,1376589
Croatia,2070,395842,1655853,968558,129244,266598,289011,1366842
Croatia,2071,394130,1642597,962699,128942,265188,286347,1356250
Croatia,2072,392553,1628031,958251,128627,263926,283659,1344372
Croatia,2073,391042,1612475,954965,128282,262760,280970,1331505
Croatia,2074,389516,1596669,952216,127881,261635,278320,1318349
Croatia,2075,387900,1581021,949694,127408,260492,275725,1305296
Croatia,2076,386698,1566763,945682,127043,259655,273502,1293261
Croatia,2077,385486,1553160,941336,126610,258876,271447,1281713
Croatia,2078,384212,1540024,936894,126102,258110,269535,1270489
Croatia,2079,382802,1527110,932676,125506,257296,267716,1259394
Croatia,2080,381183,1514180,928989,124807,256376,265947,1248233
Croatia,2081,379842,1502799,923778,124160,255682,264553,1238246
Croatia,2082,378392,1492109,918282,123452,254940,263298,1228811
Croatia,2083,376792,1481873,912796,122688,254104,262145,1219728
Croatia,2084,374989,1471762,907684,121863,253126,261028,1210734
Croatia,2085,372922,1461459,903322,120964,251958,259893,1201566
Croatia,2086,371149,1452919,897200,120142,251007,259121,1193798
Croatia,2087,369268,1444739,891107,119349,249919,258391,1186348
Croatia,2088,367198,1436516,885531,118553,248645,257625,1178891
Croatia,2089,364903,1428026,880718,117730,247173,256775,1171251
Croatia,2090,362407,1419214,876696,116877,245530,255823,1163391
Croatia,2091,360318,1411939,870984,116190,244128,255141,1156798
Croatia,2092,358144,1404660,865614,115524,242620,254388,1150272
Croatia,2093,355914,1397383,860531,114882,241032,253556,1143827
Croatia,2094,353629,1389970,855878,114254,239375,252603,1137367
Croatia,2095,351233,1382069,852037,113614,237619,251451,1130618
Croatia,2096,349368,1375533,846517,113195,236173,250478,1125055
Croatia,2097,347554,1369159,840980,112786,234768,249412,1119747
Croatia,2098,345705,1362462,835991,112349,233356,248188,1114274
Croatia,2099,343736,1354995,832064,111868,231868,246744,1108251
Croatia,2100,341656,1346574,829361,111369,230287,245069,1101505
Cuba,1950,2152140,3507533,260320,775997,1376143,1076946,2430587
Cuba,1951,2192869,3589142,269280,791794,1401075,1104651,2484491
Cuba,1952,2241481,3660481,278069,823364,1418117,1130185,2530296
Cuba,1953,2290416,3727759,286348,860041,1430375,1154872,2572887
Cuba,1954,2328360,3802029,293783,884893,1443467,1181331,2620698
Cuba,1955,2351918,3887434,300117,891513,1460405,1210367,2677067
Cuba,1956,2389104,3956267,306719,911542,1477562,1233269,2722998
Cuba,1957,2408456,4043295,313035,902526,1505930,1261260,2782035
Cuba,1958,2423247,4138690,319273,880941,1542306,1290647,2848043
Cuba,1959,2451402,4228499,325580,870876,1580526,1316102,2912397
Cuba,1960,2503721,4305222,332192,889962,1613759,1334887,2970335
Cuba,1961,2553556,4391946,344324,900912,1652644,1353609,3038337
Cuba,1962,2645827,4449462,355113,969157,1676670,1360649,3088813
Cuba,1963,2760767,4491632,365955,1071498,1689269,1362529,3129103
Cuba,1964,2867228,4540780,379138,1167750,1699478,1369415,3171365
Cuba,1965,2949325,4606763,395845,1231412,1717913,1386372,3220391
Cuba,1966,3057756,4639350,413324,1320609,1737147,1396332,3243018
Cuba,1967,3120933,4707206,435407,1335694,1785239,1422226,3284980
Cuba,1968,3159746,4793125,460456,1298882,1860864,1456584,3336541
Cuba,1969,3206726,4870809,485658,1251234,1955492,1487612,3383197
Cuba,1970,3276111,4929368,509644,1222793,2053318,1509927,3419441
Cuba,1971,3320688,5012024,537249,1164691,2155997,1535745,3476279
Cuba,1972,3394702,5068236,562362,1148321,2246381,1550020,3518216
Cuba,1973,3476226,5113925,585901,1158971,2317255,1561021,3552904
Cuba,1974,3528605,5176847,609921,1162619,2365986,1582644,3594203
Cuba,1975,3532507,5270507,635428,1135491,2397016,1622412,3648095
Cuba,1976,3513796,5370017,660458,1108611,2405185,1670601,3699416
Cuba,1977,3442355,5505224,687101,1042106,2400249,1735800,3769424
Cuba,1978,3333722,5663302,714368,949890,2383832,1813529,3849773
Cuba,1979,3218805,5818523,739962,862902,2355903,1894614,3923909
Cuba,1980,3116376,5956077,762724,802564,2313812,1972804,3983273
Cuba,1981,2992896,6104290,787027,728617,2264279,2056132,4048158
Cuba,1982,2898078,6220892,806653,708386,2189692,2131869,4089023
Cuba,1983,2822727,6320407,823599,727273,2095454,2197944,4122463
Cuba,1984,2749129,6426861,841069,758192,1990937,2252910,4173951
Cuba,1985,2671179,6551045,860765,783838,1887341,2294713,4256332
Cuba,1986,2625409,6669198,873480,840432,1784977,2313667,4355531
Cuba,1987,2571371,6809716,888480,873716,1697655,2320203,4489513
Cuba,1988,2517533,6957214,904801,887946,1629587,2311509,4645705
Cuba,1989,2476489,7089114,920906,892993,1583496,2284812,4804302
Cuba,1990,2451944,7193913,936224,896079,1555865,2240214,4953699
Cuba,1991,2444929,7268485,950171,902924,1542005,2176377,5092108
Cuba,1992,2441208,7327673,964482,888197,1553011,2099665,5228008
Cuba,1993,2443046,7372432,978657,861281,1581765,2013223,5359209
Cuba,1994,2449905,7408377,992303,832899,1617006,1922257,5486120
Cuba,1995,2459938,7440599,1005506,810493,1649445,1831566,5609033
Cuba,1996,2448227,7488205,1024580,768320,1679907,1745543,5742662
Cuba,1997,2451213,7521380,1041390,753482,1697731,1657513,5863867
Cuba,1998,2457572,7548875,1057650,756125,1701447,1577072,5971803
Cuba,1999,2452988,7581279,1075737,759972,1693016,1516465,6064814
Cuba,2000,2431306,7622521,1096909,753523,1677783,1482137,6140384
Cuba,2001,2403734,7661663,1121145,753122,1650612,1471456,6190207
Cuba,2002,2356631,7713232,1148135,738591,1618040,1487321,6225911
Cuba,2003,2297492,7770239,1177154,713820,1583672,1519939,6250300
Cuba,2004,2239650,7820673,1206618,688245,1551405,1553266,6267407
Cuba,2005,2189896,7858549,1235808,667847,1522049,1576905,6281644
Cuba,2006,2132057,7892071,1272105,642605,1489452,1596187,6295884
Cuba,2007,2083221,7912684,1307782,625664,1457557,1606667,6306017
Cuba,2008,2042112,7924508,1343134,615940,1426172,1608154,6316354
Cuba,2009,2004697,7935165,1378740,610377,1394320,1602015,6333150
Cuba,2010,1969608,7948263,1415180,607207,1362401,1588762,6359501
Cuba,2011,1941500,7964814,1448337,606615,1334885,1570037,6394777
Cuba,2012,1918783,7982747,1480616,611619,1307164,1542067,6440680
Cuba,2013,1900058,7998126,1513983,619473,1280585,1508116,6490010
Cuba,2014,1883287,8005323,1551157,626352,1256935,1473391,6531932
Cuba,2015,1866853,8000828,1593751,629366,1237487,1441163,6559665
Cuba,2016,1856372,7979569,1640041,636350,1220022,1409899,6569670
Cuba,2017,1841437,7950627,1692572,632595,1208842,1382501,6568126
Cuba,2018,1825535,7915573,1747974,621819,1203716,1357334,6558239
Cuba,2019,1813526,7877634,1800886,610190,1203336,1331281,6546353
Cuba,2020,1807299,7839208,1848985,601793,1205506,1302692,6536516
Cuba,2021,1796790,7811537,1891404,586580,1210210,1276925,6534612
Cuba,2022,1794338,7782528,1927176,580558,1213780,1249222,6533306
Cuba,2023,1795656,7748459,1963976,580738,1214918,1221974,6526485
Cuba,2024,1794309,7703692,2013250,581444,1212865,1198797,6504895
Cuba,2025,1787206,7644219,2081598,578599,1208607,1181675,6462544
Cuba,2026,1780368,7570894,2162129,576343,1204025,1172190,6398704
Cuba,2027,1767664,7486183,2258559,570949,1196715,1168482,6317701
Cuba,2028,1750572,7393257,2365733,562932,1187640,1169128,6224129
Cuba,2029,1732604,7296598,2475046,554512,1178092,1171643,6124955
Cuba,2030,1715594,7199187,2581219,547082,1168512,1174275,6024912
Cuba,2031,1698651,7105292,2680660,539394,1159257,1178770,5926522
Cuba,2032,1682570,7012762,2774799,532990,1149580,1183659,5829103
Cuba,2033,1667000,6920663,2865104,527697,1139303,1187818,5732845
Cuba,2034,1650903,6827302,2954654,522739,1128164,1189802,5637500
Cuba,2035,1633803,6731786,3045063,517594,1116209,1188608,5543178
Cuba,2036,1617615,6639583,3128971,512985,1104630,1185701,5453882
Cuba,2037,1601422,6546836,3211101,508918,1092504,1179241,5367595
Cuba,2038,1585299,6457777,3287265,505225,1080074,1170083,5287694
Cuba,2039,1569558,6378814,3350838,501899,1067659,1159723,5219091
Cuba,2040,1554389,6313314,3398371,498886,1055503,1149085,5164229
Cuba,2041,1541715,6266732,3422531,496919,1044796,1139820,5126912
Cuba,2042,1529963,6233974,3429995,495340,1034623,1130333,5103641
Cuba,2043,1518992,6209356,3426553,493974,1025018,1120362,5088994
Cuba,2044,1508597,6184832,3420386,492601,1015996,1109444,5075388
Cuba,2045,1498616,6155059,3416929,491054,1007562,1097319,5057740
Cuba,2046,1491154,6127721,3406453,490299,1000855,1086043,5041678
Cuba,2047,1484216,6098022,3395760,489216,995000,1074107,5023915
Cuba,2048,1477795,6063884,3386896,487829,989966,1061823,5002061
Cuba,2049,1471599,6022024,3383343,486096,985503,1049476,4972548
Cuba,2050,1465115,5969700,3388327,483884,981231,1037119,4932581
Cuba,2051,1460316,5916377,3390444,481782,978534,1027005,4889372
Cuba,2052,1455567,5854266,3399225,479522,976045,1017280,4836986
Cuba,2053,1450248,5785631,3413152,476921,973327,1007784,4777847
Cuba,2054,1444054,5716469,3426707,473874,970180,998611,4717858
Cuba,2055,1436948,5651261,3435607,470322,966626,989934,4661327
Cuba,2056,1430043,5596235,3432697,466419,963624,983466,4612769
Cuba,2057,1422870,5547296,3422671,462777,960093,977832,4569464
Cuba,2058,1415499,5503713,3406295,459332,956167,973104,4530609
Cuba,2059,1407563,5461503,3388013,455845,951718,968918,4492585
Cuba,2060,1398282,5415961,3373457,451914,946368,964589,4451372
Cuba,2061,1389291,5375389,3352800,447964,941327,961906,4413483
Cuba,2062,1380337,5336929,3329440,444485,935852,959780,4377149
Cuba,2063,1370768,5298573,3306542,441145,929623,957566,4341007
Cuba,2064,1360293,5259739,3285621,437709,922584,954717,4305022
Cuba,2065,1348898,5220419,3267198,434033,914865,950929,4269490
Cuba,2066,1338845,5189238,3240623,430867,907978,948223,4241015
Cuba,2067,1328974,5160779,3212567,428018,900956,945131,4215648
Cuba,2068,1319281,5134418,3183755,425401,893880,941552,4192866
Cuba,2069,1309529,5108366,3156249,422864,886665,937199,4171167
Cuba,2070,1299206,5079806,3133428,420166,879040,931602,4148204
Cuba,2071,1291046,5059575,3101748,418214,872832,927139,4132436
Cuba,2072,1283434,5041053,3069507,416545,866889,922118,4118935
Cuba,2073,1275564,5019685,3042117,414830,860734,916049,4103636
Cuba,2074,1267162,4992590,3022765,412903,854259,908906,4083684
Cuba,2075,1258556,4959932,3010949,410806,847750,901041,4058891
Cuba,2076,1252492,4932873,2992785,409485,843007,894842,4038031
Cuba,2077,1246411,4901197,2980909,408098,838313,888093,4013104
Cuba,2078,1240402,4866358,2973337,406637,833765,880999,3985359
Cuba,2079,1234396,4830062,2967882,405031,829365,873699,3956363
Cuba,2080,1228118,4792619,2964059,403148,824970,866154,3926465
Cuba,2081,1223040,4760308,2953999,401484,821556,859892,3900416
Cuba,2082,1218033,4728552,2943422,399760,818273,853727,3874825
Cuba,2083,1213156,4697578,2932015,397988,815168,847795,3849783
Cuba,2084,1208088,4665918,2921582,396064,812024,841957,3823961
Cuba,2085,1202119,4630867,2915579,393732,808387,835787,3795080
Cuba,2086,1197398,4602468,2901747,391589,805809,831375,3771093
Cuba,2087,1192831,4574965,2886963,389657,803174,827336,3747629
Cuba,2088,1187666,4545967,2874635,387628,800038,823205,3722762
Cuba,2089,1181474,4514481,2866546,385279,796195,818733,3695748
Cuba,2090,1174256,4480825,2862662,382513,791743,813916,3666909
Cuba,2091,1168649,4455817,2849628,380174,788475,810980,3644837
Cuba,2092,1162717,4431155,2837656,377874,784843,808102,3623053
Cuba,2093,1156414,4406590,2826906,375558,780856,805182,3601408
Cuba,2094,1149599,4381270,2818231,373132,776467,801990,3579280
Cuba,2095,1141991,4353863,2813141,370450,771541,798227,3555636
Cuba,2096,1135950,4334186,2799413,368234,767716,795921,3538265
Cuba,2097,1129824,4314721,2786204,366197,763627,793403,3521318
Cuba,2098,1123283,4293988,2775428,364193,759090,790400,3503588
Cuba,2099,1116182,4271132,2768228,362111,754071,786762,3484370
Cuba,2100,1108609,4246094,2764795,359926,748683,782471,3463623
Curacao,1950,36511,57796,5872,15009,21502,17734,40062
Curacao,1951,38840,59754,5973,16147,22693,18192,41562
Curacao,1952,40946,61322,6016,17123,23823,18522,42800
Curacao,1953,42757,62715,6032,17815,24942,18810,43905
Curacao,1954,44332,63967,6047,18314,26018,19098,44869
Curacao,1955,45738,65118,6060,18711,27027,19414,45704
Curacao,1956,47336,65834,6108,19319,28017,19506,46328
Curacao,1957,48840,66472,6153,19798,29042,19629,46843
Curacao,1958,50225,67079,6180,20144,30081,19812,47267
Curacao,1959,51407,67708,6194,20306,31101,20090,47618
Curacao,1960,52328,68430,6183,20272,32056,20496,47934
Curacao,1961,53108,69097,6173,20327,32781,21070,48027
Curacao,1962,53595,69940,6147,19956,33639,21724,48216
Curacao,1963,53966,70882,6101,19353,34613,22414,48468
Curacao,1964,54424,71863,6035,18805,35619,23096,48767
Curacao,1965,55031,72903,5944,18495,36536,23767,49136
Curacao,1966,55315,74155,6180,17905,37410,24484,49671
Curacao,1967,55912,75279,6418,17896,38016,25110,50169
Curacao,1968,56614,76380,6686,18251,38363,25704,50676
Curacao,1969,57099,77623,6995,18580,38519,26417,51206
Curacao,1970,57177,79103,7354,18611,38566,27356,51747
Curacao,1971,57336,80478,7633,18960,38376,28254,52224
Curacao,1972,57022,82204,7926,18662,38360,29338,52866
Curacao,1973,56348,84086,8184,17874,38474,30464,53622
Curacao,1974,55535,85781,8367,16943,38592,31425,54356
Curacao,1975,54680,87109,8469,16164,38516,32168,54941
Curacao,1976,52823,88802,8615,15326,37497,32706,56096
Curacao,1977,50934,90066,8715,14729,36205,33038,57028
Curacao,1978,49077,91072,8780,14375,34702,33249,57823
Curacao,1979,47356,92067,8854,14161,33195,33384,58683
Curacao,1980,45893,93153,8950,13970,31923,33429,59724
Curacao,1981,44648,94437,9125,13592,31056,33345,61092
Curacao,1982,43790,95717,9307,13485,30305,33042,62675
Curacao,1983,43114,96986,9480,13538,29576,32590,64396
Curacao,1984,42442,98098,9647,13645,28797,32021,66077
Curacao,1985,41711,98880,9786,13721,27990,31350,67530
Curacao,1986,41179,98807,10071,13954,27225,29978,68829
Curacao,1987,40735,98261,10328,14102,26633,28431,69830
Curacao,1988,40362,97427,10565,14164,26198,26871,70556
Curacao,1989,40098,96518,10794,14165,25933,25441,71077
Curacao,1990,39955,95692,11024,14126,25829,24254,71438
Curacao,1991,39724,95225,11290,14136,25588,23047,72178
Curacao,1992,39568,94869,11584,13952,25616,21975,72894
Curacao,1993,39369,94501,11894,13602,25767,21057,73444
Curacao,1994,39032,93910,12183,13115,25917,20274,73636
Curacao,1995,38501,92955,12428,12529,25972,19619,73336
Curacao,1996,37508,91771,12704,11832,25676,18898,72873
Curacao,1997,36403,90238,12928,11089,25314,18063,72175
Curacao,1998,35180,88590,13121,10362,24818,17245,71345
Curacao,1999,33965,87016,13330,9720,24245,16563,70453
Curacao,2000,32890,85635,13574,9186,23704,16133,69502
Curacao,2001,31180,85278,13819,8376,22804,16422,68856
Curacao,2002,29846,84884,14099,7964,21882,16613,68271
Curacao,2003,28778,84778,14465,7833,20945,16746,68032
Curacao,2004,27922,85259,14976,7847,20075,16854,68405
Curacao,2005,27315,86418,15661,7949,19366,17002,69416
Curacao,2006,27556,88185,16157,8380,19176,17479,70706
Curacao,2007,27891,90752,16855,8578,19313,18019,72733
Curacao,2008,28295,93744,17691,8651,19644,18576,75168
Curacao,2009,28780,96566,18587,8740,20040,19051,77515
Curacao,2010,29311,98836,19461,8908,20403,19435,79401
Curacao,2011,29319,100850,20424,8981,20338,19900,80950
Curacao,2012,29480,102136,21369,9215,20265,20075,82061
Curacao,2013,29669,102877,22349,9530,20139,20035,82842
Curacao,2014,29779,103349,23384,9800,19979,19877,83472
Curacao,2015,29810,103711,24489,9959,19851,19685,84026
Curacao,2016,29964,104021,25386,10241,19723,19952,84069
Curacao,2017,30006,104258,26275,10349,19657,20081,84177
Curacao,2018,29963,104459,27155,10328,19635,20088,84371
Curacao,2019,29926,104563,28058,10268,19658,19992,84571
Curacao,2020,29962,104544,28989,10238,19724,19845,84699
Curacao,2021,30052,104489,29917,10180,19872,19825,84664
Curacao,2022,30241,104336,30853,10162,20079,19700,84636
Curacao,2023,30449,104136,31815,10176,20273,19503,84633
Curacao,2024,30616,103911,32816,10192,20424,19275,84636
Curacao,2025,30719,103636,33881,10183,20536,19075,84561
Curacao,2026,30817,103341,34927,10152,20665,19070,84271
Curacao,2027,30902,102996,36010,10138,20764,19038,83958
Curacao,2028,30934,102679,37088,10129,20805,18994,83685
Curacao,2029,30907,102437,38106,10115,20792,18954,83483
Curacao,2030,30855,102277,39038,10090,20765,18960,83317
Curacao,2031,30845,102209,39802,10081,20764,19174,83035
Curacao,2032,30824,102225,40459,10054,20770,19384,82841
Curacao,2033,30761,102330,41036,10016,20745,19566,82764
Curacao,2034,30660,102477,41586,9974,20686,19693,82784
Curacao,2035,30555,102595,42130,9935,20620,19775,82820
Curacao,2036,30490,102733,42587,9900,20590,19985,82748
Curacao,2037,30450,102836,43020,9875,20575,20092,82744
Curacao,2038,30390,102982,43416,9858,20532,20110,82872
Curacao,2039,30300,103206,43740,9842,20458,20068,83138
Curacao,2040,30199,103509,43965,9825,20374,20010,83499
Curacao,2041,30150,103906,44035,9821,20329,20102,83804
Curacao,2042,30126,104371,43994,9823,20303,20121,84250
Curacao,2043,30080,104901,43897,9824,20256,20074,84827
Curacao,2044,30012,105434,43800,9829,20183,19978,85456
Curacao,2045,29948,105906,43757,9835,20113,19875,86031
Curacao,2046,29940,106344,43677,9851,20089,19928,86416
Curacao,2047,29958,106725,43629,9867,20091,19922,86803
Curacao,2048,29960,107079,43614,9882,20078,19857,87222
Curacao,2049,29938,107430,43609,9890,20048,19751,87679
Curacao,2050,29908,107753,43628,9893,20015,19634,88119
Curacao,2051,29931,108079,43585,9904,20027,19683,88396
Curacao,2052,29971,108381,43538,9907,20064,19673,88708
Curacao,2053,29988,108670,43522,9903,20085,19616,89054
Curacao,2054,29979,108912,43568,9896,20083,19523,89389
Curacao,2055,29953,109060,43720,9880,20073,19424,89636
Curacao,2056,29957,109145,43901,9862,20095,19489,89656
Curacao,2057,29979,109155,44136,9844,20135,19509,89646
Curacao,2058,29969,109128,44429,9824,20145,19482,89646
Curacao,2059,29930,109095,44764,9802,20128,19425,89670
Curacao,2060,29871,109029,45151,9773,20098,19365,89664
Curacao,2061,29845,108986,45481,9746,20099,19465,89521
Curacao,2062,29828,108925,45817,9722,20106,19520,89405
Curacao,2063,29783,108862,46181,9699,20084,19531,89331
Curacao,2064,29702,108793,46598,9673,20029,19500,89293
Curacao,2065,29604,108689,47066,9643,19961,19459,89230
Curacao,2066,29553,108622,47455,9623,19930,19565,89057
Curacao,2067,29511,108526,47860,9605,19906,19620,88906
Curacao,2068,29448,108446,48276,9588,19860,19622,88824
Curacao,2069,29359,108386,48686,9571,19788,19582,88804
Curacao,2070,29259,108332,49107,9549,19710,19525,88807
Curacao,2071,29214,108362,49380,9541,19673,19605,88757
Curacao,2072,29179,108402,49622,9532,19647,19626,88776
Curacao,2073,29126,108439,49884,9521,19605,19594,88845
Curacao,2074,29042,108441,50199,9505,19537,19517,88924
Curacao,2075,28954,108367,50587,9486,19468,19426,88941
Curacao,2076,28922,108326,50872,9482,19440,19467,88859
Curacao,2077,28899,108222,51200,9476,19423,19458,88764
Curacao,2078,28864,108078,51569,9469,19395,19403,88675
Curacao,2079,28806,107903,51968,9458,19348,19312,88591
Curacao,2080,28736,107690,52410,9443,19293,19213,88477
Curacao,2081,28718,107533,52718,9438,19280,19242,88291
Curacao,2082,28710,107332,53042,9432,19278,19230,88102
Curacao,2083,28679,107110,53386,9420,19259,19180,87930
Curacao,2084,28623,106865,53765,9403,19220,19096,87769
Curacao,2085,28551,106581,54169,9380,19171,19006,87575
Curacao,2086,28525,106386,54433,9366,19159,19043,87343
Curacao,2087,28507,106165,54698,9349,19158,19040,87125
Curacao,2088,28468,105943,54962,9331,19137,19005,86938
Curacao,2089,28406,105714,55237,9308,19098,18943,86771
Curacao,2090,28325,105443,55561,9280,19045,18868,86575
Curacao,2091,28287,105261,55732,9260,19027,18913,86348
Curacao,2092,28257,105072,55906,9241,19016,18925,86147
Curacao,2093,28200,104866,56092,9218,18982,18902,85964
Curacao,2094,28122,104640,56308,9193,18929,18848,85792
Curacao,2095,28021,104374,56579,9160,18861,18785,85589
Curacao,2096,27971,104204,56694,9140,18831,18826,85378
Curacao,2097,27921,104014,56818,9117,18804,18835,85179
Curacao,2098,27854,103821,56963,9093,18761,18814,85007
Curacao,2099,27765,103605,57141,9067,18698,18760,84845
Curacao,2100,27661,103351,57368,9036,18625,18694,84657
Cyprus,1950,170361,293951,29703,66661,103700,87471,206480
Cyprus,1951,172199,297367,30815,67619,104580,87607,209760
Cyprus,1952,172493,302014,32120,65776,106717,88114,213900
Cyprus,1953,173702,306331,33401,64089,109613,88523,217808
Cyprus,1954,176717,309878,34589,63726,112991,88700,221178
Cyprus,1955,181357,312900,35715,64944,116413,88779,224121
Cyprus,1956,185738,317624,36203,64818,120920,90417,227207
Cyprus,1957,192306,321040,36115,67163,125143,91529,229511
Cyprus,1958,199705,323711,35479,70686,129019,92354,231357
Cyprus,1959,206158,326227,34597,73851,132307,93301,232926
Cyprus,1960,210309,328799,33822,75332,134977,94630,234169
Cyprus,1961,210885,330317,35193,76506,134379,96039,234278
Cyprus,1962,209072,332166,36453,75984,133088,97929,234237
Cyprus,1963,205768,334931,37214,73950,131818,100302,234629
Cyprus,1964,202339,338814,37474,71375,130964,103053,235761
Cyprus,1965,199521,343802,37643,69264,130257,106086,237716
Cyprus,1966,197443,346275,41590,68116,129327,106439,239836
Cyprus,1967,195474,349618,46216,65917,129557,106983,242635
Cyprus,1968,193657,353580,51256,63202,130455,107564,246016
Cyprus,1969,191855,357776,56482,60616,131239,108102,249674
Cyprus,1970,189977,361821,61823,58964,131013,108724,253097
Cyprus,1971,186940,371579,62340,58572,128368,112725,258854
Cyprus,1972,183994,381289,62719,58342,125652,116158,265131
Cyprus,1973,181855,390308,62948,58532,123323,118646,271662
Cyprus,1974,180674,398588,63077,59015,121659,120044,278544
Cyprus,1975,180054,406517,63184,59414,120640,120410,286107
Cyprus,1976,178489,415417,63628,59052,119437,123444,291973
Cyprus,1977,176881,424684,63963,59134,117747,126286,298398
Cyprus,1978,175250,433831,64170,59374,115876,128663,305168
Cyprus,1979,173428,442370,64213,59603,113825,130281,312089
Cyprus,1980,171289,450028,64089,59855,111434,130813,319215
Cyprus,1981,172309,451654,65210,61379,110930,128882,322772
Cyprus,1982,172688,452795,66219,62293,110395,127232,325563
Cyprus,1983,173040,453859,67178,62820,110220,126079,327780
Cyprus,1984,173875,455679,68163,63357,110518,125596,330083
Cyprus,1985,175443,458979,69265,64418,111025,125646,333333
Cyprus,1986,178662,463601,70078,66595,112067,124386,339215
Cyprus,1987,181865,470336,71179,67778,114087,123956,346380
Cyprus,1988,185702,478206,72571,68497,117205,124214,353992
Cyprus,1989,190340,486525,74179,69226,121114,124949,361576
Cyprus,1990,195413,495256,75945,70180,125233,125842,369414
Cyprus,1991,198548,506842,77739,70020,128528,127026,379816
Cyprus,1992,201672,519293,79644,70464,131208,128674,390619
Cyprus,1993,204671,532343,81737,71189,133482,130856,401487
Cyprus,1994,207086,545983,84041,71701,135385,133583,412400
Cyprus,1995,208650,560201,86533,71769,136881,136502,423699
Cyprus,1996,211523,573572,88328,72071,139452,140016,433556
Cyprus,1997,212636,588337,90219,71566,141070,144571,443766
Cyprus,1998,212619,603870,92215,70528,142091,149824,454046
Cyprus,1999,212094,619651,94305,69315,142779,155208,464443
Cyprus,2000,211297,635501,96488,68059,143238,159998,475503
Cyprus,2001,211109,650445,98728,65882,145227,163290,487155
Cyprus,2002,210357,665432,101177,64185,146172,166654,498778
Cyprus,2003,209137,680440,103986,62913,146224,170129,510311
Cyprus,2004,207469,695759,107182,62009,145460,173666,522093
Cyprus,2005,205505,711519,110634,61433,144072,176796,534723
Cyprus,2006,204676,727066,113767,60595,144081,178468,548598
Cyprus,2007,203572,743240,116900,60891,142681,180813,562427
Cyprus,2008,202247,759204,120112,61961,140286,183871,575333
Cyprus,2009,200560,774038,123478,63197,137363,187117,586921
Cyprus,2010,198449,787129,127029,64002,134447,189488,597641
Cyprus,2011,198148,795454,131233,64772,133376,190062,605392
Cyprus,2012,197463,802076,135523,65323,132140,189904,612172
Cyprus,2013,196797,807177,139922,65631,131166,189061,618116
Cyprus,2014,196364,811526,144419,65816,130548,187670,623856
Cyprus,2015,196153,815845,148987,65919,130234,185510,630335
Cyprus,2016,197413,819142,153570,65543,131870,179256,639886
Cyprus,2017,198519,822778,158254,65374,133145,174173,648605
Cyprus,2018,199491,826441,163153,65322,134169,170537,655904
Cyprus,2019,200100,829949,168378,65201,134899,168438,661511
Cyprus,2020,200139,833240,173964,64815,135324,167360,665880
Cyprus,2021,200143,836446,179261,63851,136292,163826,672620
Cyprus,2022,199732,839541,184755,63084,136648,161225,678316
Cyprus,2023,198956,842480,190501,62438,136518,159600,682880
Cyprus,2024,197878,845253,196499,61887,135991,158873,686380
Cyprus,2025,196522,847886,202732,61355,135167,158679,689207
Cyprus,2026,195313,850618,208554,60562,134751,156766,693852
Cyprus,2027,194052,853180,214422,60213,133839,155256,697924
Cyprus,2028,192665,855587,220406,60158,132507,154196,701391
Cyprus,2029,191108,857846,226554,60201,130907,153513,704333
Cyprus,2030,189430,859883,232891,60182,129248,152984,706899
Cyprus,2031,188476,861691,238577,60310,128166,152113,709578
Cyprus,2032,187394,863417,244336,60354,127040,151293,712124
Cyprus,2033,186244,864984,250180,60338,125906,150461,714523
Cyprus,2034,185173,866263,256109,60351,124822,149507,716756
Cyprus,2035,184264,867128,262150,60428,123836,148304,718824
Cyprus,2036,184134,867624,267656,60510,123624,147015,720609
Cyprus,2037,184118,867901,273142,60687,123431,145604,722297
Cyprus,2038,184149,867854,278754,60930,123219,144128,723726
Cyprus,2039,184142,867375,284685,61166,122976,142656,724719
Cyprus,2040,184064,866347,291054,61328,122736,141178,725169
Cyprus,2041,184619,864882,297040,61429,123190,139838,725044
Cyprus,2042,185062,863076,303298,61528,123534,138612,724464
Cyprus,2043,185357,860957,309820,61605,123752,137526,723431
Cyprus,2044,185494,858577,316563,61643,123851,136602,721975
Cyprus,2045,185497,855898,323529,61609,123888,135777,720121
Cyprus,2046,186009,853192,329791,61460,124549,135221,717971
Cyprus,2047,186350,850414,336074,61350,125000,134895,715519
Cyprus,2048,186472,847520,342459,61253,125219,134764,712756
Cyprus,2049,186357,844404,349024,61136,125221,134734,709670
Cyprus,2050,186027,841003,355809,60955,125072,134684,706319
Cyprus,2051,186158,837633,361805,60681,125477,134736,702897
Cyprus,2052,186106,834192,367764,60495,125611,134879,699313
Cyprus,2053,185843,830686,373726,60362,125481,135090,695596
Cyprus,2054,185356,827123,379722,60233,125123,135316,691807
Cyprus,2055,184684,823411,385814,60058,124626,135455,687956
Cyprus,2056,184546,819938,390898,59867,124679,135627,684311
Cyprus,2057,184257,816578,395789,59739,124518,135819,680759
Cyprus,2058,183800,813230,400629,59653,124147,135996,677234
Cyprus,2059,183191,809743,405542,59587,123604,136102,673641
Cyprus,2060,182481,805978,410638,59513,122968,136040,669938
Cyprus,2061,182388,802506,414638,59464,122924,135970,666536
Cyprus,2062,182231,799018,418526,59499,122732,135849,663169
Cyprus,2063,181983,795481,422365,59587,122396,135666,659815
Cyprus,2064,181623,791876,426212,59685,121938,135408,656468
Cyprus,2065,181163,788103,430131,59742,121421,134996,653107
Cyprus,2066,181371,784854,432700,59848,121523,134615,650239
Cyprus,2067,181503,781711,435068,59969,121534,134208,647503
Cyprus,2068,181520,778580,437365,60086,121434,133779,644801
Cyprus,2069,181425,775332,439734,60180,121245,133310,642022
Cyprus,2070,181225,771851,442278,60225,121000,132744,639107
Cyprus,2071,181615,768909,443535,60272,121343,132272,636637
Cyprus,2072,181925,766041,444655,60337,121588,131831,634210
Cyprus,2073,182115,763158,445752,60406,121709,131425,631733
Cyprus,2074,182150,760161,446994,60445,121705,131040,629121
Cyprus,2075,182019,756859,448565,60414,121605,130600,626259
Cyprus,2076,182389,754122,448942,60362,122027,130302,623820
Cyprus,2077,182644,751422,449258,60343,122301,130077,621345
Cyprus,2078,182740,748708,449659,60330,122410,129915,618793
Cyprus,2079,182641,745886,450269,60287,122354,129773,616113
Cyprus,2080,182347,742845,451199,60176,122171,129580,613265
Cyprus,2081,182528,740521,450865,60060,122468,129534,610987
Cyprus,2082,182583,738322,450470,59978,122605,129554,608768
Cyprus,2083,182466,736166,450143,59902,122564,129612,606554
Cyprus,2084,182157,733960,450006,59804,122353,129650,604310
Cyprus,2085,181659,731577,450189,59646,122013,129586,601991
Cyprus,2086,181645,730018,449024,59507,122138,129629,600389
Cyprus,2087,181516,728618,447777,59399,122117,129682,598936
Cyprus,2088,181236,727241,446648,59304,121932,129720,597521
Cyprus,2089,180791,725694,445848,59198,121593,129701,595993
Cyprus,2090,180196,723806,445556,59057,121139,129553,594253
Cyprus,2091,180095,722641,444064,58952,121143,129492,593149
Cyprus,2092,179927,721462,442677,58905,121022,129410,592052
Cyprus,2093,179649,720155,441548,58884,120765,129292,590863
Cyprus,2094,179239,718598,440830,58854,120385,129110,589488
Cyprus,2095,178689,716635,440693,58779,119910,128798,587837
Cyprus,2096,178666,715366,439358,58771,119895,128580,586786
Cyprus,2097,178573,714037,438189,58775,119798,128349,585688
Cyprus,2098,178365,712521,437360,58765,119600,128088,584433
Cyprus,2099,178033,710694,437027,58724,119309,127763,582931
Cyprus,2100,177578,708410,437308,58643,118935,127324,581086
Czech Republic,1950,2165628,5992441,744550,892185,1273443,1306024,4686417
Czech Republic,1951,2231765,6015225,760016,897814,1333951,1270263,4744962
Czech Republic,1952,2300924,6034986,774230,895951,1404973,1238354,4796632
Czech Republic,1953,2371092,6048288,786583,891585,1479507,1210820,4837468
Czech Republic,1954,2431721,6061416,797351,881607,1550114,1189491,4871925
Czech Republic,1955,2474246,6080390,807126,862197,1612049,1176254,4904136
Czech Republic,1956,2496288,6097891,825845,828534,1667754,1172899,4924992
Czech Republic,1957,2506391,6118486,842670,798498,1707893,1178882,4939604
Czech Republic,1958,2503330,6145838,859200,771098,1732232,1196190,4949648
Czech Republic,1959,2489444,6181181,877042,747152,1742292,1226901,4954280
Czech Republic,1960,2468129,6224829,897229,726917,1741212,1271570,4953259
Czech Republic,1961,2435476,6277976,924959,704647,1730829,1330670,4947306
Czech Republic,1962,2401277,6336640,953160,695206,1706071,1401424,4935216
Czech Republic,1963,2363455,6397136,981875,693870,1669585,1477080,4920056
Czech Republic,1964,2319484,6453841,1011031,693680,1625804,1547559,4906282
Czech Republic,1965,2268896,6502054,1040457,689804,1579092,1605817,4896237
Czech Republic,1966,2232181,6516436,1072498,697799,1534382,1652694,4863742
Czech Republic,1967,2185265,6528455,1103472,692696,1492569,1689174,4839281
Czech Republic,1968,2137094,6537608,1133338,681161,1455933,1713905,4823703
Czech Republic,1969,2101016,6542613,1161829,675446,1425570,1725773,4816840
Czech Republic,1970,2085043,6543740,1189034,684524,1400519,1724736,4819004
Czech Republic,1971,2077166,6549722,1220498,694930,1382236,1711988,4837734
Czech Republic,1972,2094697,6549212,1247374,725262,1369435,1684133,4865079
Czech Republic,1973,2130331,6544721,1271324,768581,1361750,1645887,4898834
Czech Republic,1974,2171061,6541311,1295097,811905,1359156,1604640,4936671
Czech Republic,1975,2209565,6540957,1319622,846494,1363071,1565012,4975945
Czech Republic,1976,2266354,6519401,1348962,891797,1374557,1524254,4995147
Czech Republic,1977,2314006,6506110,1380805,915537,1398469,1487540,5018570
Czech Republic,1978,2354902,6500966,1407241,920825,1434077,1454362,5046604
Czech Republic,1979,2391619,6506002,1416533,912942,1478677,1423766,5082236
Czech Republic,1980,2422439,6523515,1403317,895614,1526825,1396060,5127455
Czech Republic,1981,2444813,6542573,1378332,867356,1577457,1372104,5170469
Czech Republic,1982,2453378,6579399,1332676,824419,1628959,1354312,5225087
Czech Republic,1983,2450670,6624613,1279024,774427,1676243,1344063,5280550
Czech Republic,1984,2441316,6664565,1234967,728198,1713118,1342913,5321652
Czech Republic,1985,2428668,6692574,1210128,692757,1735911,1351681,5340893
Czech Republic,1986,2384572,6723392,1219564,639088,1745484,1373440,5349952
Czech Republic,1987,2352778,6733506,1241448,623173,1729605,1400345,5333161
Czech Republic,1988,2323271,6738447,1269497,631798,1691473,1433411,5305036
Czech Republic,1989,2283406,6758240,1294524,644523,1638883,1473901,5284339
Czech Republic,1990,2228958,6800929,1311282,647438,1581520,1521206,5279723
Czech Republic,1991,2188769,6826067,1331914,669528,1519241,1568339,5257728
Czech Republic,1992,2128187,6878098,1347033,667214,1460973,1623036,5255062
Czech Republic,1993,2057008,6944468,1357496,646494,1410514,1676751,5267717
Czech Republic,1994,1989507,7007207,1364528,619163,1370344,1716802,5290405
Czech Republic,1995,1931609,7057724,1369123,593649,1337960,1735814,5321910
Czech Republic,1996,1875239,7089403,1385928,564969,1310270,1735383,5354020
Czech Republic,1997,1823025,7114534,1401034,530990,1292035,1715303,5399231
Czech Republic,1998,1775634,7134848,1413006,496966,1278668,1679443,5455405
Czech Republic,1999,1731389,7155606,1419650,467933,1263456,1635154,5520452
Czech Republic,2000,1689818,7179644,1420132,447390,1242428,1587712,5591932
Czech Republic,2001,1634584,7209004,1427616,417626,1216958,1539937,5669067
Czech Republic,2002,1594302,7230534,1427603,413691,1180611,1485645,5744889
Czech Republic,2003,1563485,7250278,1425514,427609,1135876,1431100,5819178
Czech Republic,2004,1536113,7274918,1428505,448177,1087936,1384108,5890810
Czech Republic,2005,1511207,7306352,1440617,468122,1043085,1348716,5957636
Czech Republic,2006,1504693,7328517,1465078,503004,1001689,1332884,5995633
Czech Republic,2007,1496151,7362707,1497728,528459,967692,1329149,6033558
Czech Republic,2008,1490122,7396755,1536917,546040,944082,1329051,6067704
Czech Republic,2009,1491572,7414937,1580336,558942,932630,1320934,6094003
Czech Republic,2010,1500557,7409085,1626644,568872,931685,1298371,6110714
Czech Republic,2011,1519968,7367737,1681010,579246,940722,1261908,6105829
Czech Republic,2012,1539279,7309410,1738066,578037,961242,1216588,6092822
Czech Republic,2013,1559655,7238558,1796268,569676,989979,1165793,6072765
Czech Republic,2014,1581509,7163621,1853396,559798,1021711,1115507,6048114
Czech Republic,2015,1604426,7091238,1908098,552360,1052066,1070087,6021151
Czech Republic,2016,1615128,7029317,1966502,533930,1081198,1032731,5996586
Czech Republic,2017,1632467,6965502,2020334,529114,1103353,998305,5967197
Czech Republic,2018,1650597,6905404,2069249,533002,1117595,970170,5935234
Czech Republic,2019,1662155,6855268,2113166,537537,1124618,952718,5902550
Czech Republic,2020,1663966,6817256,2152202,536894,1127072,948156,5869100
Czech Republic,2021,1664951,6782123,2186776,538734,1126217,957330,5824793
Czech Republic,2022,1655172,6761385,2215731,534451,1120721,979886,5781499
Czech Republic,2023,1637794,6750038,2240637,525297,1112497,1010767,5739271
Czech Republic,2024,1618840,6740098,2263153,515056,1103784,1042052,5698046
Czech Republic,2025,1601458,6726933,2284546,506268,1095190,1068517,5658416
Czech Republic,2026,1584413,6711561,2305039,497249,1087164,1093288,5618273
Czech Republic,2027,1568175,6693886,2324391,489082,1079093,1113544,5580342
Czech Republic,2028,1552573,6674310,2342456,482040,1070533,1128614,5545696
Czech Republic,2029,1536174,6654740,2358948,475511,1060663,1138577,5516163
Czech Republic,2030,1518326,6635694,2374176,469134,1049192,1143538,5492156
Czech Republic,2031,1500350,6617029,2387060,462607,1037743,1145638,5471391
Czech Republic,2032,1482563,6598261,2398008,457869,1024694,1141536,5456725
Czech Republic,2033,1465189,6576567,2410163,454670,1010519,1132865,5443702
Czech Republic,2034,1448877,6547837,2427660,452988,995889,1122382,5425455
Czech Republic,2035,1434305,6509502,2452966,452773,981532,1111923,5397579
Czech Republic,2036,1422945,6461620,2484766,454259,968686,1103771,5357849
Czech Republic,2037,1414000,6406086,2522077,457660,956340,1095945,5310141
Czech Republic,2038,1407503,6343814,2564215,462401,945102,1087781,5256033
Czech Republic,2039,1403252,6276233,2610213,467685,935567,1078082,5198151
Czech Republic,2040,1401098,6204298,2659451,472975,928123,1066173,5138125
Czech Republic,2041,1403936,6124560,2712598,480430,923506,1054367,5070193
Czech Republic,2042,1407848,6042516,2768053,486054,921794,1041487,5001029
Czech Republic,2043,1413224,5961003,2822457,490245,922979,1027664,4933339
Czech Republic,2044,1420203,5884473,2870984,493566,926637,1013295,4871178
Czech Republic,2045,1428369,5815586,2911162,496360,932009,998756,4816830
Czech Republic,2046,1437755,5753864,2943361,498299,939456,986393,4767471
Czech Republic,2047,1447572,5702183,2965389,499339,948233,974357,4727826
Czech Republic,2048,1457320,5657344,2980652,499606,957714,963077,4694267
Czech Republic,2049,1466125,5614603,2994413,499082,967043,953303,4661300
Czech Republic,2050,1473262,5570970,3010070,497655,975607,945538,4625432
Czech Republic,2051,1478745,5530450,3023475,494370,984375,942380,4588070
Czech Republic,2052,1483007,5491259,3035858,491748,991259,941455,4549804
Czech Republic,2053,1485419,5453539,3047488,489330,996089,942465,4511074
Czech Republic,2054,1485479,5417952,3057963,486544,998935,945046,4472906
Czech Republic,2055,1483000,5384876,3066911,482904,1000096,948879,4435997
Czech Republic,2056,1480052,5358418,3068103,478916,1001136,956651,4401767
Czech Republic,2057,1474943,5334491,3067323,475018,999925,965824,4368667
Czech Republic,2058,1467872,5314363,3063049,471093,996779,975461,4338902
Czech Republic,2059,1459276,5299917,3052964,467142,992134,984341,4315576
Czech Republic,2060,1449446,5291752,3036229,463108,986338,991590,4300162
Czech Republic,2061,1440698,5294476,3005969,459565,981133,999984,4294492
Czech Republic,2062,1431198,5304048,2968223,456401,974797,1006847,4297201
Czech Republic,2063,1421152,5317083,2926475,453585,967567,1011795,4305288
Czech Republic,2064,1410854,5328987,2885417,451142,959712,1014612,4314375
Czech Republic,2065,1400567,5336639,2848274,449075,951492,1015203,4321436
Czech Republic,2066,1392162,5343834,2809563,447804,944358,1015936,4327898
Czech Republic,2067,1384450,5348628,2772609,447278,937172,1014675,4333953
Czech Republic,2068,1377568,5349870,2738818,447374,930194,1011533,4338337
Czech Republic,2069,1371484,5345984,2710246,447907,923577,1006792,4339192
Czech Republic,2070,1366062,5335413,2688958,448696,917366,1000595,4334818
Czech Republic,2071,1363037,5319850,2671710,450401,912636,994990,4324860
Czech Republic,2072,1361161,5299745,2659434,452334,908827,988617,4311128
Czech Republic,2073,1360358,5276247,2651222,454367,905991,981465,4294782
Czech Republic,2074,1360322,5251259,2645601,456310,904012,973565,4277694
Czech Republic,2075,1360609,5225420,2642481,457971,902638,964915,4260505
Czech Republic,2076,1363261,5202434,2636196,460164,903097,957883,4244551
Czech Republic,2077,1366389,5181629,2629303,461873,904516,950937,4230692
Czech Republic,2078,1369571,5160968,2624206,463022,906549,943901,4217067
Czech Republic,2079,1372466,5138783,2622755,463606,908860,936833,4201950
Czech Republic,2080,1374840,5114723,2625421,463627,911213,929938,4184785
Czech Republic,2081,1378177,5094184,2625259,463337,914840,925577,4168607
Czech Republic,2082,1381099,5074130,2626615,462803,918296,921867,4152263
Czech Republic,2083,1383409,5054666,2629373,461976,921433,918794,4135872
Czech Republic,2084,1384734,5035689,2633772,460719,924015,916325,4119364
Czech Republic,2085,1384658,5016580,2640639,458842,925816,914344,4102236
Czech Republic,2086,1384570,5002229,2643578,456486,928084,914991,4087238
Czech Republic,2087,1383547,4989487,2646522,454247,929300,916463,4073024
Czech Republic,2088,1381404,4977946,2649973,451976,929428,918414,4059532
Czech Republic,2089,1377940,4966955,2654624,449493,928447,920401,4046554
Czech Republic,2090,1372977,4955571,2661469,446610,926367,922033,4033538
Czech Republic,2091,1368982,4951393,2660339,443936,925046,925859,4025534
Czech Republic,2092,1364114,4948456,2658938,441508,922606,929616,4018840
Czech Republic,2093,1358164,4945233,2658922,439153,919011,932772,4012461
Czech Republic,2094,1351141,4940707,2661203,436747,914394,934881,4005826
Czech Republic,2095,1343238,4934631,2665773,434208,909030,935750,3998881
Czech Republic,2096,1337585,4935914,2660530,432534,905051,938110,3997804
Czech Republic,2097,1331329,4935897,2656898,431011,900318,939276,3996621
Czech Republic,2098,1324729,4934247,2654909,429641,895088,939201,3995046
Czech Republic,2099,1318148,4930532,2654570,428517,889631,937924,3992608
Czech Republic,2100,1311844,4923923,2656398,427768,884076,935407,3988516
Democratic Republic of Congo,1950,5322464,6400208,460987,2170171,3152293,2291670,4108538
Democratic Republic of Congo,1951,5444855,6529453,454517,2211972,3232883,2339920,4189533
Democratic Republic of Congo,1952,5553634,6679680,447613,2234367,3319267,2395518,4284162
Democratic Republic of Congo,1953,5660629,6843620,440136,2255925,3404704,2455897,4387723
Democratic Republic of Congo,1954,5771447,7018688,432383,2287945,3483502,2520329,4498359
Democratic Republic of Congo,1955,5886990,7205871,424652,2337220,3549770,2589509,4616362
Democratic Republic of Congo,1956,6028271,7372359,429810,2393070,3635201,2651978,4720381
Democratic Republic of Congo,1957,6173979,7552472,434791,2456001,3717978,2719813,4832659
Democratic Republic of Congo,1958,6321298,7748078,439536,2524752,3796546,2793231,4954847
Democratic Republic of Congo,1959,6467610,7960349,443813,2598215,3869395,2872125,5088224
Democratic Republic of Congo,1960,6612285,8188501,447465,2677842,3934443,2956043,5232458
Democratic Republic of Congo,1961,6800336,8379545,457852,2780642,4019694,3026760,5352785
Democratic Republic of Congo,1962,6978807,8594673,467783,2863319,4115488,3106197,5488476
Democratic Republic of Congo,1963,7154901,8829638,477391,2934982,4219919,3191432,5638206
Democratic Republic of Congo,1964,7338420,9078730,486773,3009122,4329298,3278455,5800275
Democratic Republic of Congo,1965,7534716,9339138,496029,3098387,4436329,3365437,5973701
Democratic Republic of Congo,1966,7780679,9570223,510979,3205827,4574852,3439128,6131095
Democratic Republic of Congo,1967,8032123,9820311,525780,3305652,4726471,3516562,6303749
Democratic Republic of Congo,1968,8286940,10085897,540366,3402960,4883980,3597234,6488663
Democratic Republic of Congo,1969,8539182,10365056,554666,3500535,5038647,3681814,6683242
Democratic Republic of Congo,1970,8784349,10656889,568697,3602490,5181859,3771375,6885514
Democratic Republic of Congo,1971,9069321,10906471,587073,3722741,5346580,3847399,7059072
Democratic Republic of Congo,1972,9342237,11173184,604719,3827441,5514796,3930512,7242672
Democratic Republic of Congo,1973,9608553,11458736,621950,3924524,5684029,4022456,7436280
Democratic Republic of Congo,1974,9876312,11765474,639137,4024852,5851460,4125724,7639750
Democratic Republic of Congo,1975,10150918,12094873,656528,4139475,6011443,4242120,7852753
Democratic Republic of Congo,1976,10480231,12400222,678618,4276271,6203960,4356518,8043704
Democratic Republic of Congo,1977,10810593,12736308,700649,4405342,6405251,4487474,8248834
Democratic Republic of Congo,1978,11138128,13094162,722365,4530946,6607182,4629937,8464225
Democratic Republic of Congo,1979,11454960,13463533,743391,4654974,6799986,4777438,8686095
Democratic Republic of Congo,1980,11754831,13839020,763611,4780430,6974401,4926549,8912471
Democratic Republic of Congo,1981,12097757,14153817,787894,4930427,7167330,5054662,9099155
Democratic Republic of Congo,1982,12424448,14482203,810686,5063071,7361377,5187739,9294464
Democratic Republic of Congo,1983,12743261,14829175,832440,5187317,7555944,5326967,9502208
Democratic Republic of Congo,1984,13066142,15201605,853727,5315756,7750386,5474355,9727250
Democratic Republic of Congo,1985,13403708,15604744,874994,5463323,7940385,5631910,9972834
Democratic Republic of Congo,1986,13806049,15977892,901883,5635509,8170540,5778943,10198949
Democratic Republic of Congo,1987,14206960,16393875,928988,5787697,8419263,5940749,10453126
Democratic Republic of Congo,1988,14626320,16860662,957174,5939587,8686733,6119981,10740681
Democratic Republic of Congo,1989,15090713,17387353,987375,6118734,8971979,6319745,11067608
Democratic Republic of Congo,1990,15618343,17976222,1020016,6351129,9267214,6541253,11434969
Democratic Republic of Congo,1991,16256012,18598522,1060291,6616406,9639606,6776777,11821745
Democratic Republic of Congo,1992,16945766,19296907,1103474,6900310,10045456,7039441,12257466
Democratic Republic of Congo,1993,17653670,20032199,1147726,7194054,10459616,7315242,12716957
Democratic Republic of Congo,1994,18321208,20761590,1190903,7467571,10853637,7588993,13172597
Democratic Republic of Congo,1995,18900798,21462870,1232076,7692582,11208216,7853277,13609593
Democratic Republic of Congo,1996,19489755,22010650,1270139,7941912,11547843,8066206,13944444
Democratic Republic of Congo,1997,19996730,22530660,1302756,8132246,11864484,8270862,14259798
Democratic Republic of Congo,1998,20453641,23054735,1332153,8284456,12169185,8478123,14576612
Democratic Republic of Congo,1999,20918476,23619358,1360833,8444786,12473690,8700434,14918924
Democratic Republic of Congo,2000,21438735,24247251,1390401,8660928,12777807,8946135,15301116
Democratic Republic of Congo,2001,22082703,24877483,1434152,8927312,13155391,9193178,15684305
Democratic Republic of Congo,2002,22771697,25584835,1479224,9207735,13563962,9469064,16115771
Democratic Republic of Congo,2003,23505421,26359017,1525595,9512169,13993252,9769443,16589574
Democratic Republic of Congo,2004,24273020,27188068,1573129,9841552,14431468,10089186,17098882
Democratic Republic of Congo,2005,25066802,28062944,1621730,10199833,14866969,10424971,17637973
Democratic Republic of Congo,2006,25965254,28896834,1680923,10605408,15359846,10745281,18151553
Democratic Republic of Congo,2007,26878237,29798134,1741191,10986314,15891923,11090186,18707948
Democratic Republic of Congo,2008,27812845,30758106,1802657,11355806,16457039,11455671,19302435
Democratic Republic of Congo,2009,28776544,31767410,1865481,11730411,17046133,11837092,19930318
Democratic Republic of Congo,2010,29771405,32821935,1929923,12126623,17644782,12232870,20589065
Democratic Republic of Congo,2011,30864061,33846846,2002690,12558857,18305204,12617585,21229261
Democratic Republic of Congo,2012,31968416,34933582,2076684,12962567,19005849,13023519,21910063
Democratic Republic of Congo,2013,33082485,36082254,2151294,13347831,19734654,13452050,22630204
Democratic Republic of Congo,2014,34199405,37297867,2225588,13722929,20476476,13906968,23390899
Democratic Republic of Congo,2015,35312603,38584608,2299408,14098809,21213794,14391765,24192843
Democratic Republic of Congo,2016,36490840,39867115,2378198,14494021,21996819,14881000,24986115
Democratic Republic of Congo,2017,37645856,41237793,2456339,14845779,22800077,15405129,25832664
Democratic Republic of Congo,2018,38779336,42690402,2535251,15170387,23608949,15964442,26725960
Democratic Republic of Congo,2019,39893773,44217164,2616636,15488278,24405495,16559674,27657490
Democratic Republic of Congo,2020,40989074,45814261,2701866,15817506,25171568,17191413,28622848
Democratic Republic of Congo,2021,42118566,47420783,2796696,16156023,25962543,17838752,29582031
Democratic Republic of Congo,2022,43225247,49101643,2893489,16491100,26734147,18520861,30580782
Democratic Republic of Congo,2023,44307738,50859292,2993374,16827075,27480663,19234418,31624874
Democratic Republic of Congo,2024,45364856,52697285,3097484,17165682,28199174,19974406,32722879
Democratic Republic of Congo,2025,46398373,54615315,3206870,17511782,28886591,20736013,33879302
Democratic Republic of Congo,2026,47486137,56530764,3326194,17892112,29594025,21491112,35039652
Democratic Republic of Congo,2027,48544276,58532833,3449090,18249652,30294624,22267323,36265510
Democratic Republic of Congo,2028,49579755,60613995,3576578,18592669,30987086,23056214,37557781
Democratic Republic of Congo,2029,50602687,62763622,3709628,18932585,31670102,23846189,38917433
Democratic Republic of Congo,2030,51619316,64974304,3849323,19281711,32337605,24629537,40344767
Democratic Republic of Congo,2031,52704125,67167403,3999156,19666444,33037681,25381380,41786023
Democratic Republic of Congo,2032,53770191,69433701,4153853,20018642,33751549,26128821,43304880
Democratic Republic of Congo,2033,54820915,71767049,4314216,20349463,34471452,26869495,44897554
Democratic Republic of Congo,2034,55858006,74162594,4480933,20671171,35186835,27602025,46560569
Democratic Republic of Congo,2035,56881188,76617040,4655081,20996289,35884899,28326241,48290799
Democratic Republic of Congo,2036,57955561,79061938,4838298,21342460,36613101,29023394,50038544
Democratic Republic of Congo,2037,59006784,81573445,5026627,21661722,37345062,29712855,51860590
Democratic Republic of Congo,2038,60032889,84148459,5221564,21960971,38071918,30399422,53749037
Democratic Republic of Congo,2039,61029387,86785789,5424666,22245719,38783668,31090841,55694948
Democratic Republic of Congo,2040,61992605,89483735,5637660,22522842,39469763,31792128,57691607
Democratic Republic of Congo,2041,62987006,92176074,5859716,22813307,40173699,32487419,59688655
Democratic Republic of Congo,2042,63938500,94937052,6088672,23070999,40867501,33193684,61743368
Democratic Republic of Congo,2043,64848361,97760873,6326642,23304644,41543717,33909457,63851416
Democratic Republic of Congo,2044,65719136,100640494,6575848,23524847,42194289,34631464,66009030
Democratic Republic of Congo,2045,66552002,103570325,6838538,23741368,42810634,35357227,68213098
Democratic Republic of Congo,2046,67401610,106496579,7111454,23965712,43435898,36078323,70418256
Democratic Republic of Congo,2047,68209759,109476004,7393966,24173397,44036362,36802388,72673616
Democratic Republic of Congo,2048,68976218,112505266,7688181,24368588,44607630,37526874,74978392
Democratic Republic of Congo,2049,69701113,115581122,7996054,24554604,45146509,38247688,77333434
Democratic Republic of Congo,2050,70385607,118698776,8319819,24735654,45649953,38961200,79737576
Democratic Republic of Congo,2051,71090410,121799640,8655697,24931978,46158432,39659440,82140200
Democratic Republic of Congo,2052,71753273,124944386,9003111,25109924,46643349,40347978,84596408
Democratic Republic of Congo,2053,72376121,128125674,9364915,25273148,47102973,41023962,87101712
Democratic Republic of Congo,2054,72961924,131334728,9744098,25425666,47536258,41683273,89651455
Democratic Republic of Congo,2055,73513068,134563643,10143733,25572338,47940730,42322759,92240884
Democratic Republic of Congo,2056,74093512,137754395,10555299,25737783,48355729,42938209,94816186
Democratic Republic of Congo,2057,74634581,140969756,10983174,25878427,48756154,43532975,97436781
Democratic Republic of Congo,2058,75140669,144203103,11429330,26001754,49138915,44106251,100096852
Democratic Republic of Congo,2059,75617834,147447533,11894999,26117816,49500018,44656753,102790780
Democratic Republic of Congo,2060,76069896,150696093,12382839,26235310,49834586,45183739,105512354
Democratic Republic of Congo,2061,76551040,153903625,12882395,26367370,50183670,45690540,108213085
Democratic Republic of Congo,2062,77008666,157114300,13398983,26493439,50515227,46171971,110942329
Democratic Republic of Congo,2063,77438736,160321272,13939328,26611910,50826826,46631203,113690069
Democratic Republic of Congo,2064,77834003,163518634,14511504,26717150,51116853,47072557,116446077
Democratic Republic of Congo,2065,78190494,166699127,15122378,26806884,51383610,47498488,119200639
Democratic Republic of Congo,2066,78584302,169805048,15750811,26917799,51666503,47911760,121893288
Democratic Republic of Congo,2067,78930978,172905539,16410229,26991082,51939896,48311406,124594133
Democratic Republic of Congo,2068,79235977,175987224,17106188,27036031,52199946,48696531,127290693
Democratic Republic of Congo,2069,79507925,179033356,17844633,27066915,52441010,49064611,129968745
Democratic Republic of Congo,2070,79750707,182032282,18631217,27094995,52655712,49414473,132617809
Democratic Republic of Congo,2071,80016421,184959846,19435424,27129145,52887276,49761116,135198730
Democratic Republic of Congo,2072,80253428,187846851,20275824,27157339,53096089,50089006,137757845
Democratic Republic of Congo,2073,80457665,190691284,21157118,27179732,53277933,50400772,140290512
Democratic Republic of Congo,2074,80622725,193493504,22084257,27193186,53429539,50699453,142794051
Democratic Republic of Congo,2075,80746154,196250009,23061797,27196580,53549574,50986273,145263736
Democratic Republic of Congo,2076,80899542,198929335,24048070,27216560,53682982,51274911,147654424
Democratic Republic of Congo,2077,81012443,201571877,25070686,27220627,53791816,51550422,150021455
Democratic Republic of Congo,2078,81085908,204172201,26130630,27210136,53875772,51811699,152360502
Democratic Republic of Congo,2079,81122798,206724332,27227102,27187382,53935416,52055988,154668344
Democratic Republic of Congo,2080,81124918,209221624,28361704,27155061,53969857,52281077,156940547
Democratic Republic of Congo,2081,81167332,211645646,29475543,27142449,54024883,52505651,159139995
Democratic Republic of Congo,2082,81171108,214030563,30612313,27107260,54063848,52711849,161318714
Democratic Republic of Congo,2083,81139728,216366747,31777551,27055510,54084218,52897709,163469038
Democratic Republic of Congo,2084,81077852,218643851,32976944,26995232,54082620,53059851,165584000
Democratic Republic of Congo,2085,80988348,220852701,34216480,26933112,54055236,53196132,167656569
Democratic Republic of Congo,2086,80936985,223000013,35422678,26886005,54050980,53331721,169668292
Democratic Republic of Congo,2087,80862304,225091399,36649808,26835996,54026308,53440374,171651025
Democratic Republic of Congo,2088,80761839,227119743,37905912,26782336,53979503,53525330,173594413
Democratic Republic of Congo,2089,80631547,229078419,39199936,26721858,53909689,53590982,175487437
Democratic Republic of Congo,2090,80470092,230959134,40540091,26653341,53816751,53639666,177319468
Democratic Republic of Congo,2091,80359821,232770132,41834779,26609352,53750469,53696523,179073609
Democratic Republic of Congo,2092,80218292,234522952,43154297,26548073,53670219,53737235,180785717
Democratic Republic of Congo,2093,80048824,236206880,44505689,26473348,53575476,53761021,182445859
Democratic Republic of Congo,2094,79856814,237809618,45895587,26391347,53465467,53765473,184044145
Democratic Republic of Congo,2095,79645565,239320579,47331028,26307676,53337889,53748965,185571614
Democratic Republic of Congo,2096,79486648,240769835,48710011,26244455,53242193,53741957,187027878
Democratic Republic of Congo,2097,79309927,242150089,50109544,26173785,53136142,53716069,188434020
Democratic Republic of Congo,2098,79114813,243454180,51536825,26097403,53017410,53672178,189782002
Democratic Republic of Congo,2099,78898048,244677154,52999431,26014457,52883591,53611208,191065946
Democratic Republic of Congo,2100,78656502,245813127,54505615,25923867,52732635,53533661,192279466
Denmark,1950,1122346,2760601,385324,422809,699537,588398,2172203
Denmark,1951,1137930,2774892,396099,413467,724463,585581,2189311
Denmark,1952,1149252,2790266,406664,399518,749734,584920,2205346
Denmark,1953,1160721,2803112,416468,388266,772455,586208,2216904
Denmark,1954,1171460,2814636,425561,380806,790654,590279,2224357
Denmark,1955,1178794,2827656,434328,375061,803733,597999,2229657
Denmark,1956,1175349,2847942,445055,361725,813624,609582,2238360
Denmark,1957,1173429,2867001,454791,358120,815309,623872,2243129
Denmark,1958,1169854,2888068,464412,359872,809982,641288,2246780
Denmark,1959,1163346,2912703,474633,363535,799811,661603,2251100
Denmark,1960,1154794,2940590,485717,367220,787574,684093,2256497
Denmark,1961,1151930,2965485,496612,377315,774615,707623,2257862
Denmark,1962,1146065,2995262,508019,383834,762231,732898,2262364
Denmark,1963,1139226,3027345,519708,387475,751751,757486,2269859
Denmark,1964,1134336,3058005,531288,389984,744352,777781,2280224
Denmark,1965,1132553,3085244,542663,392609,739944,791655,2293589
Denmark,1966,1134788,3105968,555731,396783,738005,800359,2305609
Denmark,1967,1137598,3125668,568486,397062,740536,803225,2322443
Denmark,1968,1141229,3143793,581046,394790,746439,801142,2342651
Denmark,1969,1145106,3160571,593614,391324,753782,795866,2364705
Denmark,1970,1148533,3176361,606347,387710,760823,788704,2387657
Denmark,1971,1149910,3189781,622071,381380,768530,780591,2409190
Denmark,1972,1151666,3201699,637181,376718,774948,769995,2431704
Denmark,1973,1152356,3213165,651727,372869,779487,758904,2454261
Denmark,1974,1149981,3225705,665733,368210,781771,750067,2475638
Denmark,1975,1143502,3240016,679211,361547,781955,745098,2494918
Denmark,1976,1135452,3252261,693554,354266,781186,744012,2508249
Denmark,1977,1123251,3266833,706961,345508,777743,747281,2519552
Denmark,1978,1107324,3283110,719256,335490,771834,753668,2529442
Denmark,1979,1088595,3300080,730032,324710,763885,760942,2539138
Denmark,1980,1067584,3317218,739143,313387,754197,767554,2549664
Denmark,1981,1043703,3333049,748546,300876,742827,774050,2558999
Denmark,1982,1017814,3349793,755742,288615,729199,780127,2569666
Denmark,1983,990951,3367121,761535,277438,713513,785243,2581878
Denmark,1984,964964,3384153,766941,268911,696053,788673,2595480
Denmark,1985,941528,3400178,772537,264207,677321,789833,2610345
Denmark,1986,919572,3414515,780570,260435,659137,789682,2624833
Denmark,1987,903025,3426463,787789,263487,639538,786441,2640022
Denmark,1988,890975,3437469,793997,271454,619521,780524,2656945
Denmark,1989,881931,3449602,798828,281399,600532,772699,2676903
Denmark,1990,875480,3463555,802080,291393,584087,763369,2700186
Denmark,1991,878202,3473180,803526,306901,571301,752939,2720241
Denmark,1992,881783,3486228,803639,318424,563359,741566,2744662
Denmark,1993,887518,3500696,802528,326752,560766,728732,2771964
Denmark,1994,896612,3514399,800323,333208,563404,713871,2800528
Denmark,1995,908899,3526532,797273,338737,570162,696976,2829556
Denmark,1996,924245,3533157,797458,343714,580531,679623,2853534
Denmark,1997,940116,3540539,797056,344895,595221,661288,2879251
Denmark,1998,956376,3547857,796146,343597,612779,642898,2904959
Denmark,1999,972174,3554781,794819,341218,630956,626105,2928676
Denmark,2000,986490,3561336,793368,338606,647884,612165,2949171
Denmark,2001,994343,3566321,797398,331226,663117,602665,2963656
Denmark,2002,1002146,3569843,800812,327518,674628,596118,2973725
Denmark,2003,1008756,3573244,804968,326355,682401,593136,2980108
Denmark,2004,1013190,3578018,811553,326187,687003,594488,2983530
Denmark,2005,1015374,3584794,821534,325847,689527,600391,2984403
Denmark,2006,1014500,3591977,837826,325543,688957,614550,2977427
Denmark,2007,1012245,3601228,856484,326686,685559,632554,2968674
Denmark,2008,1008718,3611606,877471,328037,680681,652036,2959570
Denmark,2009,1003735,3622052,900660,328051,675684,670120,2951932
Denmark,2010,997079,3631900,925865,325865,671214,684989,2946911
Denmark,2011,994341,3637640,950892,325604,668737,701519,2936121
Denmark,2012,985712,3643667,981281,318942,666770,717714,2925953
Denmark,2013,974510,3647018,1016289,308927,665583,732028,2914990
Denmark,2014,964735,3647377,1051802,300089,664646,742882,2904495
Denmark,2015,958156,3646988,1083551,295077,663079,749049,2897939
Denmark,2016,947847,3654158,1109865,284888,662959,747867,2906291
Denmark,2017,945187,3660158,1128206,285454,659733,741023,2919135
Denmark,2018,946489,3666165,1141702,293183,653306,730803,2935362
Denmark,2019,946493,3673523,1155208,302205,644288,720749,2952774
Denmark,2020,943152,3682056,1171592,308657,634495,712876,2969180
Denmark,2021,946570,3685636,1187056,320052,626518,707686,2977950
Denmark,2022,945255,3692567,1204600,325870,619385,705362,2987205
Denmark,2023,941842,3700300,1223873,327575,614267,704467,2995833
Denmark,2024,940639,3705036,1243998,328520,612119,702644,3002392
Denmark,2025,943546,3704842,1264697,330975,612571,698526,3006316
Denmark,2026,950352,3701705,1284155,333424,616928,694800,3006905
Denmark,2027,959952,3695196,1303941,336223,623729,689937,3005259
Denmark,2028,971463,3685666,1324416,339415,632048,683956,3001710
Denmark,2029,982651,3674501,1346246,342094,640557,677225,2997276
Denmark,2030,992176,3662615,1369725,343670,648506,670061,2992554
Denmark,2031,1002078,3650644,1392095,344211,657867,664326,2986318
Denmark,2032,1010557,3638343,1415397,344512,666045,658224,2980119
Denmark,2033,1017419,3626983,1438545,344440,672979,652659,2974324
Denmark,2034,1022788,3618105,1459891,344025,678763,649065,2969040
Denmark,2035,1026735,3612481,1478634,343190,683545,648259,2964222
Denmark,2036,1030853,3610625,1492650,341798,689055,651914,2958711
Denmark,2037,1033477,3612984,1503196,340609,692868,658679,2954305
Denmark,2038,1034577,3618389,1511512,339484,695093,667389,2951000
Denmark,2039,1034231,3625064,1519371,338258,695973,676308,2948756
Denmark,2040,1032580,3631781,1527922,336790,695790,684234,2947547
Denmark,2041,1031825,3638428,1535138,335464,696361,692973,2945455
Denmark,2042,1029880,3645982,1542163,334122,695758,701149,2944833
Denmark,2043,1027045,3655014,1548246,332838,694207,708433,2946581
Denmark,2044,1023629,3666243,1552513,331733,691896,714576,2951667
Denmark,2045,1019789,3679419,1555170,330852,688937,719305,2960114
Denmark,2046,1017903,3695343,1553114,330476,687427,724469,2970874
Denmark,2047,1015871,3713860,1548619,330510,685361,728413,2985447
Denmark,2048,1013639,3732765,1543958,330861,682778,730898,3001867
Denmark,2049,1011240,3749639,1541494,331443,679797,731930,3017709
Denmark,2050,1008858,3763134,1542410,332230,676628,731586,3031548
Denmark,2051,1009406,3775279,1541791,333902,675504,731808,3043471
Denmark,2052,1010027,3785055,1543534,335684,674343,731084,3053971
Denmark,2053,1010843,3792111,1547860,337543,673300,729427,3062684
Denmark,2054,1011851,3795908,1555300,339397,672454,726924,3068984
Denmark,2055,1012970,3795885,1566474,341171,671799,723607,3072278
Denmark,2056,1016912,3793479,1577239,343623,673289,721279,3072200
Denmark,2057,1020770,3788430,1590776,345654,675116,718748,3069682
Denmark,2058,1024540,3781452,1606397,347317,677223,715944,3065508
Denmark,2059,1028147,3773869,1622928,348675,679472,712879,3060990
Denmark,2060,1031430,3766420,1639797,349741,681689,709559,3056861
Denmark,2061,1036474,3760682,1653354,350832,685642,707712,3052970
Denmark,2062,1041130,3756437,1665948,351652,689478,706185,3050252
Denmark,2063,1045266,3753452,1677919,352201,693065,704910,3048542
Denmark,2064,1048625,3751207,1690016,352416,696209,703863,3047344
Denmark,2065,1050951,3748987,1703177,352201,698750,702950,3046037
Denmark,2066,1054417,3749705,1712296,351840,702577,703946,3045759
Denmark,2067,1057020,3752241,1720464,351403,705617,705544,3046697
Denmark,2068,1058559,3755243,1729211,350801,707758,707434,3047809
Denmark,2069,1058940,3757183,1740113,349968,708972,709333,3047850
Denmark,2070,1058164,3757221,1753970,348837,709327,711051,3046170
Denmark,2071,1058705,3759064,1764573,347836,710869,714423,3044641
Denmark,2072,1058311,3759882,1776954,346888,711423,717953,3041929
Denmark,2073,1057025,3760454,1790265,345955,711070,721346,3039108
Denmark,2074,1054900,3761805,1803365,345002,709898,724241,3037564
Denmark,2075,1051924,3764116,1816039,343953,707971,726312,3037804
Denmark,2076,1050936,3771717,1821100,343439,707497,729522,3042195
Denmark,2077,1049385,3781120,1824551,343050,706335,732244,3048876
Denmark,2078,1047208,3790714,1828031,342705,704503,734188,3056526
Denmark,2079,1044449,3798676,1833260,342351,702098,735171,3063505
Denmark,2080,1041237,3803932,1841184,341969,699268,735100,3068832
Denmark,2081,1040618,3811803,1843396,342375,698243,735989,3075814
Denmark,2082,1039690,3818050,1847061,342743,696947,736181,3081869
Denmark,2083,1038543,3822451,1852285,343076,695467,735602,3086849
Denmark,2084,1037172,3824693,1859373,343354,693818,734221,3090472
Denmark,2085,1035483,3824173,1869028,343533,691950,731957,3092216
Denmark,2086,1036239,3825681,1873710,344354,691885,730686,3094995
Denmark,2087,1036886,3825897,1879310,345050,691836,729051,3096846
Denmark,2088,1037394,3824623,1886179,345618,691776,727003,3097620
Denmark,2089,1037603,3821440,1895021,346020,691583,724507,3096933
Denmark,2090,1037251,3815601,1906949,346174,691077,721464,3094137
Denmark,2091,1039102,3812978,1913394,346783,692319,719835,3093143
Denmark,2092,1040745,3809883,1920457,347261,693484,718268,3091615
Denmark,2093,1041914,3805566,1929165,347523,694391,716576,3088990
Denmark,2094,1042357,3799460,1940308,347482,694875,714631,3084829
Denmark,2095,1041903,3791214,1954419,347078,694825,712354,3078860
Denmark,2096,1043440,3787735,1961719,347043,696397,711787,3075948
Denmark,2097,1044371,3783997,1969865,346809,697562,711395,3072602
Denmark,2098,1044569,3779656,1979395,346328,698241,711007,3068649
Denmark,2099,1043919,3774424,1990803,345542,698377,710483,3063941
Denmark,2100,1042274,3767962,2004683,344358,697916,709691,3058271
Djibouti,1950,29017,31757,1227,12193,16824,11947,19810
Djibouti,1951,29458,32570,1278,12095,17363,12242,20328
Djibouti,1952,29678,33729,1343,11572,18106,12664,21065
Djibouti,1953,29974,34892,1403,11126,18848,13090,21802
Djibouti,1954,30433,35981,1458,10940,19493,13486,22495
Djibouti,1955,31009,37069,1511,11038,19971,13879,23190
Djibouti,1956,31508,38406,1583,10889,20619,14372,24034
Djibouti,1957,32345,39703,1654,11295,21050,14840,24863
Djibouti,1958,33428,41194,1731,12077,21351,15379,25815
Djibouti,1959,34713,43076,1823,13095,21618,16088,26988
Djibouti,1960,36263,45437,1936,14301,21962,17005,28432
Djibouti,1961,38500,47953,2045,15866,22634,18033,29920
Djibouti,1962,40878,51144,2182,17268,23610,19345,31799
Djibouti,1963,43482,54803,2343,18605,24877,20825,33978
Djibouti,1964,46432,58626,2525,20015,26417,22301,36325
Djibouti,1965,49769,62470,2724,21614,28155,23670,38800
Djibouti,1966,53735,66224,2907,23399,30336,24944,41280
Djibouti,1967,58072,70217,3108,25182,32890,26215,44002
Djibouti,1968,62725,74401,3336,27007,35718,27470,46931
Djibouti,1969,67554,78754,3579,28879,38675,28717,50037
Djibouti,1970,72492,83322,3845,30832,41660,29987,53335
Djibouti,1971,77627,87673,4072,32754,44873,31176,56497
Djibouti,1972,82689,92222,4313,34545,48144,32379,59843
Djibouti,1973,88354,97601,4613,36584,51770,33888,63713
Djibouti,1974,95630,104557,4994,39502,56128,36061,68496
Djibouti,1975,105219,113475,5489,43810,61409,39101,74374
Djibouti,1976,117705,124906,5945,48256,69449,44141,80765
Djibouti,1977,131957,138999,6523,53944,78013,50702,88297
Djibouti,1978,146366,154477,7165,60078,86288,58293,96184
Djibouti,1979,158523,169744,7818,65079,93444,66049,103695
Djibouti,1980,166794,183719,8447,67688,99106,73209,110510
Djibouti,1981,173867,192156,8914,71046,102821,76924,115232
Djibouti,1982,177287,198694,9290,71382,105905,79618,119076
Djibouti,1983,179254,204886,9662,70107,109147,81906,122980
Djibouti,1984,183300,212605,10112,69953,113347,84551,128054
Djibouti,1985,191924,222986,10703,73169,118755,88015,134971
Djibouti,1986,204086,238815,11460,76860,127226,93317,145498
Djibouti,1987,220972,256991,12367,84529,136443,99224,157767
Djibouti,1988,239802,275840,13357,94506,145296,105226,170614
Djibouti,1989,255859,293663,14342,103074,152785,110906,182757
Djibouti,1990,265745,309379,15274,107065,158680,116016,193363
Djibouti,1991,273487,317443,15914,111913,161574,118554,198889
Djibouti,1992,275118,323528,16408,111415,163703,120637,202891
Djibouti,1993,272960,328719,16816,107074,165886,122552,206167
Djibouti,1994,271044,334104,17218,102284,168760,124490,209614
Djibouti,1995,272095,340625,17668,99837,172258,126671,213954
Djibouti,1996,274213,351107,18362,96752,177461,130400,220707
Djibouti,1997,279206,362629,19118,96605,182601,134261,228368
Djibouti,1998,285688,374999,19925,98712,186976,138247,236752
Djibouti,1999,291141,388206,20752,101174,189967,142462,245744
Djibouti,2000,294035,401966,21583,102510,191525,146866,255100
Djibouti,2001,297310,412970,22431,104539,192771,150237,262733
Djibouti,2002,298362,424589,23270,105119,193243,153928,270661
Djibouti,2003,297852,436652,24111,104525,193327,157886,278766
Djibouti,2004,297040,448745,24967,103573,193467,161967,286778
Djibouti,2005,296658,460740,25856,102907,193751,166108,294632
Djibouti,2006,296578,472811,26819,102432,194146,170225,302586
Djibouti,2007,296486,485112,27804,101551,194935,174462,310650
Djibouti,2008,296468,497627,28839,100564,195904,178546,319081
Djibouti,2009,296488,510405,29947,99754,196734,182093,328312
Djibouti,2010,296540,523461,31145,99366,197174,184885,338576
Djibouti,2011,296421,537024,32492,98846,197575,187111,349913
Djibouti,2012,296641,550632,33912,99067,197574,188427,362205
Djibouti,2013,296977,564353,35358,99789,197188,189139,375214
Djibouti,2014,297095,578330,36739,100572,196523,189770,388560
Djibouti,2015,296842,592545,38027,101123,195719,190608,401937
Djibouti,2016,297479,605638,39216,102282,195197,191372,414266
Djibouti,2017,297495,619174,40316,102624,194871,192443,426731
Djibouti,2018,297173,632817,41418,102404,194769,193606,439211
Djibouti,2019,296937,646118,42635,102070,194867,194492,451626
Djibouti,2020,297005,658854,44040,101966,195039,194908,463946
Djibouti,2021,297561,670813,45651,101864,195697,195059,475754
Djibouti,2022,298343,682302,47386,101898,196445,194865,487437
Djibouti,2023,299213,693403,49264,102045,197168,194437,498966
Djibouti,2024,299883,704364,51305,102144,197739,193969,510395
Djibouti,2025,300202,715280,53527,102095,198107,193577,521703
Djibouti,2026,300836,725469,55943,102131,198705,193278,532191
Djibouti,2027,301092,735676,58494,101947,199145,193063,542613
Djibouti,2028,300995,745887,61139,101579,199416,192970,552917
Djibouti,2029,300651,756046,63814,101116,199535,193026,563020
Djibouti,2030,300109,766114,66487,100623,199486,193246,572868
Djibouti,2031,299858,775557,69194,100191,199667,193715,581842
Djibouti,2032,299328,784998,71877,99635,199693,194402,590596
Djibouti,2033,298529,794381,74552,98995,199534,195198,599183
Djibouti,2034,297460,803701,77240,98298,199162,195953,607748
Djibouti,2035,296138,812902,79961,97580,198558,196551,616351
Djibouti,2036,295081,821458,82717,96933,198148,197122,624336
Djibouti,2037,293768,829980,85422,96234,197534,197559,632421
Djibouti,2038,292211,838332,88196,95499,196712,197867,640465
Djibouti,2039,290450,846321,91196,94758,195692,198071,648250
Djibouti,2040,288516,853822,94512,94030,194486,198176,655646
Djibouti,2041,286963,860293,98145,93450,193513,198289,662004
Djibouti,2042,285227,866342,102045,92828,192399,198307,668035
Djibouti,2043,283351,872079,106061,92192,191159,198205,673874
Djibouti,2044,281367,877694,109975,91565,189802,197946,679748
Djibouti,2045,279319,883254,113695,90975,188344,197507,685747
Djibouti,2046,277757,888151,117271,90571,187186,197031,691120
Djibouti,2047,276109,893109,120548,90119,185990,196412,696697
Djibouti,2048,274399,897803,123836,89644,184755,195648,702155
Djibouti,2049,272646,901798,127534,89166,183480,194748,707050
Djibouti,2050,270874,904853,131888,88710,182164,193709,711144
Djibouti,2051,269595,906417,136907,88418,181177,192674,713743
Djibouti,2052,268260,907270,142372,88057,180203,191549,715721
Djibouti,2053,266877,907627,148059,87651,179226,190342,717285
Djibouti,2054,265460,907828,153616,87227,178233,189077,718751
Djibouti,2055,264005,908043,158858,86806,177199,187764,720279
Djibouti,2056,262977,907677,163938,86499,176478,186553,721124
Djibouti,2057,261883,907433,168616,86137,175746,185336,722097
Djibouti,2058,260717,907226,173008,85730,174987,184123,723103
Djibouti,2059,259474,906894,177262,85290,174184,182919,723975
Djibouti,2060,258142,906351,181467,84824,173318,181723,724628
Djibouti,2061,257154,905083,185707,84439,172715,180682,724401
Djibouti,2062,256044,903834,189713,83982,172062,179685,724149
Djibouti,2063,254819,902563,193512,83472,171347,178730,723833
Djibouti,2064,253503,901246,197132,82941,170562,177795,723451
Djibouti,2065,252100,899842,200594,82409,169691,176869,722973
Djibouti,2066,250959,897783,204138,81932,169027,176075,721708
Djibouti,2067,249733,895784,207410,81452,168281,175313,720471
Djibouti,2068,248415,893861,210388,80969,167446,174569,719292
Djibouti,2069,246996,892084,213045,80471,166525,173826,718258
Djibouti,2070,245483,890454,215359,79954,165529,173067,717387
Djibouti,2071,244215,888224,217760,79512,164703,172377,715847
Djibouti,2072,242841,886297,219709,79019,163822,171694,714603
Djibouti,2073,241382,884541,221332,78494,162888,170998,713543
Djibouti,2074,239880,882791,222784,77975,161905,170275,712516
Djibouti,2075,238362,880918,224173,77489,160873,169500,711418
Djibouti,2076,237052,878111,226118,77060,159992,168740,709371
Djibouti,2077,235739,875354,227846,76663,159076,167951,707403
Djibouti,2078,234423,872627,229397,76296,158127,167131,705496
Djibouti,2079,233081,869943,230794,75935,157146,166278,703665
Djibouti,2080,231723,867307,232056,75576,156147,165396,701911
Djibouti,2081,230571,863636,234044,75292,155279,164487,699149
Djibouti,2082,229386,860167,235763,74962,154424,163575,696592
Djibouti,2083,228190,856850,237270,74606,153584,162656,694194
Djibouti,2084,227011,853620,238613,74250,152761,161726,691894
Djibouti,2085,225858,850422,239842,73916,151942,160779,689643
Djibouti,2086,224846,846201,241917,73609,151237,159815,686386
Djibouti,2087,223852,842186,243734,73300,150552,158863,683323
Djibouti,2088,222870,838329,245336,72994,149876,157921,680408
Djibouti,2089,221882,834607,246768,72684,149198,156993,677614
Djibouti,2090,220873,830999,248046,72369,148504,156075,674924
Djibouti,2091,219979,826520,250027,72077,147902,155170,671350
Djibouti,2092,219061,822301,251718,71764,147297,154300,668001
Djibouti,2093,218122,818305,253160,71440,146682,153461,664844
Djibouti,2094,217165,814503,254376,71112,146053,152655,661848
Djibouti,2095,216188,810862,255413,70782,145406,151876,658986
Djibouti,2096,215307,806507,257030,70468,144839,151124,655383
Djibouti,2097,214403,802450,258328,70148,144255,150419,652031
Djibouti,2098,213476,798633,259350,69823,143653,149747,648886
Djibouti,2099,212517,795013,260144,69491,143026,149090,645923
Djibouti,2100,211520,791549,260744,69152,142368,148435,643114
Dominican Republic,1950,1072870,1226880,64904,439444,633426,473725,753155
Dominican Republic,1951,1110235,1261615,66555,466133,644102,486330,775285
Dominican Republic,1952,1149774,1299288,68197,491257,658517,499383,799905
Dominican Republic,1953,1191836,1339133,69829,514716,677120,512244,826889
Dominican Republic,1954,1237229,1380030,71439,537419,699810,524106,855924
Dominican Republic,1955,1286402,1421234,73016,561134,725268,534745,886489
Dominican Republic,1956,1343450,1457604,75374,589294,754156,542922,914682
Dominican Republic,1957,1401972,1496079,77756,612537,789435,550673,945406
Dominican Republic,1958,1462467,1536027,80135,632712,829755,558189,977838
Dominican Republic,1959,1524649,1577601,82507,651645,873004,566288,1011313
Dominican Republic,1960,1587747,1621417,84878,671043,916704,575993,1045424
Dominican Republic,1961,1652220,1666082,87997,690260,961960,587388,1078694
Dominican Republic,1962,1716677,1713507,91094,707993,1008684,600266,1113241
Dominican Republic,1963,1780347,1764077,94204,724599,1055748,615537,1148540
Dominican Republic,1964,1841919,1818677,97360,739982,1101937,634680,1183997
Dominican Republic,1965,1900376,1877963,100609,754257,1146119,658799,1219164
Dominican Republic,1966,1956823,1940051,104501,768244,1188579,687504,1252547
Dominican Republic,1967,2009657,2007012,108440,779694,1229963,720612,1286400
Dominican Republic,1968,2059190,2078391,112444,789251,1269939,757242,1321149
Dominican Republic,1969,2105937,2153579,116538,797930,1308007,796179,1357400
Dominican Republic,1970,2150043,2232318,120753,806683,1343360,836795,1395523
Dominican Republic,1971,2192252,2313203,125659,816014,1376238,878934,1434269
Dominican Republic,1972,2231815,2397509,130610,824456,1407359,922165,1475344
Dominican Republic,1973,2268964,2484806,135666,832313,1436651,965695,1519111
Dominican Republic,1974,2303802,2574795,140876,839699,1464103,1008718,1566077
Dominican Republic,1975,2336370,2667269,146296,846890,1489480,1050901,1616368
Dominican Republic,1976,2367820,2760477,152426,855457,1512363,1091830,1668647
Dominican Republic,1977,2397068,2856103,158694,862486,1534582,1131436,1724667
Dominican Republic,1978,2424973,2953418,165126,868843,1556130,1169449,1783969
Dominican Republic,1979,2452745,3051436,171750,875912,1576833,1205526,1845910
Dominican Republic,1980,2481099,3149592,178578,884728,1596371,1239606,1909986
Dominican Republic,1981,2508989,3247793,186809,894741,1614248,1271121,1976672
Dominican Republic,1982,2538926,3344782,195112,907463,1631463,1299915,2044867
Dominican Republic,1983,2570222,3441034,203601,921770,1648452,1326518,2114516
Dominican Republic,1984,2601526,3537614,212432,935573,1665953,1351764,2185850
Dominican Republic,1985,2631973,3635168,221715,947445,1684528,1376309,2258859
Dominican Republic,1986,2662551,3731045,232946,961232,1701319,1398010,2333035
Dominican Republic,1987,2691314,3828717,244593,970219,1721095,1419100,2409617
Dominican Republic,1988,2719392,3927273,256651,975901,1743491,1439628,2487645
Dominican Republic,1989,2748655,4025219,269063,981121,1767534,1459419,2565800
Dominican Republic,1990,2779835,4121987,281825,987914,1791921,1478668,2643319
Dominican Republic,1991,2807912,4221477,296233,993170,1814742,1497459,2724018
Dominican Republic,1992,2839168,4318651,310732,1002082,1837086,1514963,2803688
Dominican Republic,1993,2871382,4414628,325455,1012865,1858517,1532169,2882459
Dominican Republic,1994,2900941,4511483,340628,1021939,1879002,1550451,2961032
Dominican Republic,1995,2925666,4610347,356410,1026806,1898860,1570666,3039681
Dominican Republic,1996,2947445,4709242,372426,1032126,1915319,1590687,3118555
Dominican Republic,1997,2963147,4811531,388794,1030842,1932305,1612652,3198879
Dominican Republic,1998,2974920,4915963,405492,1025415,1949505,1636125,3279838
Dominican Republic,1999,2986797,5019913,422402,1020636,1966161,1660036,3359877
Dominican Republic,2000,3001053,5122072,439497,1019829,1981224,1683834,3438238
Dominican Republic,2001,3010487,5229439,457200,1016464,1994023,1708046,3521393
Dominican Republic,2002,3025270,5332311,474704,1022131,2003139,1730843,3601468
Dominican Republic,2003,3042641,5433219,491900,1033714,2008927,1752826,3680393
Dominican Republic,2004,3058259,5536130,508609,1045550,2012709,1774824,3761306
Dominican Republic,2005,3070054,5642724,524788,1053691,2016363,1797100,3845624
Dominican Republic,2006,3082761,5748621,539956,1065649,2017112,1815480,3933141
Dominican Republic,2007,3090525,5859133,554695,1070143,2020382,1834060,4025073
Dominican Republic,2008,3095605,5971451,569464,1069113,2026492,1852092,4119359
Dominican Republic,2009,3101924,6081029,584805,1066702,2035222,1868265,4212764
Dominican Republic,2010,3111211,6185612,601162,1065810,2045401,1882035,4303577
Dominican Republic,2011,3117516,6290819,618760,1062776,2054740,1892568,4398251
Dominican Republic,2012,3127304,6390543,637103,1062274,2065030,1900212,4490331
Dominican Republic,2013,3138649,6486104,656543,1063448,2075201,1906026,4580078
Dominican Republic,2014,3148224,6580083,677537,1063975,2084249,1911593,4668490
Dominican Republic,2015,3154185,6673789,700420,1062224,2091961,1917906,4755883
Dominican Republic,2016,3155803,6767761,725227,1059528,2096275,1922681,4845080
Dominican Republic,2017,3154582,6860824,751592,1055374,2099208,1927510,4933314
Dominican Republic,2018,3150748,6952583,779665,1049889,2100859,1933098,5019485
Dominican Republic,2019,3145451,7041795,809528,1043917,2101534,1940078,5101717
Dominican Republic,2020,3139332,7127700,841326,1037942,2101390,1948806,5178894
Dominican Republic,2021,3129354,7213688,874614,1030963,2098391,1957836,5255852
Dominican Republic,2022,3119281,7296057,909276,1025104,2094177,1968098,5327959
Dominican Republic,2023,3108624,7375268,945383,1019923,2088701,1978961,5396307
Dominican Republic,2024,3096797,7451941,982987,1014662,2082135,1989198,5462743
Dominican Republic,2025,3083592,7526269,1022133,1008767,2074825,1997989,5528280
Dominican Republic,2026,3068091,7600389,1061622,1003049,2065042,2003997,5596392
Dominican Republic,2027,3051897,7671992,1102080,997027,2054870,2008015,5663977
Dominican Republic,2028,3035048,7740936,1143454,990646,2044402,2010370,5730566
Dominican Republic,2029,3017845,7806821,1185601,984042,2033803,2011488,5795333
Dominican Republic,2030,3000447,7869352,1228521,977282,2023165,2011656,5857696
Dominican Republic,2031,2981495,7931484,1270494,970619,2010876,2009556,5921928
Dominican Republic,2032,2962879,7990226,1312645,964015,1998864,2005895,5984331
Dominican Republic,2033,2944421,8045706,1355172,957378,1987043,2000999,6044707
Dominican Republic,2034,2925903,8098075,1398326,950560,1975343,1995151,6102924
Dominican Republic,2035,2907171,8147360,1442366,943418,1963753,1988578,6158782
Dominican Republic,2036,2887025,8197403,1484682,936162,1950863,1980733,6216670
Dominican Republic,2037,2867174,8244277,1527373,928999,1938175,1971744,6272533
Dominican Republic,2038,2847325,8287867,1570646,921782,1925543,1962020,6325847
Dominican Republic,2039,2827267,8328097,1614516,914378,1912889,1951985,6376112
Dominican Republic,2040,2806890,8364883,1658958,906656,1900234,1941958,6422925
Dominican Republic,2041,2785096,8401991,1701269,898853,1886243,1931172,6470819
Dominican Republic,2042,2763528,8435577,1743652,891235,1872293,1920017,6515560
Dominican Republic,2043,2741989,8465327,1786638,883663,1858326,1908720,6556607
Dominican Republic,2044,2720349,8490600,1831000,875990,1844359,1897352,6593248
Dominican Republic,2045,2698515,8510933,1877314,868062,1830453,1885973,6624960
Dominican Republic,2046,2675335,8530384,1922660,860111,1815224,1873893,6656491
Dominican Republic,2047,2652574,8545063,1969218,852449,1800125,1861451,6683612
Dominican Republic,2048,2630043,8555363,2016889,844921,1785122,1848852,6706511
Dominican Republic,2049,2607633,8561813,2065431,837371,1770262,1836212,6725601
Dominican Republic,2050,2585266,8564632,2114843,829634,1755632,1823609,6741023
Dominican Republic,2051,2561824,8568386,2161745,821916,1739908,1810706,6757680
Dominican Republic,2052,2538992,8569028,2208518,814506,1724486,1797445,6771583
Dominican Republic,2053,2516562,8566230,2255731,807257,1709305,1784008,6782222
Dominican Republic,2054,2494417,8559396,2304123,800043,1694374,1770495,6788901
Dominican Republic,2055,2472455,8548092,2354233,792719,1679736,1756971,6791121
Dominican Republic,2056,2449689,8537438,2401981,785468,1664221,1743283,6794155
Dominican Republic,2057,2427680,8522877,2450419,778605,1649075,1729228,6793649
Dominican Republic,2058,2406206,8505048,2499197,771965,1634241,1715003,6790045
Dominican Republic,2059,2385103,8484922,2547590,765373,1619730,1700744,6784178
Dominican Republic,2060,2364249,8462948,2595327,758661,1605588,1686558,6776390
Dominican Republic,2061,2342909,8444465,2637849,752107,1590802,1672451,6772014
Dominican Republic,2062,2322310,8424686,2678761,745844,1576466,1658096,6766590
Dominican Republic,2063,2302244,8402589,2719289,739732,1562512,1643654,6758935
Dominican Republic,2064,2282581,8376707,2761064,733649,1548932,1629241,6747466
Dominican Republic,2065,2263220,8346104,2805131,727469,1535751,1614960,6731144
Dominican Republic,2066,2243592,8317063,2845807,721451,1522141,1601023,6716040
Dominican Republic,2067,2224706,8284089,2887611,715744,1508962,1586908,6697181
Dominican Republic,2068,2206337,8247390,2930578,710188,1496149,1572786,6674604
Dominican Republic,2069,2188268,8207367,2974533,704585,1483683,1558776,6648591
Dominican Republic,2070,2170330,8164221,3019453,698755,1471575,1544975,6619246
Dominican Republic,2071,2152260,8124402,3059192,693097,1459163,1531742,6592660
Dominican Republic,2072,2134665,8082094,3098969,687534,1447131,1518430,6563664
Dominican Republic,2073,2117381,8037137,3139159,681983,1435398,1505175,6531962
Dominican Republic,2074,2100325,7989343,3180059,676402,1423923,1492066,6497277
Dominican Republic,2075,2083421,7938634,3221859,670721,1412700,1479183,6459451
Dominican Republic,2076,2066314,7892136,3257831,665104,1401210,1467043,6425093
Dominican Republic,2077,2049810,7843498,3293557,659888,1389922,1454841,6388657
Dominican Republic,2078,2033678,7792884,3329111,654890,1378788,1442718,6350166
Dominican Republic,2079,2017660,7740411,3364648,649873,1367787,1430750,6309661
Dominican Republic,2080,2001560,7685960,3400529,644618,1356942,1418958,6267002
Dominican Republic,2081,1985580,7636981,3429110,639620,1345960,1407998,6228983
Dominican Republic,2082,1969921,7586963,3456766,634732,1335189,1396984,6189979
Dominican Republic,2083,1954413,7535533,3484101,629852,1324561,1385967,6149566
Dominican Republic,2084,1939002,7482289,3511617,624924,1314078,1374947,6107342
Dominican Republic,2085,1923639,7426996,3539672,619882,1303757,1363943,6063053
Dominican Republic,2086,1908550,7377717,3560031,615075,1293475,1353787,6023930
Dominican Republic,2087,1893913,7327297,3579712,610533,1283380,1343438,5983859
Dominican Republic,2088,1879560,7275624,3599057,606132,1273428,1332995,5942629
Dominican Republic,2089,1865295,7222430,3618597,601708,1263587,1322509,5899921
Dominican Republic,2090,1850949,7167298,3638973,597104,1253845,1311982,5855316
Dominican Republic,2091,1837130,7118753,3651107,592837,1244293,1302405,5816348
Dominican Republic,2092,1823625,7069235,3662832,588718,1234907,1292614,5776621
Dominican Republic,2093,1810227,7018280,3674876,584623,1225604,1282665,5735615
Dominican Republic,2094,1796829,6965581,3687708,580461,1216368,1272612,5692969
Dominican Republic,2095,1783384,6911076,3701502,576145,1207239,1262538,5648538
Dominican Republic,2096,1770644,6863571,3706752,572184,1198460,1253550,5610021
Dominican Republic,2097,1758132,6814902,3712165,568341,1189791,1244344,5570558
Dominican Republic,2098,1745737,6765088,3717886,564517,1181220,1235032,5530056
Dominican Republic,2099,1733371,6714150,3724056,560613,1172758,1225683,5488467
Dominican Republic,2100,1720930,6661878,3731052,556533,1164397,1216322,5445556
Eastern Africa,1950,28703511,36055085,1999658,11939678,16763833,12741021,23314064
Eastern Africa,1951,29500074,36665993,2042289,12324337,17175737,12952317,23713676
Eastern Africa,1952,30272113,37359698,2079709,12635151,17636962,13186864,24172834
Eastern Africa,1953,31037426,38123499,2111493,12916937,18120489,13439531,24683968
Eastern Africa,1954,31804054,38954146,2137538,13208380,18595674,13709699,25244447
Eastern Africa,1955,32575224,39852676,2157906,13550719,19024505,14000617,25852059
Eastern Africa,1956,33559852,40576693,2210436,13978053,19581799,14226836,26349857
Eastern Africa,1957,34521672,41402774,2258939,14345522,20176150,14488543,26914231
Eastern Africa,1958,35474022,42321593,2303352,14688812,20785210,14787029,27534564
Eastern Africa,1959,36429493,43324664,2343341,15049261,21380232,15126088,28198576
Eastern Africa,1960,37396967,44406612,2378890,15472381,21924586,15509543,28897069
Eastern Africa,1961,38594447,45317173,2445314,15992950,22601497,15843233,29473940
Eastern Africa,1962,39776992,46338912,2507720,16464733,23312259,16237045,30101867
Eastern Africa,1963,40955714,47461042,2567893,16919347,24036367,16683762,30777280
Eastern Africa,1964,42138468,48674945,2628338,17386520,24751948,17174783,31500162
Eastern Africa,1965,43329897,49976361,2690395,17901649,25428248,17706551,32269810
Eastern Africa,1966,44755183,51117475,2780493,18518467,26236716,18187963,32929512
Eastern Africa,1967,46150966,52391202,2871198,19052638,27098328,18727671,33663531
Eastern Africa,1968,47534855,53779216,2961220,19548809,27986046,19315353,34463863
Eastern Africa,1969,48926310,55260439,3048488,20061976,28864334,19938232,35322207
Eastern Africa,1970,50336340,56823524,3132206,20646945,29689395,20590352,36233172
Eastern Africa,1971,51983960,58219506,3241740,21336788,30647172,21180049,37039457
Eastern Africa,1972,53629356,59723853,3346805,21993245,31636111,21809496,37914357
Eastern Africa,1973,55283392,61336970,3448075,22646540,32636852,22478721,38858249
Eastern Africa,1974,56953920,63065901,3546183,23324341,33629579,23190931,39874970
Eastern Africa,1975,58649487,64913182,3641601,24063570,34585917,23948929,40964253
Eastern Africa,1976,60534947,66680456,3774669,24924160,35610787,24647882,42032574
Eastern Africa,1977,62429657,68583973,3908650,25719800,36709857,25385983,43197990
Eastern Africa,1978,64354008,70595638,4044660,26487447,37866561,26149759,44445879
Eastern Africa,1979,66319686,72693290,4182488,27265752,39053934,26928073,45765217
Eastern Africa,1980,68324895,74872647,4321348,28092605,40232290,27720456,47152191
Eastern Africa,1981,70646763,76861789,4443886,29002041,41644722,28508741,48353048
Eastern Africa,1982,72939110,79001198,4559587,29832116,43106994,29356079,49645119
Eastern Africa,1983,75217434,81299277,4671826,30624496,44592938,30270337,51028940
Eastern Africa,1984,77505324,83766362,4784279,31436043,46069281,31261183,52505179
Eastern Africa,1985,79821208,86403089,4898783,32330845,47490363,32332863,54070226
Eastern Africa,1986,82476727,88872533,5072301,33369098,49107629,33357831,55514702
Eastern Africa,1987,85130821,91550981,5247385,34349877,50780944,34483293,57067688
Eastern Africa,1988,87742763,94386073,5420584,35286317,52456446,35685565,58700508
Eastern Africa,1989,90234874,97326875,5588272,36157123,54077751,36937963,60388912
Eastern Africa,1990,92545720,100350936,5749281,36952995,55592725,38227777,62123159
Eastern Africa,1991,95047767,103019642,5923097,37858631,57189136,39353284,63666358
Eastern Africa,1992,97351065,105804543,6083768,38536818,58814247,40512388,65292155
Eastern Africa,1993,99550411,108748375,6237056,39097049,60453362,41717304,67031071
Eastern Africa,1994,101795673,111894594,6391344,39723919,62071754,42989188,68905406
Eastern Africa,1995,104198559,115270236,6552239,40596688,63601871,44351765,70918471
Eastern Africa,1996,107152863,118483998,6776583,41732000,65420863,45799270,72684728
Eastern Africa,1997,110238139,121969021,7008558,42968351,67269788,47372408,74596613
Eastern Africa,1998,113426312,125677708,7241969,44307626,69118686,49039884,76637824
Eastern Africa,1999,116630242,129579909,7465365,45674224,70956018,50773950,78805959
Eastern Africa,2000,119782583,133660349,7670958,47011911,72770672,52558268,81102081
Eastern Africa,2001,123213435,137528273,7896904,48542212,74671223,54171405,83356868
Eastern Africa,2002,126539825,141643060,8108626,49794755,76745070,55855761,85787299
Eastern Africa,2003,129835407,145974671,8312715,50862596,78972811,57585769,88388902
Eastern Africa,2004,133204874,150485330,8517288,51901114,81303760,59331156,91154174
Eastern Africa,2005,136699617,155172001,8728088,53046856,83652761,61088262,94083739
Eastern Africa,2006,140374780,159924420,9013854,54227585,86147195,62718281,97206139
Eastern Africa,2007,144121907,164902439,9304686,55400008,88721899,64391730,100510709
Eastern Africa,2008,147900529,170128351,9602152,56585244,91315285,66143494,103984857
Eastern Africa,2009,151642815,175639807,9908421,57771655,93871160,68024972,107614835
Eastern Africa,2010,155313096,181448343,10226059,58965303,96347793,70064557,111383786
Eastern Africa,2011,159030926,187419447,10565190,60209615,98821311,72112656,115306791
Eastern Africa,2012,162665272,193700754,10913138,61363585,101301687,74294366,119406388
Eastern Africa,2013,166233058,200271108,11271277,62461703,103771355,76592820,123678288
Eastern Africa,2014,169766108,207096524,11640084,63553974,106212134,78978556,128117968
Eastern Africa,2015,173280853,214155822,12021351,64685579,108595274,81431278,132724544
Eastern Africa,2016,176895956,221306108,12435923,65869707,111026249,83869196,137436912
Eastern Africa,2017,180463895,228714943,12857405,67009121,113454774,86375202,142339741
Eastern Africa,2018,183984914,236368144,13290074,68124833,115860081,88926199,147441945
Eastern Africa,2019,187455501,244253077,13738709,69234285,118221216,91491456,152761621
Eastern Africa,2020,190875354,252356663,14207663,70361256,120514098,94049637,158307026
Eastern Africa,2021,194450002,260447092,14716745,71569790,122880212,96524562,163922530
Eastern Africa,2022,197954192,268774264,15239475,72709266,125244926,98991432,169782832
Eastern Africa,2023,201398675,277327156,15777528,73805151,127593524,101452034,175875122
Eastern Africa,2024,204797440,286095455,16330976,74887264,129910176,103912885,182182570
Eastern Africa,2025,208159059,295069744,16902473,75986888,132172171,106377909,188691835
Eastern Africa,2026,211671086,304038296,17513203,77161858,134509228,108777739,195260557
Eastern Africa,2027,215122806,313231498,18137791,78268914,136853892,111182368,202049130
Eastern Africa,2028,218519103,322633240,18783814,79332097,139187006,113589568,209043672
Eastern Africa,2029,221864034,332226944,19459382,80377434,141486600,115995374,216231570
Eastern Africa,2030,225159569,341997660,20172867,81432339,143727230,118397186,223600474
Eastern Africa,2031,228591952,351741133,20938050,82551762,146040190,120741233,230999900
Eastern Africa,2032,231958089,361677159,21733105,83611271,148346818,123085089,238592070
Eastern Africa,2033,235256429,371787660,22570291,84627282,150629147,125430930,246356730
Eastern Africa,2034,238482935,382054278,23463796,85614628,152868307,127781351,254272927
Eastern Africa,2035,241634337,392460507,24425684,86591581,155042756,130137343,262323164
Eastern Africa,2036,244908385,402799136,25458989,87627922,157280463,132455118,270344018
Eastern Africa,2037,248084815,413298736,26549999,88583848,159500967,134781491,278517245
Eastern Africa,2038,251168660,423941577,27705889,89482238,161686422,137113354,286828223
Eastern Africa,2039,254168357,434707506,28933059,90351365,163816992,139444191,295263315
Eastern Africa,2040,257087785,445578495,30240097,91217629,165870156,141769228,303809267
Eastern Africa,2041,260108207,456368168,31626050,92130138,167978069,144063084,312305084
Eastern Africa,2042,263039053,467276362,33074756,92996339,170042714,146349168,320927194
Eastern Africa,2043,265875392,478284729,34602240,93825628,172049764,148626893,329657836
Eastern Africa,2044,268610010,489373238,36227788,94623454,173986556,150894052,338479186
Eastern Africa,2045,271239945,500522225,37966695,95399917,175840028,153147346,347374879
Eastern Africa,2046,273982004,511538134,39788562,96237503,177744501,155367870,356170264
Eastern Africa,2047,276605108,522637168,41701994,96999151,179605957,157572527,365064641
Eastern Africa,2048,279116152,533806648,43707004,97703248,181412904,159756725,374049923
Eastern Africa,2049,281527452,545034360,45798056,98374214,183153238,161911865,383122495
Eastern Africa,2050,283846102,556305422,47977038,99035104,184810998,164031548,392273874
Eastern Africa,2051,286281729,567462514,50185139,99752247,186529482,166120905,401341609
Eastern Africa,2052,288616141,578678244,52460592,100417219,188198922,168171281,410506963
Eastern Africa,2053,290848070,589932425,54817114,101041257,189806813,170182350,419750075
Eastern Africa,2054,292974674,601205509,57268917,101633646,191341028,172152477,429053032
Eastern Africa,2055,294995314,612474915,59831292,102206182,192789132,174079444,438395471
Eastern Africa,2056,297146025,623601992,62399883,102843246,194302779,175983526,447618466
Eastern Africa,2057,299184077,634751320,65046089,103419815,195764262,177841161,456910159
Eastern Africa,2058,301111901,645884846,67798151,103947872,197164029,179653411,466231435
Eastern Africa,2059,302934262,656956173,70690113,104441459,198492803,181419805,475536368
Eastern Africa,2060,304654262,667928666,73748440,104915277,199738985,183139307,484789359
Eastern Africa,2061,306516944,678702030,76821030,105455453,201061491,184850256,493851774
Eastern Africa,2062,308269362,689412355,80018197,105936432,202332930,186513170,502899185
Eastern Africa,2063,309913641,700044118,83347612,106370617,203543024,188127931,511916187
Eastern Africa,2064,311453329,710585837,86812126,106772273,204681056,189691746,520894091
Eastern Africa,2065,312891014,721020999,90419914,107155972,205735042,191202152,529818847
Eastern Africa,2066,314480955,731281094,93979132,107607747,206873208,192714158,538566936
Eastern Africa,2067,315966277,741472259,97633319,108010560,207955717,194171425,547300834
Eastern Africa,2068,317344779,751572158,101399171,108370965,208973814,195576471,555995687
Eastern Africa,2069,318613095,761559083,105293350,108693709,209919386,196930686,564628397
Eastern Africa,2070,319769204,771410007,109333005,108986303,210782901,198233953,573176054
Eastern Africa,2071,321089794,781079636,113280233,109352583,211737211,199551402,581528234
Eastern Africa,2072,322290079,790670552,117311368,109649364,212640715,200819221,589851331
Eastern Africa,2073,323373439,800155575,121444020,109890063,213483376,202036801,598118774
Eastern Africa,2074,324345887,809506714,125694306,110092093,214253794,203200585,606306129
Eastern Africa,2075,325209926,818696917,130081016,110271550,214938376,204307656,614389261
Eastern Africa,2076,326235920,827732254,134321920,110516659,215719261,205441469,622290785
Eastern Africa,2077,327153850,836666659,138627594,110714813,216439037,206519322,630147337
Eastern Africa,2078,327960540,845473684,143022468,110872988,217087552,207543328,637930356
Eastern Africa,2079,328651622,854127062,147532289,110996406,217655216,208514202,645612860
Eastern Africa,2080,329224751,862597140,152184176,111092099,218132652,209430716,653166424
Eastern Africa,2081,329972361,870925109,156640083,111262498,218709863,210386613,660538496
Eastern Africa,2082,330605498,879139806,161155365,111381594,219223904,211289653,667850153
Eastern Africa,2083,331123922,887206093,165760239,111456527,219667395,212138628,675067465
Eastern Africa,2084,331529512,895087223,170484208,111495842,220033670,212929495,682157728
Eastern Africa,2085,331823227,902748010,175356700,111508840,220314387,213658237,689089773
Eastern Africa,2086,332307944,910276188,179982989,111601788,220706156,214432249,695843939
Eastern Africa,2087,332682849,917666787,184665691,111641892,221040957,215148095,702518692
Eastern Africa,2088,332948926,924884344,189437274,111638166,221310760,215804211,709080133
Eastern Africa,2089,333108714,931893676,194329247,111601472,221507242,216396521,715497155
Eastern Africa,2090,333163015,938659609,199374260,111542440,221620575,216921106,721738503
Eastern Africa,2091,333412042,945313244,204138658,111561723,221850319,217495037,727818207
Eastern Africa,2092,333563835,951816964,208948878,111538650,222025185,218006363,733810601
Eastern Africa,2093,333614677,958134506,213841539,111477700,222136977,218456515,739677991
Eastern Africa,2094,333559486,964228538,218855688,111382247,222177239,218845734,745382804
Eastern Africa,2095,333392881,970059876,224032877,111256314,222136567,219172220,750887656
Eastern Africa,2096,333429699,975793045,228891290,111212864,222216835,219559863,756233182
Eastern Africa,2097,333361344,981377039,233788633,111113644,222247700,219893524,761483515
Eastern Africa,2098,333183151,986773035,238767117,110962763,222220388,220172240,766600795
Eastern Africa,2099,332893240,991940454,243868458,110768549,222124691,220392288,771548166
Eastern Africa,2100,332490485,996836437,249136544,110542938,221947547,220549069,776287368
Eastern Asia,1950,234871654,412935858,29748744,94000922,140870732,122175477,290760381
Eastern Asia,1951,245036249,419015967,30532789,101685116,143351133,124531271,294484696
Eastern Asia,1952,255294371,422738053,30867209,109621965,145672406,126048258,296689795
Eastern Asia,1953,264195185,426284979,30948982,115532464,148662721,127293641,298991338
Eastern Asia,1954,271203336,430810042,30924945,118430028,152773308,128532196,302277846
Eastern Asia,1955,276792594,436396335,30838896,118893800,157898794,129767860,306628475
Eastern Asia,1956,285197391,438744791,31185293,121397510,163799881,129984838,308759953
Eastern Asia,1957,291500003,443475532,31527385,119829235,171670768,130589482,312886050
Eastern Asia,1958,297156858,449387492,31730234,116463990,180692868,131395625,317991867
Eastern Asia,1959,303340417,455452253,31656536,113693469,189646948,132373013,323079240
Eastern Asia,1960,310374339,461374064,31266650,113049957,197324382,133650672,327723392
Eastern Asia,1961,315286347,468739658,32017094,110123676,205162671,135859488,332880170
Eastern Asia,1962,322721049,474662268,32392475,112502562,210218487,137929989,336732279
Eastern Asia,1963,331395523,480730557,32538980,118623062,212772461,140534130,340196427
Eastern Asia,1964,339554579,489064162,32645830,125716564,213838015,144592873,344471289
Eastern Asia,1965,346646300,500478732,32788043,131987980,214658320,150506548,349972184
Eastern Asia,1966,356196990,510402986,34179718,140698434,215498556,156752182,353650804
Eastern Asia,1967,363926559,523942975,35730843,146321702,217604857,165043960,358899015
Eastern Asia,1968,370672745,539691337,37360634,149436327,221236418,174395935,365295402
Eastern Asia,1969,377772313,555518877,38947744,151332206,226440107,183234010,372284867
Eastern Asia,1970,385674145,570309012,40441944,153042885,232631260,190620250,379688762
Eastern Asia,1971,394581548,583334936,42205201,154731580,239849968,196483834,386851102
Eastern Asia,1972,403211542,596201410,43935109,154404687,248806855,201255425,394945985
Eastern Asia,1973,411218002,608932081,45644238,152600384,258617618,205052511,403879570
Eastern Asia,1974,417608777,622157638,47381979,149520349,268088428,208329987,413827651
Eastern Asia,1975,421644991,636386865,49187482,145380445,276264546,211470580,424916285
Eastern Asia,1976,422833702,651638201,51385367,139269889,283563813,214480832,437157369
Eastern Asia,1977,421853849,667687984,53625134,132872708,288981141,217032288,450655696
Eastern Asia,1978,418911242,684727675,55915422,126658243,292252999,219842320,464885355
Eastern Asia,1979,414634941,702727503,58242161,121399391,293235550,223872980,478854523
Eastern Asia,1980,409641434,721549330,60597044,117576853,292064581,229627856,491921474
Eastern Asia,1981,402716178,742072632,63299402,113055363,289660815,237435457,504637175
Eastern Asia,1982,396379556,762216156,65897429,112226379,284153177,246467642,515748514
Eastern Asia,1983,390539677,782489342,68435571,114169651,276370026,256148187,526341155
Eastern Asia,1984,385273872,803340097,70950375,117706126,267567746,265447063,537893034
Eastern Asia,1985,380983771,824677625,73455015,122035718,258948053,273549268,551128357
Eastern Asia,1986,380390571,844036081,75951097,129425951,250964620,279922584,564113497
Eastern Asia,1987,380788372,863850143,78401223,136429883,244358489,285270856,578579287
Eastern Asia,1988,382033399,883269870,80847621,142395854,239637545,289008286,594261584
Eastern Asia,1989,383480335,901543760,83369062,146267292,237213043,290526296,611017464
Eastern Asia,1990,384365634,918398083,86034466,147440339,236925295,289574436,628823647
Eastern Asia,1991,388049351,930380340,88625667,149692159,238357192,285362513,645017827
Eastern Asia,1992,388394886,943509744,91473533,144897798,243497088,279561454,663948290
Eastern Asia,1993,386806173,956673989,94492671,135542586,251263587,272448814,684225175
Eastern Asia,1994,385128269,968567002,97551297,125421368,259706901,264682591,703884411
Eastern Asia,1995,384051908,978874828,100601982,117234474,266817434,257000150,721874678
Eastern Asia,1996,377605254,992914385,104302806,104334781,273270473,250931847,741982538
Eastern Asia,1997,373996680,1003360595,107727806,98064714,275931966,244249281,759111314
Eastern Asia,1998,371094987,1012464492,111008702,96570370,274524617,238357395,774107097
Eastern Asia,1999,365910507,1023342814,114331004,96341255,269569252,235051034,788291780
Eastern Asia,2000,357347022,1037261120,117769453,94917466,262429556,235166807,802094313
Eastern Asia,2001,348858125,1050788222,121424858,95350660,253507465,237907895,812880327
Eastern Asia,2002,337443690,1067072532,125169822,94655901,242787789,244048031,823024501
Eastern Asia,2003,324350931,1084925810,128956872,92999899,231351032,252097435,832828375
Eastern Asia,2004,312021239,1102028439,132632269,91525106,220496133,259580578,842447861
Eastern Asia,2005,301849275,1117016935,136145363,91041728,210807547,264880137,852136798
Eastern Asia,2006,294501364,1129158448,139576404,92209276,202292088,268114226,861044222
Eastern Asia,2007,288469001,1140019312,142910065,92676636,195792365,269594034,870425278
Eastern Asia,2008,284005975,1149226104,146299115,92889025,191116950,268940905,880285199
Eastern Asia,2009,280864724,1156829246,149976938,93132455,187732269,265897098,890932148
Eastern Asia,2010,278792321,1162916922,154119432,93679878,185112443,260419846,902497076
Eastern Asia,2011,277707254,1167682981,158624165,94249674,183457580,252764260,914918721
Eastern Asia,2012,277869407,1170948426,163360501,95098807,182770600,242405788,928542638
Eastern Asia,2013,278883716,1172741613,168569398,96061265,182822451,230574844,942166769
Eastern Asia,2014,280090039,1173209977,174596060,96757675,183332364,219172148,954037829
Eastern Asia,2015,281036146,1172485742,181628477,96913267,184122879,209446192,963039550
Eastern Asia,2016,282159607,1170126550,189622374,96908475,185251132,201393917,968732633
Eastern Asia,2017,282704609,1166915433,198544535,96166859,186537750,195121094,971794339
Eastern Asia,2018,282728343,1163258948,207896242,94861764,187866579,190440289,972818659
Eastern Asia,2019,282449359,1159699021,216892390,93335504,189113855,186850915,972848106
Eastern Asia,2020,281933160,1156575485,225109942,91797329,190135831,184033086,972542399
Eastern Asia,2021,280640529,1154334183,232616567,89649827,190990702,182361027,971973156
Eastern Asia,2022,279224634,1152439434,239285514,87979293,191245341,181646192,970793242
Eastern Asia,2023,277483800,1150597784,245635713,86642321,190841479,181710184,968887600
Eastern Asia,2024,275194252,1148329213,252410853,85386990,189807262,182288210,966041003
Eastern Asia,2025,272305452,1145258412,260069245,84031613,188273839,183159919,962098493
Eastern Asia,2026,269232625,1141430018,268159530,82760143,186472482,184404993,957025025
Eastern Asia,2027,265735120,1137030916,276735912,81600767,184134353,185802313,951228603
Eastern Asia,2028,261901442,1131848992,285938246,80505856,181395586,187192280,944656712
Eastern Asia,2029,257935253,1125546165,295918691,79485289,178449964,188381291,937164874
Eastern Asia,2030,253987861,1117908668,306756325,78550277,175437584,189221973,928686695
Eastern Asia,2031,250571106,1109020619,317869357,77993475,172577631,189816300,919204319
Eastern Asia,2032,247141871,1099141549,329553692,77336166,169805705,189987510,909154039
Eastern Asia,2033,243804352,1088453140,341536087,76642580,167161772,189672575,898780565
Eastern Asia,2034,240647985,1077293501,353400845,75995461,164652524,188819583,888473918
Eastern Asia,2035,237717723,1065911996,364866014,75464300,162253423,187410526,878501470
Eastern Asia,2036,235325209,1054658657,375280570,75147389,160177820,185634523,869024134
Eastern Asia,2037,233182968,1043295362,385183277,74864256,158318712,183286968,860008394
Eastern Asia,2038,231274548,1032130307,394299830,74620975,156653573,180522771,851607536
Eastern Asia,2039,229537526,1021679769,402195527,74400940,155136586,177583988,844095781
Eastern Asia,2040,227928076,1012232154,408641664,74197134,153730942,174641039,837591115
Eastern Asia,2041,226736199,1004056049,413092488,74123274,152612925,171861463,832194586
Eastern Asia,2042,225671639,996979037,416017430,74027113,151644526,169115234,827863803
Eastern Asia,2043,224707754,990526859,417919567,73900902,150806852,166452292,824074567
Eastern Asia,2044,223804239,984013858,419523565,73731828,150072411,163911009,820102849
Eastern Asia,2045,222917029,976958269,421356203,73508680,149408349,161518986,815439283
Eastern Asia,2046,222272817,969679343,422881384,73332929,148939888,159433428,810245915
Eastern Asia,2047,221609703,962346811,424201687,73062301,148547402,157569647,804777164
Eastern Asia,2048,220908440,954441412,425858169,72708718,148199722,155910917,798530495
Eastern Asia,2049,220141922,945212413,428629761,72285560,147856362,154413226,790799187
Eastern Asia,2050,219271605,934230691,432988988,71797318,147474287,153041882,781188809
Eastern Asia,2051,218441908,921897222,438401544,71269576,147172332,151936636,769960586
Eastern Asia,2052,217524226,908085269,445138611,70715423,146808803,150976697,757108572
Eastern Asia,2053,216481560,893626876,452421935,70130685,146350875,150140306,743486570
Eastern Asia,2054,215292205,879874267,458940289,69512276,145779929,149408124,730466143
Eastern Asia,2055,213951709,867683233,463862555,68857650,145094059,148764566,718918667
Eastern Asia,2056,212585260,857159776,466973160,68183487,144401773,148303127,708856649
Eastern Asia,2057,211127815,848259229,468401690,67546062,143581753,147915784,700343445
Eastern Asia,2058,209577675,840733607,468427805,66936672,142641003,147575866,693157741
Eastern Asia,2059,207944082,834122830,467536572,66347663,141596419,147242016,686880814
Eastern Asia,2060,206234533,828080638,466097157,65770684,140463849,146874010,681206628
Eastern Asia,2061,204586235,822778137,463820063,65254112,139332123,146530117,676248020
Eastern Asia,2062,202938969,818376785,460620304,64785212,138153757,146156663,672220122
Eastern Asia,2063,201295695,814566941,456828811,64354636,136941059,145724926,668842015
Eastern Asia,2064,199660749,810922097,452892379,63953172,135707577,145196133,665725964
Eastern Asia,2065,198031323,807090823,449185726,63573796,134457527,144535661,662555162
Eastern Asia,2066,196613285,803265322,445326880,63311866,133301419,143827791,659437531
Eastern Asia,2067,195256398,799453603,441467306,63050916,132205482,143016795,656436808
Eastern Asia,2068,193958686,795505833,437762333,62793007,131165679,142099508,653406325
Eastern Asia,2069,192710234,791272996,434370003,62541775,130168459,141077233,650195763
Eastern Asia,2070,191490849,786602507,431463169,62299563,129191286,139947808,646654699
Eastern Asia,2071,190554498,782059392,428230766,62164311,128390187,138864197,643195195
Eastern Asia,2072,189685599,777303798,425235145,62015111,127670488,137712486,639591312
Eastern Asia,2073,188847314,772161660,422684663,61844820,127002494,136496444,635665216
Eastern Asia,2074,188009499,766541947,420694965,61647909,126361590,135242911,631299036
Eastern Asia,2075,187160651,760454741,419265030,61426467,125734184,133983094,626471647
Eastern Asia,2076,186533756,754524909,417539592,61268292,125265464,132869459,621655450
Eastern Asia,2077,185904490,748323051,416179709,61070644,124833846,131778533,616544518
Eastern Asia,2078,185262856,741943321,415109616,60838074,124424782,130722942,611220379
Eastern Asia,2079,184595552,735539226,414199625,60575329,124020223,129714500,605824726
Eastern Asia,2080,183880045,729183499,413408999,60282367,123597678,128755743,600427756
Eastern Asia,2081,183210280,723099314,412423897,59984683,123225597,127923152,595176162
Eastern Asia,2082,182534166,717329956,411257425,59679725,122854441,127177525,590152431
Eastern Asia,2083,181847522,711909008,409891256,59369248,122478274,126519435,585389573
Eastern Asia,2084,181114537,706737670,408473052,59042948,122071589,125920944,580816726
Eastern Asia,2085,180270426,701588842,407304072,58679691,121590735,125333195,576255647
Eastern Asia,2086,179492891,697018537,405652037,58332634,121160257,124880787,572137750
Eastern Asia,2087,178694984,692861629,403767299,57994876,120700108,124488809,568372820
Eastern Asia,2088,177814551,688833556,401998008,57645311,120169240,124104239,564729317
Eastern Asia,2089,176824996,684738525,400567007,57273847,119551149,123688241,561050284
Eastern Asia,2090,175735304,680530607,399508567,56881364,118853940,123228945,557301662
Eastern Asia,2091,174840576,677159294,397571706,56563902,118276674,122920389,554238905
Eastern Asia,2092,173896501,673849340,395766075,56248744,117647757,122583289,551266051
Eastern Asia,2093,172900594,670532445,394149609,55932811,116967783,122203977,548328468
Eastern Asia,2094,171851445,667127277,392789903,55612397,116239048,121765302,545361975
Eastern Asia,2095,170746308,663559629,391747120,55283408,115462900,121253098,542306531
Eastern Asia,2096,169898178,660777763,389741670,55058082,114840096,120863886,539913877
Eastern Asia,2097,169009935,657874471,387958273,54821325,114188610,120398764,537475707
Eastern Asia,2098,168077354,654776003,386453912,54571047,113506307,119852537,534923466
Eastern Asia,2099,167115653,651464933,385208502,54315206,112800447,119232848,532232085
Eastern Asia,2100,166144513,647933481,384186526,54068434,112076079,118547309,529386172
Eastern Europe,1950,62872543,144227976,13070013,22375181,40497362,44100876,100127100
Eastern Europe,1951,63772569,146131985,13421032,24969365,38803204,44087602,102044383
Eastern Europe,1952,63574717,149265604,13829064,25985811,37588906,44411626,104853978
Eastern Europe,1953,63289324,152600498,14235236,26326300,36963024,44727010,107873488
Eastern Europe,1954,63571026,155443442,14613522,26418221,37152805,44777947,110665495
Eastern Europe,1955,64614727,157548582,14962601,26618829,37995898,44470785,113077797
Eastern Europe,1956,66110020,159104952,15364306,26606507,39503513,43897119,115207833
Eastern Europe,1957,68343010,159885287,15732604,26733947,41609063,43018853,116866434
Eastern Europe,1958,70924899,160244942,16084786,26917872,44007027,41949476,118295466
Eastern Europe,1959,73267570,160738969,16446846,26978998,46288572,40848925,119890044
Eastern Europe,1960,75008374,161706335,16838271,26763425,48244949,39842559,121863776
Eastern Europe,1961,76138720,163025160,17381585,26280733,49857987,38924456,124100704
Eastern Europe,1962,76740339,164738391,17934827,25664986,51075353,38035919,126702472
Eastern Europe,1963,76841505,166774530,18511884,24929635,51911870,37387741,129386789
Eastern Europe,1964,76608607,168923773,19122022,24171308,52437299,37270425,131653348
Eastern Europe,1965,76149116,171053106,19772227,23434939,52714177,37841685,133211421
Eastern Europe,1966,75353544,173238856,20480318,22543800,52809744,39081726,134157130
Eastern Europe,1967,74396715,175377389,21196896,21867100,52529615,40980286,134397103
Eastern Europe,1968,73304481,177498016,21932306,21382435,51922046,43258856,134239160
Eastern Europe,1969,72135024,179624214,22695122,21068860,51066164,45474605,134149609
Eastern Europe,1970,70965039,181742087,23490165,20911487,50053552,47334211,134407876
Eastern Europe,1971,69771325,183855952,24359168,20899549,48871776,48899990,134955962
Eastern Europe,1972,68734785,185883223,25194260,21165439,47569346,50073584,135809639
Eastern Europe,1973,67852620,187793279,26024130,21603409,46249211,50866059,136927220
Eastern Europe,1974,67093708,189558546,26891301,22062717,45030991,51348934,138209612
Eastern Europe,1975,66445062,191163198,27811506,22452590,43992472,51571965,139591233
Eastern Europe,1976,66350874,192168664,28781126,23174028,43176846,51556843,140611821
Eastern Europe,1977,66179213,193193746,29817437,23481544,42697669,51309017,141884729
Eastern Europe,1978,66050928,194241105,30786677,23511450,42539478,50827897,143413208
Eastern Europe,1979,66118204,195343450,31490347,23484294,42633910,50115804,145227646
Eastern Europe,1980,66437539,196528233,31832098,23568446,42869093,49197353,147330880
Eastern Europe,1981,66943323,197756180,31899342,23585139,43358184,48179278,149576902
Eastern Europe,1982,67687250,199034610,31624752,23712848,43974402,46983935,152050675
Eastern Europe,1983,68566092,200296159,31185346,23921024,44645068,45739626,154556533
Eastern Europe,1984,69400561,201481823,30831516,24108726,45291835,44627804,156854019
Eastern Europe,1985,70082744,202554542,30708369,24197137,45885607,43761554,158792988
Eastern Europe,1986,70661398,203299760,30986018,24205884,46455514,43111199,160188561
Eastern Europe,1987,71106169,203980596,31401027,24192134,46914035,42720425,161260171
Eastern Europe,1988,71340468,204594550,31954870,24077719,47262749,42579516,162015034
Eastern Europe,1989,71283695,205123435,32645159,23757689,47526006,42649606,162473829
Eastern Europe,1990,70882516,205555889,33463542,23168794,47713722,42894267,162661622
Eastern Europe,1991,70487449,205452285,34476710,22579308,47908141,43261954,162190331
Eastern Europe,1992,69585945,205412375,35615240,21507644,48078301,43825681,161586694
Eastern Europe,1993,68308974,205467221,36736106,20140944,48168030,44501227,160965994
Eastern Europe,1994,66860022,205656114,37632514,18769399,48090623,45165615,160490499
Eastern Europe,1995,65340117,206015458,38201018,17580328,47759789,45747329,160268129
Eastern Europe,1996,63280263,206707055,38760825,16043419,47236844,46333532,160373523
Eastern Europe,1997,61393139,207412569,38932049,15122296,46270843,46789765,160622804
Eastern Europe,1998,59529391,208129746,38909372,14649480,44879911,47171163,160958583
Eastern Europe,1999,57495424,208829607,38967650,14342978,43152446,47555663,161273944
Eastern Europe,2000,55261812,209455095,39240645,14022673,41239139,47962207,161492888
Eastern Europe,2001,53248456,209360774,39970886,14047774,39200682,48237744,161123030
Eastern Europe,2002,51104948,209201617,40877356,13979599,37125349,48491209,160710408
Eastern Europe,2003,48989357,209079936,41760406,13860923,35128434,48631958,160447978
Eastern Europe,2004,47152082,209122003,42314257,13823834,33328248,48518350,160603653
Eastern Europe,2005,45731928,209394055,42384658,13967752,31764176,48067419,161326636
Eastern Europe,2006,44771974,209398640,42451124,14332161,30439813,47209973,162188667
Eastern Europe,2007,44106371,209640733,42166350,14689959,29416412,46155975,163484758
Eastern Europe,2008,43743620,209887867,41727856,15066868,28676752,44934659,164953208
Eastern Europe,2009,43626562,209896677,41391190,15449040,28177522,43568201,166328476
Eastern Europe,2010,43710016,209553942,41276723,15827899,27882117,42051695,167502247
Eastern Europe,2011,44026435,208685581,41521040,16215843,27810592,40186036,168499545
Eastern Europe,2012,44564104,207562200,41861610,16544176,28019928,38093300,169468900
Eastern Europe,2013,45261482,206219613,42287887,16805456,28456026,35909096,170310517
Eastern Europe,2014,46013114,204712037,42807086,16981063,29032051,33847737,170864300
Eastern Europe,2015,46729250,203069147,43445311,17057763,29671487,32061715,171007432
Eastern Europe,2016,47401287,201040424,44443510,17030715,30370572,30601766,170438658
Eastern Europe,2017,47954198,198931188,45568978,16888405,31065793,29462603,169468585
Eastern Europe,2018,48384795,196812799,46755734,16662038,31722757,28641066,168171733
Eastern Europe,2019,48714842,194763514,47913353,16402893,32311949,28104215,166659299
Eastern Europe,2020,48950957,192835378,48990057,16139152,32811805,27823845,165011533
Eastern Europe,2021,48939415,190919455,50246065,15714856,33224559,27814663,163104792
Eastern Europe,2022,48889588,189107014,51374690,15437165,33452423,28072083,161034931
Eastern Europe,2023,48744934,187441401,52388895,15249386,33495548,28537551,158903850
Eastern Europe,2024,48445686,185959668,53311972,15062702,33382984,29123503,156836165
Eastern Europe,2025,47976367,184666237,54156289,14813788,33162579,29760672,154905565
Eastern Europe,2026,47454995,183298180,55068789,14598183,32856812,30429308,152868872
Eastern Europe,2027,46764769,182140706,55884334,14311928,32452841,31129221,151011485
Eastern Europe,2028,45957850,181172549,56576599,13979745,31978105,31809392,149363157
Eastern Europe,2029,45126451,180362235,57090561,13661312,31465139,32406998,147955237
Eastern Europe,2030,44328034,179682158,57402356,13398578,30929456,32878157,146804001
Eastern Europe,2031,43549429,178991036,57669931,13154922,30394507,33225243,145765793
Eastern Europe,2032,42828082,178419093,57731186,12978469,29849613,33423412,144995681
Eastern Europe,2033,42164683,177890991,57671242,12865355,29299328,33479512,144411479
Eastern Europe,2034,41543600,177306525,57618462,12797645,28745955,33413866,143892659
Eastern Europe,2035,40964168,176591056,57658441,12765101,28199067,33239038,143352018
Eastern Europe,2036,40494164,175606885,57865998,12795637,27698527,32961074,142645811
Eastern Europe,2037,40092445,174509759,58129373,12859508,27232937,32571029,141938730
Eastern Europe,2038,39761579,173304395,58446668,12948141,26813438,32094040,141210355
Eastern Europe,2039,39506757,172018080,58790395,13054476,26452281,31568628,140449452
Eastern Europe,2040,39332351,170670711,59139817,13175309,26157042,31023343,139647368
Eastern Europe,2041,39307251,169085207,59605790,13356993,25950258,30467561,138617646
Eastern Europe,2042,39336453,167469625,60075278,13502847,25833606,29914700,137554925
Eastern Europe,2043,39423660,165821391,60544104,13621015,25802645,29369763,136451628
Eastern Europe,2044,39563436,164138605,61014546,13719910,25843526,28833235,135305370
Eastern Europe,2045,39742064,162421043,61496037,13805082,25936982,28308062,134112981
Eastern Europe,2046,39961275,160515713,62138602,13874745,26086530,27804508,132711205
Eastern Europe,2047,40196094,158654135,62734532,13911190,26284904,27333563,131320572
Eastern Europe,2048,40433021,156817741,63311197,13919028,26513993,26910337,129907404
Eastern Europe,2049,40650498,154976379,63914767,13899461,26751037,26554648,128421731
Eastern Europe,2050,40828834,153117034,64573200,13851055,26977779,26277774,126839260
Eastern Europe,2051,40944558,151140651,65406908,13746406,27198152,26084011,125056640
Eastern Europe,2052,41023082,149198131,66238060,13639638,27383444,25973120,123225011
Eastern Europe,2053,41049533,147362967,67005220,13526281,27523252,25939168,121423799
Eastern Europe,2054,41013617,145741345,67609715,13400931,27612686,25971156,119770189
Eastern Europe,2055,40911226,144392083,67994830,13257624,27653602,26057651,118334432
Eastern Europe,2056,40745274,143240953,68231236,13082251,27663023,26206888,117034065
Eastern Europe,2057,40529259,142360148,68233328,12922871,27606388,26408224,115951924
Eastern Europe,2058,40261374,141723107,68029302,12774034,27487340,26641145,115081962
Eastern Europe,2059,39948239,141287397,67655249,12631683,27316556,26876632,114410765
Eastern Europe,2060,39599002,141013833,67142255,12492143,27106859,27091625,113922208
Eastern Europe,2061,39252091,140873821,66481406,12364141,26887950,27298844,113574977
Eastern Europe,2062,38886146,140904230,65659754,12252707,26633439,27480992,113423238
Eastern Europe,2063,38507221,141036162,64744871,12156131,26351090,27626091,113410071
Eastern Europe,2064,38127897,141183448,63816356,12075269,26052628,27722146,113461302
Eastern Europe,2065,37760918,141286470,62926529,12011560,25749358,27760763,113525707
Eastern Europe,2066,37450671,141306403,62072757,11980611,25470060,27753756,113552647
Eastern Europe,2067,37163871,141292488,61241915,11962740,25201131,27689271,113603217
Eastern Europe,2068,36906068,141224417,60453763,11957621,24948447,27572228,113652189
Eastern Europe,2069,36679926,141077375,59736082,11964104,24715822,27410745,113666630
Eastern Europe,2070,36486128,140825355,59118895,11981632,24504496,27209626,113615729
Eastern Europe,2071,36362308,140401792,58633941,12027632,24334676,26977792,113424000
Eastern Europe,2072,36272821,139907095,58218587,12070585,24202236,26716504,113190591
Eastern Europe,2073,36215972,139335033,57883716,12110896,24105076,26434094,112900939
Eastern Europe,2074,36186046,138685252,57638149,12148072,24037974,26142219,112543033
Eastern Europe,2075,36175963,137957193,57491639,12181626,23994337,25849061,112108132
Eastern Europe,2076,36206246,137091550,57483994,12219711,23986535,25563930,111527620
Eastern Europe,2077,36252624,136199412,57528590,12244385,24008239,25291791,110907621
Eastern Europe,2078,36308137,135295650,57617285,12256672,24051465,25037221,110258429
Eastern Europe,2079,36363327,134409130,57729811,12257014,24106313,24805702,109603428
Eastern Europe,2080,36408767,133556884,57857217,12244780,24163987,24600409,108956475
Eastern Europe,2081,36447993,132695005,58039046,12214367,24233626,24430415,108264590
Eastern Europe,2082,36479641,131915534,58182795,12178409,24301232,24296639,107618895
Eastern Europe,2083,36495622,131209739,58301602,12135468,24360154,24197667,107012072
Eastern Europe,2084,36486018,130558626,58419790,12082404,24403614,24129120,106429506
Eastern Europe,2085,36441682,129940094,58564374,12015160,24426522,24084758,105855336
Eastern Europe,2086,36381999,129372976,58694674,11932792,24449207,24080977,105291999
Eastern Europe,2087,36297622,128880682,58794193,11851596,24446026,24106049,104774633
Eastern Europe,2088,36181641,128444109,58884674,11768766,24412875,24149873,104294236
Eastern Europe,2089,36032445,128048961,58977275,11682801,24349644,24200131,103848830
Eastern Europe,2090,35852005,127685588,59075573,11592397,24259608,24247441,103438147
Eastern Europe,2091,35684805,127440149,59045916,11505774,24179031,24320409,103119740
Eastern Europe,2092,35498423,127240781,58990416,11428337,24070086,24389964,102850817
Eastern Europe,2093,35292390,127068046,58927357,11357662,23934728,24448666,102619380
Eastern Europe,2094,35069086,126901976,58873035,11290920,23778166,24488200,102413776
Eastern Europe,2095,34832170,126727674,58837194,11225149,23607021,24502439,102225235
Eastern Europe,2096,34644847,126646738,58653446,11182963,23461884,24523086,102123652
Eastern Europe,2097,34450947,126561444,58473703,11144371,23306576,24517084,102044360
Eastern Europe,2098,34253864,126452520,58311684,11109085,23144779,24483113,101969407
Eastern Europe,2099,34061490,126296862,58180102,11080749,22980741,24420686,101876176
Eastern Europe,2100,33883449,126071026,58090042,11066602,22816847,24328260,101742766
Ecuador,1950,1379953,1906295,183911,543002,836951,614091,1292204
Ecuador,1951,1433315,1941191,186648,570725,862590,629698,1311493
Ecuador,1952,1494944,1971535,188535,610761,884183,643356,1328179
Ecuador,1953,1554369,2007288,190478,648648,905721,658525,1348763
Ecuador,1954,1609000,2051232,192627,680397,928603,676533,1374699
Ecuador,1955,1660897,2101847,194741,707335,953562,697179,1404668
Ecuador,1956,1728722,2139050,198467,747125,981597,714065,1424985
Ecuador,1957,1787845,2188830,202644,768784,1019061,735904,1452926
Ecuador,1958,1844955,2245128,206750,780707,1064248,760132,1484996
Ecuador,1959,1905991,2302496,210405,791424,1114567,784047,1518449
Ecuador,1960,1972927,2359115,213508,807334,1165593,806629,1552486
Ecuador,1961,2041763,2416345,218751,818889,1222874,828446,1587899
Ecuador,1962,2117606,2471947,223337,838234,1279372,848780,1623167
Ecuador,1963,2196875,2529318,227540,863988,1332887,869704,1659614
Ecuador,1964,2273497,2594223,231748,891549,1381948,894689,1699534
Ecuador,1965,2344549,2669446,236124,917949,1426600,925688,1743758
Ecuador,1966,2419630,2745052,241003,948091,1471539,959164,1785888
Ecuador,1967,2489077,2831095,245885,974660,1514417,998189,1832906
Ecuador,1968,2554402,2925760,250744,998280,1556122,1041985,1883775
Ecuador,1969,2618646,3025727,255472,1020956,1597690,1089136,1936591
Ecuador,1970,2683392,3129085,260050,1044507,1638885,1138691,1990394
Ecuador,1971,2755761,3227688,265386,1072133,1683628,1188151,2039537
Ecuador,1972,2825950,3332256,270505,1094459,1731491,1241069,2091187
Ecuador,1973,2894487,3441824,275605,1113268,1781219,1295327,2146497
Ecuador,1974,2961305,3555918,280983,1130394,1830911,1348157,2207761
Ecuador,1975,3026108,3674463,286820,1147714,1878394,1397998,2276465
Ecuador,1976,3094061,3790267,295071,1165970,1928091,1442661,2347606
Ecuador,1977,3159260,3911295,303679,1181408,1977852,1484411,2426884
Ecuador,1978,3221845,4037718,312396,1195364,2026481,1524684,2513034
Ecuador,1979,3281831,4170009,320813,1209230,2072601,1566040,2603969
Ecuador,1980,3339315,4308379,328751,1224325,2114990,1610105,2698274
Ecuador,1981,3398832,4446329,338033,1240616,2158216,1654573,2791756
Ecuador,1982,3456039,4590095,346806,1257142,2198897,1701301,2888794
Ecuador,1983,3511323,4739520,355370,1274250,2237073,1749863,2989657
Ecuador,1984,3565387,4894247,364117,1292328,2273059,1799405,3094842
Ecuador,1985,3618957,5053739,373283,1311982,2306975,1849249,3204490
Ecuador,1986,3677967,5210502,384437,1335518,2342449,1896998,3313504
Ecuador,1987,3736048,5372215,395866,1357834,2378214,1945447,3426768
Ecuador,1988,3793395,5538051,407730,1379005,2414390,1993767,3544284
Ecuador,1989,3849906,5707301,420170,1398760,2451146,2040906,3666395
Ecuador,1990,3905244,5879528,433319,1417152,2488092,2086239,3793289
Ecuador,1991,3964946,6046946,449098,1437939,2527007,2127200,3919746
Ecuador,1992,4021237,6218894,465536,1452508,2568729,2167020,4051874
Ecuador,1993,4074656,6393886,482660,1462711,2611945,2205589,4188297
Ecuador,1994,4125859,6570232,500388,1471218,2654641,2242961,4327271
Ecuador,1995,4174808,6747083,518692,1480015,2694793,2279331,4467752
Ecuador,1996,4224484,6918711,540284,1487632,2736852,2313635,4605076
Ecuador,1997,4272980,7089865,562148,1497217,2775763,2347166,4742699
Ecuador,1998,4318115,7261356,584414,1507441,2810674,2380900,4880456
Ecuador,1999,4356668,7434788,607235,1515409,2841259,2416200,5018588
Ecuador,2000,4387006,7610812,630778,1519214,2867792,2453682,5157130
Ecuador,2001,4418126,7779642,654987,1524428,2893698,2488890,5290752
Ecuador,2002,4440227,7952222,679611,1523289,2916938,2527294,5424928
Ecuador,2003,4456283,8128157,705161,1518598,2937685,2568229,5559928
Ecuador,2004,4471630,8305771,732246,1515492,2956138,2610093,5695678
Ecuador,2005,4489729,8484199,761305,1517590,2972139,2651703,5832496
Ecuador,2006,4504526,8674437,788517,1518099,2986427,2691714,5982723
Ecuador,2007,4525350,8862504,817599,1528106,2997244,2729717,6132787
Ecuador,2008,4549238,9050110,848214,1544384,3004854,2765747,6284363
Ecuador,2009,4571428,9240209,879638,1561116,3010312,2799951,6440258
Ecuador,2010,4589639,9433501,911550,1574402,3015237,2832066,6601435
Ecuador,2011,4614602,9621695,941058,1593798,3020804,2858268,6763427
Ecuador,2012,4633533,9815093,971040,1603808,3029725,2882919,6932174
Ecuador,2013,4649143,10009231,1003173,1606940,3042203,2905407,7103824
Ecuador,2014,4665696,10197616,1039800,1607961,3057735,2924797,7272819
Ecuador,2015,4684978,10377038,1082352,1610333,3074645,2940825,7436213
Ecuador,2016,4705224,10550807,1129037,1611171,3094053,2953461,7597346
Ecuador,2017,4727628,10716166,1181064,1612874,3114754,2962927,7753239
Ecuador,2018,4750437,10875557,1237431,1615270,3135167,2970542,7905015
Ecuador,2019,4770441,11033468,1296535,1616873,3153568,2978256,8055212
Ecuador,2020,4785862,11192310,1357470,1616687,3169175,2987232,8205078
Ecuador,2021,4799446,11352549,1416803,1615459,3183987,2996933,8355616
Ecuador,2022,4809370,11512751,1477659,1613792,3195578,3007490,8505261
Ecuador,2023,4815448,11672533,1540453,1611428,3204020,3019536,8652997
Ecuador,2024,4818243,11830683,1605741,1608435,3209808,3033606,8797077
Ecuador,2025,4818182,11986219,1673963,1604811,3213371,3049818,8936401
Ecuador,2026,4818457,12141035,1739888,1601820,3216637,3068169,9072866
Ecuador,2027,4815816,12293938,1807830,1598013,3217803,3088709,9205229
Ecuador,2028,4810471,12444117,1878337,1593533,3216938,3110071,9334046
Ecuador,2029,4802818,12590460,1952085,1588613,3214205,3130027,9460433
Ecuador,2030,4793193,12732095,2029568,1583476,3209717,3147057,9585038
Ecuador,2031,4785237,12871943,2104148,1579416,3205821,3161882,9710061
Ecuador,2032,4775616,13007504,2181532,1574851,3200765,3173650,9833854
Ecuador,2033,4764352,13138422,2261895,1569852,3194500,3182604,9955818
Ecuador,2034,4751439,13264458,2345323,1564450,3186989,3189288,10075170
Ecuador,2035,4736917,13385297,2431942,1558726,3178191,3194007,10191290
Ecuador,2036,4725037,13504541,2513781,1554295,3170742,3197583,10306958
Ecuador,2037,4711767,13619147,2597877,1549119,3162648,3198972,10420175
Ecuador,2038,4697157,13728929,2684281,1543332,3153825,3198431,10530498
Ecuador,2039,4681230,13833778,2773026,1537076,3144154,3196266,10637512
Ecuador,2040,4663960,13933370,2864410,1530483,3133477,3192637,10740733
Ecuador,2041,4649572,14033122,2948731,1525015,3124557,3189034,10844088
Ecuador,2042,4634019,14128445,3034574,1518925,3115094,3184179,10944266
Ecuador,2043,4617185,14218503,3122809,1512292,3104893,3178189,11040314
Ecuador,2044,4598994,14302501,3214232,1505213,3093781,3171173,11131328
Ecuador,2045,4579425,14379858,3309397,1497784,3081641,3163201,11216657
Ecuador,2046,4562587,14457013,3397698,1491338,3071249,3155963,11301050
Ecuador,2047,4544669,14528806,3488080,1484511,3060158,3148010,11380796
Ecuador,2048,4525610,14594634,3581234,1477325,3048285,3139450,11455184
Ecuador,2049,4505258,14653432,3678421,1469747,3035511,3130267,11523165
Ecuador,2050,4483426,14704119,3780906,1461733,3021693,3120339,11583780
Ecuador,2051,4464477,14754366,3876677,1454802,3009675,3111536,11642830
Ecuador,2052,4444408,14798320,3975538,1447378,2997030,3102259,11696061
Ecuador,2053,4423103,14835749,4077818,1439512,2983591,3092393,11743356
Ecuador,2054,4400528,14866754,4183417,1431318,2969210,3081759,11784995
Ecuador,2055,4376673,14891244,4292398,1422888,2953785,3070181,11821063
Ecuador,2056,4356158,14919337,4390045,1415653,2940505,3060029,11859308
Ecuador,2057,4334863,14942952,4488532,1408299,2926564,3049175,11893777
Ecuador,2058,4312605,14961377,4588722,1400771,2911834,3037567,11923810
Ecuador,2059,4289180,14973712,4691650,1392968,2896212,3025111,11948601
Ecuador,2060,4264439,14979148,4798253,1384824,2879615,3011668,11967480
Ecuador,2061,4243672,14989521,4891397,1378182,2865490,2999897,11989624
Ecuador,2062,4222080,14995256,4985465,1371165,2850915,2987435,12007821
Ecuador,2063,4199569,14996312,5080640,1363792,2835777,2974217,12022095
Ecuador,2064,4176068,14992873,5176875,1356105,2819963,2960126,12032747
Ecuador,2065,4151441,14984563,5274727,1348127,2803314,2944999,12039564
Ecuador,2066,4131100,14984901,5355307,1341657,2789443,2931837,12053064
Ecuador,2067,4110179,14983047,5434325,1334889,2775290,2918037,12065010
Ecuador,2068,4088487,14976981,5513989,1327835,2760652,2903525,12073456
Ecuador,2069,4065820,14963970,5597220,1320504,2745316,2888189,12075781
Ecuador,2070,4041972,14941883,5686354,1312893,2729079,2871884,12069999
Ecuador,2071,4022709,14927010,5759357,1306839,2715870,2858032,12068978
Ecuador,2072,4002969,14906217,5834491,1300676,2702293,2843650,12062567
Ecuador,2073,3982456,14878816,5912828,1294296,2688160,2828661,12050155
Ecuador,2074,3960859,14844401,5995188,1287548,2673311,2812986,12031415
Ecuador,2075,3937917,14802377,6082509,1280322,2657595,2796498,12005879
Ecuador,2076,3919833,14769931,6151508,1274785,2645048,2782781,11987150
Ecuador,2077,3901009,14733188,6221696,1268758,2632251,2768764,11964424
Ecuador,2078,3881262,14691255,6294161,1262261,2619001,2754290,11936965
Ecuador,2079,3860427,14643211,6370001,1255363,2605064,2739134,11904077
Ecuador,2080,3838272,14588055,6450467,1248089,2590183,2723065,11864990
Ecuador,2081,3820785,14544575,6510858,1242303,2578482,2709880,11834695
Ecuador,2082,3802808,14497910,6571294,1236389,2566419,2696352,11801558
Ecuador,2083,3784035,14447142,6633169,1230258,2553777,2682364,11764778
Ecuador,2084,3764055,14391135,6698201,1223760,2540295,2667751,11723384
Ecuador,2085,3742481,14328492,6768339,1216752,2525729,2652271,11676221
Ecuador,2086,3725685,14279091,6817435,1211350,2514335,2639865,11639226
Ecuador,2087,3708249,14227454,6866471,1205698,2502551,2627231,11600223
Ecuador,2088,3689834,14172078,6917428,1199711,2490123,2614127,11557951
Ecuador,2089,3670162,14111488,6972202,1193331,2476831,2600295,11511193
Ecuador,2090,3648954,14044328,7032558,1186494,2462460,2585480,11458848
Ecuador,2091,3632745,13991842,7070818,1181329,2451416,2573848,11417994
Ecuador,2092,3615985,13937196,7109430,1175979,2440006,2561899,11375297
Ecuador,2093,3598351,13878983,7150180,1170359,2427992,2549400,11329583
Ecuador,2094,3579497,13815614,7195035,1164375,2415122,2536062,11279552
Ecuador,2095,3559067,13745476,7246000,1157932,2401135,2521584,11223892
Ecuador,2096,3543957,13691457,7273342,1153280,2390677,2510414,11181043
Ecuador,2097,3528322,13635173,7301319,1148466,2379856,2498791,11136382
Ecuador,2098,3511797,13574925,7332047,1143402,2368395,2486468,11088457
Ecuador,2099,3494053,13509110,7367508,1138002,2356051,2473208,11035902
Ecuador,2100,3474809,13436427,7409344,1132182,2342627,2458805,10977622
Egypt,1950,8019723,12068950,624658,3669948,4349775,4032140,8036810
Egypt,1951,8305121,12250033,659860,3867251,4437870,4052358,8197675
Egypt,1952,8508544,12537043,701221,3886221,4622323,4099909,8437134
Egypt,1953,8734204,12830825,744069,3867295,4866909,4139846,8690979
Egypt,1954,9019962,13094951,786685,3878631,5141331,4158998,8935953
Egypt,1955,9356376,13337474,829534,3953502,5402874,4162360,9175114
Egypt,1956,9719286,13579927,873659,3985813,5733473,4161360,9418567
Egypt,1957,10155586,13776980,915256,4112344,6043242,4137602,9639378
Egypt,1958,10611896,13976998,956582,4291696,6320200,4119513,9857485
Egypt,1959,11029706,14233211,999780,4475427,6554279,4143673,10089538
Egypt,1960,11381075,14569724,1045734,4631321,6749754,4230995,10338729
Egypt,1961,11800706,14857986,1086020,4848248,6952458,4345299,10512687
Egypt,1962,12127126,15249790,1129260,4966624,7160502,4527483,10722307
Egypt,1963,12393639,15712985,1174626,5016282,7377357,4760323,10952662
Egypt,1964,12657267,16193622,1220213,5057176,7600091,5015097,11178525
Egypt,1965,12947046,16663676,1265242,5136803,7810243,5274859,11388817
Egypt,1966,13307709,17078615,1311292,5240423,8067286,5528567,11550048
Egypt,1967,13686408,17491793,1355820,5357032,8329376,5793992,11697801
Egypt,1968,14067882,17910066,1399311,5485143,8582739,6061204,11848862
Egypt,1969,14417879,18355918,1443029,5604019,8813860,6321222,12034696
Egypt,1970,14716604,18841924,1487745,5703461,9013143,6569197,12272727
Egypt,1971,15071002,19258714,1533666,5842013,9228989,6709018,12549696
Egypt,1972,15370503,19722969,1580170,5916760,9453743,6843107,12879862
Egypt,1973,15632893,20228014,1627160,5953360,9679533,6985921,13242093
Egypt,1974,15891703,20756469,1673850,5996002,9895701,7152418,13604051
Egypt,1975,16168846,21298920,1719936,6082397,10086449,7351586,13947334
Egypt,1976,16499479,21819230,1770323,6202311,10297168,7531586,14287644
Egypt,1977,16858150,22349527,1818800,6350233,10507917,7731816,14617711
Egypt,1978,17239039,22899261,1866355,6526075,10712964,7953094,14946167
Egypt,1979,17630765,23482732,1914319,6718815,10911950,8189160,15293572
Egypt,1980,18030216,24105504,1963422,6924593,11105623,8434737,15670767
Egypt,1981,18489943,24709137,2017426,7183132,11306811,8650114,16059023
Egypt,1982,18948942,25358073,2072605,7403976,11544966,8867070,16491003
Egypt,1983,19420759,26044343,2129454,7601870,11818889,9087822,16956521
Egypt,1984,19927380,26753393,2188178,7803951,12123429,9311167,17442226
Egypt,1985,20478709,27477101,2249175,8033852,12444857,9537362,17939739
Egypt,1986,21087636,28205747,2314320,8300455,12787181,9728031,18477716
Egypt,1987,21737632,28949228,2379369,8556755,13180877,9905041,19044187
Egypt,1988,22397950,29704063,2445283,8787823,13610127,10076693,19627370
Egypt,1989,23013527,30478801,2514245,8956497,14057030,10256498,20222303
Egypt,1990,23542707,31281884,2587624,9041133,14501574,10457105,20824779
Egypt,1991,24080530,32000452,2671408,9132702,14947828,10672951,21327501
Egypt,1992,24479026,32796985,2759525,9057932,15421094,10927714,21869271
Egypt,1993,24769759,33656335,2849507,8873349,15896410,11224309,22432026
Egypt,1994,25006644,34551726,2937375,8668925,16337719,11558487,22993239
Egypt,1995,25219494,35473383,3021509,8510313,16709181,11927115,23546268
Egypt,1996,25308168,36508275,3117013,8264217,17043951,12366290,24141985
Egypt,1997,25413568,37534360,3203189,8156704,17256864,12811813,24722547
Egypt,1998,25509401,38586214,3282441,8158771,17350630,13272006,25314208
Egypt,1999,25558112,39710954,3357598,8211585,17346527,13756751,25954203
Egypt,2000,25553372,40922902,3429714,8272629,17280743,14263356,26659546
Egypt,2001,25569012,42152360,3505568,8395173,17173839,14767026,27385334
Egypt,2002,25563425,43449580,3577113,8541292,17022133,15277283,28172297
Egypt,2003,25552191,44787114,3642637,8696987,16855204,15768312,29018802
Egypt,2004,25560810,46122599,3698490,8851727,16709083,16201628,29920971
Egypt,2005,25604933,47429085,3744131,9000943,16603990,16552406,30876679
Egypt,2006,25777450,48589257,3792341,9228173,16549277,16772025,31817232
Egypt,2007,25938413,49767532,3831308,9348535,16589878,16936538,32830994
Egypt,2008,26144178,50937453,3872250,9427461,16716717,17042712,33894741
Egypt,2009,26478134,52056574,3930314,9575051,16903083,17082257,34974317
Egypt,2010,26988916,53104465,4014225,9868701,17120215,17054002,36050463
Egypt,2011,27560766,54187609,4149186,10154098,17406668,16956588,37231021
Egypt,2012,28388899,55126142,4298216,10696401,17692498,16773736,38352406
Egypt,2013,29359594,55994411,4453428,11376020,17983574,16563294,39431117
Egypt,2014,30290109,56917392,4605065,11982539,18307570,16405774,40511618
Egypt,2015,31075144,57954831,4748197,12374443,18700701,16343180,41611651
Egypt,2016,32008916,58789880,4889885,12875927,19132989,16259209,42530671
Egypt,2017,32652323,59868055,5032773,12917855,19734468,16312242,43555813
Egypt,2018,33118280,61078852,5178609,12642282,20475998,16466321,44612531
Egypt,2019,33586913,62253287,5328545,12300951,21285962,16657229,45596058
Egypt,2020,34135710,63320202,5485572,12071578,22064132,16852106,46468096
Egypt,2021,34457108,64534636,5700443,11613071,22844037,17093537,47441099
Egypt,2022,34933199,65572887,5909975,11464375,23468824,17317006,48255881
Egypt,2023,35444527,66553391,6119064,11539472,23905055,17573548,48979843
Egypt,2024,35808474,67656232,6335603,11654146,24154328,17936000,49720232
Egypt,2025,35948054,68959555,6563321,11678482,24269572,18433894,50525661
Egypt,2026,36033676,70286076,6810706,11758663,24275013,18992290,51293786
Egypt,2027,35922706,71793153,7065248,11762030,24160676,19660149,52133004
Egypt,2028,35680340,73421538,7327300,11705211,23975129,20398513,53023025
Egypt,2029,35440150,75048474,7593495,11662642,23777508,21134830,53913644
Egypt,2030,35282076,76600323,7863278,11685953,23596123,21816503,54783820
Egypt,2031,35215664,78055600,8150354,11768628,23447036,22420998,55634602
Egypt,2032,35218941,79451440,8439681,11877115,23341826,22976636,56474804
Egypt,2033,35289496,80790495,8732714,12012639,23276857,23453122,57337373
Egypt,2034,35398941,82100038,9031809,12157859,23241082,23811043,58288995
Egypt,2035,35532259,83392265,9339763,12305067,23227192,24025535,59366730
Egypt,2036,35756848,84594977,9661864,12495862,23260986,24064935,60530042
Egypt,2037,36007668,85779899,9988895,12658565,23349103,23955249,61824650
Egypt,2038,36281723,86935184,10328514,12795856,23485867,23750981,63184203
Egypt,2039,36572298,88048055,10690689,12911433,23660865,23535002,64513053
Egypt,2040,36869511,89113548,11082454,13008482,23861029,23360898,65752650
Egypt,2041,37204125,90093759,11507694,13104469,24099656,23197502,66896257
Egypt,2042,37525062,91049245,11955623,13156815,24368247,23079684,67969561
Egypt,2043,37827587,91981946,12425564,13176357,24651230,23012054,68969892
Egypt,2044,38105981,92895868,12916018,13176452,24929529,22987369,69908499
Egypt,2045,38353466,93794487,13427594,13165727,25187739,22999340,70795147
Egypt,2046,38563901,94680532,13961471,13119182,25444719,23037334,71643198
Egypt,2047,38751386,95554997,14501066,13088287,25663099,23118317,72436680
Egypt,2048,38901681,96423331,15054356,13065307,25836374,23246676,73176655
Egypt,2049,39001389,97288338,15631678,13037078,25964311,23421708,73866630
Egypt,2050,39046762,98149392,16237338,12993732,26053030,23637027,74512365
Egypt,2051,39073913,98984542,16856634,12949279,26124634,23867886,75116656
Egypt,2052,39053998,99821732,17490307,12900488,26153510,24131833,75689899
Egypt,2053,38991837,100673653,18121797,12847533,26144304,24417617,76256036
Egypt,2054,38901120,101553968,18725210,12795178,26105942,24703684,76850284
Egypt,2055,38792788,102467604,19286020,12746931,26045857,24971567,77496037
Egypt,2056,38701671,103395626,19788567,12714570,25987101,25201002,78194624
Egypt,2057,38598258,104357310,20243633,12683755,25914503,25405749,78951561
Egypt,2058,38485623,105343323,20659629,12655698,25829925,25584329,79758994
Egypt,2059,38367579,106341782,21047248,12631640,25735939,25733190,80608592
Egypt,2060,38248536,107341659,21415050,12613444,25635092,25847407,81494252
Egypt,2061,38167345,108326045,21742060,12616531,25550814,25908068,82417977
Egypt,2062,38090283,109317150,22039653,12618568,25471715,25928889,83388261
Egypt,2063,38016825,110298548,22324306,12619213,25397612,25919794,84378754
Egypt,2064,37944872,111249850,22617507,12616936,25327936,25892505,85357345
Egypt,2065,37873158,112156244,22934542,12611460,25261698,25852867,86303377
Egypt,2066,37839927,112993789,23261103,12621963,25217964,25783966,87209823
Egypt,2067,37803380,113790537,23611138,12615681,25187699,25703818,88086719
Egypt,2068,37763632,114550670,23979884,12596713,25166919,25619427,88931243
Egypt,2069,37720629,115285545,24355494,12570432,25150197,25535926,89749619
Egypt,2070,37672937,115998396,24735692,12540829,25132108,25455167,90543229
Egypt,2071,37637901,116672215,25119948,12509731,25128170,25364519,91307696
Egypt,2072,37598883,117338511,25493259,12474967,25123916,25278462,92060049
Egypt,2073,37550859,117961015,25896731,12436425,25114434,25202921,92758094
Egypt,2074,37487722,118485590,26390389,12392311,25095411,25141604,93343986
Egypt,2075,37406010,118880419,27009372,12341287,25064723,25094248,93786171
Egypt,2076,37325799,119135201,27743709,12288485,25037314,25046784,94088417
Egypt,2077,37230440,119280534,28579367,12232192,24998248,25012660,94267874
Egypt,2078,37118212,119357482,29477171,12172576,24945636,24992234,94365248
Egypt,2079,36990014,119428728,30373807,12110726,24879288,24981824,94446904
Egypt,2080,36847180,119530829,31231550,12047315,24799865,24976117,94554712
Egypt,2081,36711738,119651809,32040202,11987664,24724074,24963917,94687892
Egypt,2082,36566825,119811099,32796964,11929442,24637383,24954627,94856472
Egypt,2083,36411327,119997720,33513938,11872050,24539277,24947288,95050432
Egypt,2084,36244998,120191930,34211138,11814595,24430403,24937468,95254462
Egypt,2085,36068431,120378154,34903425,11756585,24311846,24919523,95458631
Egypt,2086,35914970,120577976,35535695,11710293,24204677,24887330,95690646
Egypt,2087,35755399,120789055,36139071,11661705,24093694,24845202,95943853
Egypt,2088,35589414,120998789,36725766,11611345,23978069,24794418,96204371
Egypt,2089,35418134,121193833,37307148,11560488,23857646,24735130,96458703
Egypt,2090,35242879,121363411,37891907,11510444,23732435,24665759,96697652
Egypt,2091,35100969,121552254,38397415,11473879,23627090,24587067,96965187
Egypt,2092,34957480,121725753,38892770,11434848,23522632,24497290,97228463
Egypt,2093,34811303,121870956,39391677,11393663,23417640,24399794,97471162
Egypt,2094,34661239,121972636,39910207,11350570,23310669,24296965,97675671
Egypt,2095,34506636,122018734,40460610,11306080,23200556,24188812,97829922
Egypt,2096,34385751,122071004,40942339,11273275,23112476,24079906,97991098
Egypt,2097,34261043,122081278,41440408,11235217,23025826,23966001,98115277
Egypt,2098,34130734,122042696,41962647,11192143,22938591,23850375,98192321
Egypt,2099,33992966,121948741,42516502,11144259,22848707,23735113,98213628
Egypt,2100,33845574,121793618,43108864,11091433,22754141,23619937,98173681
El Salvador,1950,939651,1172952,87295,364753,574898,415726,757226
El Salvador,1951,957487,1191475,87614,376632,580855,423412,768063
El Salvador,1952,979221,1211468,87618,391719,587502,431791,779677
El Salvador,1953,1003190,1233949,87420,407482,595708,440875,793074
El Salvador,1954,1028991,1258951,87030,423105,605886,450202,808749
El Salvador,1955,1056966,1285940,86427,438994,617972,459439,826501
El Salvador,1956,1091221,1308636,87729,458067,633154,467470,841166
El Salvador,1957,1125290,1335531,89005,472506,652784,476430,859101
El Salvador,1958,1160682,1365367,90228,484568,676114,485941,879426
El Salvador,1959,1198731,1397123,91379,496813,701918,495837,901286
El Salvador,1960,1239842,1430584,92473,511428,728414,506367,924217
El Salvador,1961,1283633,1464736,94871,525848,757785,517783,946953
El Salvador,1962,1329667,1500982,97208,541146,788521,529587,971395
El Salvador,1963,1376662,1539711,99514,557125,819537,542309,997402
El Salvador,1964,1422433,1581944,101809,572713,849720,557013,1024931
El Salvador,1965,1465594,1628161,104108,587529,878065,574497,1053664
El Salvador,1966,1512725,1670616,107070,605218,907507,592525,1078091
El Salvador,1967,1555978,1717730,109993,618350,937628,613450,1104280
El Salvador,1968,1596318,1768562,112862,628424,967894,636705,1131857
El Salvador,1969,1635339,1821729,115639,637884,997455,661494,1160235
El Salvador,1970,1673717,1876566,118312,648814,1024903,687492,1189074
El Salvador,1971,1712052,1930936,122178,661812,1050240,711160,1219776
El Salvador,1972,1750076,1985931,125924,674521,1075555,735242,1250689
El Salvador,1973,1787371,2041411,129541,686999,1100372,759283,1282128
El Salvador,1974,1822996,2097670,133047,698869,1124127,782873,1314797
El Salvador,1975,1856236,2154839,136450,710140,1146096,805926,1348913
El Salvador,1976,1889842,2208494,141339,724727,1165115,824592,1383902
El Salvador,1977,1921914,2261923,146127,736764,1185150,841958,1419965
El Salvador,1978,1952311,2314363,150842,746261,1206050,858122,1456241
El Salvador,1979,1980446,2365340,155530,753044,1227402,873516,1491824
El Salvador,1980,2005413,2415034,160257,757147,1248266,888823,1526211
El Salvador,1981,2026383,2462913,166068,761629,1264754,901878,1561035
El Salvador,1982,2043931,2509883,171906,761244,1282687,914450,1595433
El Salvador,1983,2059123,2555930,177850,757638,1301485,926785,1629145
El Salvador,1984,2073243,2601321,183968,753222,1320021,939273,1662048
El Salvador,1985,2086766,2646758,190336,749790,1336976,952612,1694146
El Salvador,1986,2087548,2703718,197677,742486,1345062,970245,1733473
El Salvador,1987,2089090,2759392,205232,739104,1349986,986685,1772707
El Salvador,1988,2091363,2814698,212974,738903,1352460,1002348,1812350
El Salvador,1989,2094383,2870720,220840,740865,1353518,1017846,1852874
El Salvador,1990,2098624,2927571,228789,744433,1354191,1033503,1894068
El Salvador,1991,2098910,2991105,236642,749674,1349236,1050007,1941098
El Salvador,1992,2101905,3053999,244427,756842,1345063,1064912,1989087
El Salvador,1993,2107270,3114397,252333,764618,1342652,1077278,2037119
El Salvador,1994,2114012,3170277,260656,771091,1342921,1086058,2084219
El Salvador,1995,2120937,3220614,269564,774721,1346216,1091061,2129553
El Salvador,1996,2130081,3262309,279535,779535,1350546,1096034,2166275
El Salvador,1997,2137330,3300534,289891,778444,1358886,1098632,2201902
El Salvador,1998,2143053,3335113,300540,772357,1370696,1099283,2235830
El Salvador,1999,2147180,3366621,311386,762432,1384748,1098797,2267824
El Salvador,2000,2148919,3396270,322437,749442,1399477,1098229,2298041
El Salvador,2001,2144837,3426483,334642,730863,1413974,1099476,2327007
El Salvador,2002,2137307,3456135,346861,709851,1427456,1100957,2355178
El Salvador,2003,2126313,3486225,358997,687987,1438326,1104177,2382048
El Salvador,2004,2112345,3517575,370855,667609,1444736,1110953,2406622
El Salvador,2005,2095796,3550845,382320,650074,1445722,1122542,2428303
El Salvador,2006,2065164,3595923,395391,627441,1437723,1137984,2457939
El Salvador,2007,2037031,3638742,407702,615626,1421405,1155422,2483320
El Salvador,2008,2009439,3681392,419470,611036,1398403,1174811,2506581
El Salvador,2009,1980027,3726253,430996,608372,1371655,1195686,2530567
El Salvador,2010,1948114,3774071,442441,604173,1343941,1217596,2556475
El Salvador,2011,1915785,3823261,453514,606787,1308998,1237568,2585693
El Salvador,2012,1879581,3876948,464717,602437,1277144,1258020,2618928
El Salvador,2013,1843031,3931558,476188,593539,1249492,1276358,2655200
El Salvador,2014,1811340,3981742,488107,584868,1226472,1288726,2693016
El Salvador,2015,1786922,4024904,500652,580055,1206867,1293238,2731666
El Salvador,2016,1762894,4067975,513853,576517,1186377,1290044,2777931
El Salvador,2017,1746081,4104124,527648,575081,1171000,1278304,2825820
El Salvador,2018,1735079,4134617,541862,575341,1159738,1259983,2874634
El Salvador,2019,1726405,4162636,556364,575320,1151085,1238485,2924151
El Salvador,2020,1717764,4190178,571124,573864,1143900,1216344,2973834
El Salvador,2021,1707835,4218887,585602,573078,1134757,1192398,3026489
El Salvador,2022,1697440,4247399,600334,569153,1128287,1167139,3080260
El Salvador,2023,1687039,4275041,615481,562914,1124125,1142129,3132912
El Salvador,2024,1677623,4300660,631252,555987,1121636,1119330,3181330
El Salvador,2025,1669313,4323945,647819,549506,1119807,1100283,3223662
El Salvador,2026,1657024,4350115,665032,541386,1115638,1085450,3264665
El Salvador,2027,1645804,4374051,682757,534318,1111486,1074219,3299832
El Salvador,2028,1634822,4396211,700964,527960,1106862,1066055,3330156
El Salvador,2029,1622813,4417365,719600,521486,1101327,1059816,3357549
El Salvador,2030,1609008,4437879,738696,514337,1094671,1054822,3383057
El Salvador,2031,1591660,4459709,757805,507016,1084644,1050549,3409160
El Salvador,2032,1573047,4480570,777050,499401,1073646,1047093,3433477
El Salvador,2033,1553466,4500322,796644,491524,1061942,1044295,3456027
El Salvador,2034,1533614,4518558,816854,483711,1049903,1041920,3476638
El Salvador,2035,1513866,4535080,837894,476241,1037625,1039866,3495214
El Salvador,2036,1492560,4552999,858453,469335,1023225,1038051,3514948
El Salvador,2037,1471495,4569417,879450,462493,1009002,1035815,3533602
El Salvador,2038,1450791,4583854,900982,455806,994985,1032808,3551046
El Salvador,2039,1430497,4595779,923160,449363,981134,1028571,3567208
El Salvador,2040,1410566,4604872,946082,443281,967285,1022924,3581948
El Salvador,2041,1389924,4613768,968119,438008,951916,1015466,3598302
El Salvador,2042,1370131,4619619,990654,432885,937246,1006055,3613564
El Salvador,2043,1351241,4622613,1013523,427919,923322,995088,3627525
El Salvador,2044,1333244,4623260,1036356,423133,910111,983179,3640081
El Salvador,2045,1316032,4621875,1059055,418593,897439,970869,3651006
El Salvador,2046,1298684,4621235,1079767,414926,883758,957903,3663332
El Salvador,2047,1282361,4618451,1100207,411106,871255,944184,3674267
El Salvador,2048,1267086,4613032,1120912,407178,859908,929980,3683052
El Salvador,2049,1252765,4604376,1142668,403201,849564,915598,3688778
El Salvador,2050,1239170,4592066,1166174,399253,839917,901376,3690690
El Salvador,2051,1225255,4579797,1188818,395790,829465,887553,3692244
El Salvador,2052,1212104,4564519,1212556,391988,820116,873714,3690805
El Salvador,2053,1199646,4545362,1238288,387923,811723,860038,3685324
El Salvador,2054,1187725,4521261,1267191,383694,804031,846731,3674530
El Salvador,2055,1176079,4491694,1299990,379383,796696,834044,3657650
El Salvador,2056,1163465,4461137,1333460,375132,788333,822355,3638782
El Salvador,2057,1151296,4426030,1369748,370813,780483,811021,3615009
El Salvador,2058,1139442,4386864,1408461,366412,773030,800133,3586731
El Salvador,2059,1127682,4344432,1448980,361882,765800,789786,3554646
El Salvador,2060,1115780,4299373,1490880,357205,758575,780105,3519268
El Salvador,2061,1102815,4256419,1530328,352627,750188,771573,3484846
El Salvador,2062,1089961,4211402,1570341,348014,741947,763385,3448017
El Salvador,2063,1077172,4165407,1609876,343361,733811,755491,3409916
El Salvador,2064,1064443,4120072,1647331,338706,725737,747800,3372272
El Salvador,2065,1051694,4076391,1681831,334094,717600,740314,3336077
El Salvador,2066,1038253,4039584,1708824,329776,708477,733672,3305912
El Salvador,2067,1025130,4005035,1731917,325638,699492,726904,3278131
El Salvador,2068,1012287,3971634,1752263,321624,690663,719973,3251661
El Salvador,2069,999643,3937702,1771647,317659,681984,712832,3224870
El Salvador,2070,987089,3902106,1791310,313714,673375,705508,3196598
El Salvador,2071,974465,3870777,1805492,310324,664141,698781,3171996
El Salvador,2072,962189,3838576,1818939,306889,655300,691599,3146977
El Salvador,2073,950295,3805151,1831966,303422,646873,683999,3121152
El Salvador,2074,938784,3770191,1844873,299978,638806,676035,3094156
El Salvador,2075,927555,3733391,1858072,296606,630949,667805,3065586
El Salvador,2076,916560,3701232,1865174,293751,622809,660306,3040926
El Salvador,2077,906101,3667811,1871800,290932,615169,652349,3015462
El Salvador,2078,896095,3632564,1878615,288114,607981,644019,2988545
El Salvador,2079,886400,3594954,1886313,285251,601149,635456,2959498
El Salvador,2080,876846,3554718,1895354,282322,594524,626837,2927881
El Salvador,2081,867533,3518471,1899063,279824,587709,619189,2899282
El Salvador,2082,858562,3480451,1903182,277225,581337,611353,2869098
El Salvador,2083,849898,3440702,1907775,274528,575370,603410,2837292
El Salvador,2084,841471,3399499,1912762,271755,569716,595466,2804033
El Salvador,2085,833134,3356986,1918250,268926,564208,587646,2769340
El Salvador,2086,824690,3318835,1918831,266313,558377,580850,2737985
El Salvador,2087,816624,3280454,1918698,263739,552885,574110,2706344
El Salvador,2088,808851,3241789,1918103,261165,547686,567461,2674328
El Salvador,2089,801189,3202658,1917540,258518,542671,560909,2641749
El Salvador,2090,793394,3162697,1917732,255735,537659,554463,2608234
El Salvador,2091,785393,3127233,1913522,253145,532248,548970,2578263
El Salvador,2092,777625,3092419,1908396,250540,527085,543575,2548844
El Salvador,2093,769986,3057759,1903025,247885,522101,538221,2519538
El Salvador,2094,762351,3022727,1898110,245165,517186,532849,2489878
El Salvador,2095,754551,2986878,1894355,242360,512191,527445,2459433
El Salvador,2096,746683,2955984,1885952,239775,506908,522960,2433024
El Salvador,2097,739089,2925721,1876950,237286,501803,518448,2407273
El Salvador,2098,731649,2895500,1868173,234852,496797,513841,2381659
El Salvador,2099,724220,2864738,1860426,232414,491806,509074,2355664
El Salvador,2100,716684,2833161,1854220,229939,486745,504166,2328995
Equatorial Guinea,1950,77181,135648,12708,30179,47002,40009,95639
Equatorial Guinea,1951,80125,137648,12944,32084,48041,40684,96964
Equatorial Guinea,1952,82709,138183,12961,34217,48492,40907,97276
Equatorial Guinea,1953,84533,138479,12871,35781,48752,41038,97441
Equatorial Guinea,1954,85711,139096,12740,36713,48998,41241,97855
Equatorial Guinea,1955,86624,140169,12582,37328,49296,41565,98604
Equatorial Guinea,1956,88963,140079,12628,38935,50028,41542,98537
Equatorial Guinea,1957,90804,141057,12692,39437,51367,41845,99212
Equatorial Guinea,1958,92557,142642,12733,39412,53145,42324,100318
Equatorial Guinea,1959,94478,144389,12734,39364,55114,42825,101564
Equatorial Guinea,1960,96568,146082,12673,39648,56920,43283,102799
Equatorial Guinea,1961,98720,147399,12828,39667,59053,43717,103682
Equatorial Guinea,1962,101000,148671,12919,39974,61026,44093,104578
Equatorial Guinea,1963,103404,150229,12965,40625,62779,44553,105676
Equatorial Guinea,1964,105888,152571,12998,41587,64301,45321,107250
Equatorial Guinea,1965,108481,155889,13026,42881,65600,46505,109384
Equatorial Guinea,1966,112076,159511,13281,44666,67410,48061,111450
Equatorial Guinea,1967,115830,164083,13527,46634,69196,50020,114063
Equatorial Guinea,1968,119037,168624,13692,48397,70640,52037,116587
Equatorial Guinea,1969,120584,171944,13705,49189,71395,53679,118265
Equatorial Guinea,1970,119603,173381,13531,48384,71219,54688,118693
Equatorial Guinea,1971,118320,169893,13453,48112,70208,54159,115734
Equatorial Guinea,1972,114665,164796,13124,45906,68759,53195,111601
Equatorial Guinea,1973,109551,158862,12608,42478,67073,51936,106926
Equatorial Guinea,1974,104476,152991,11959,39161,65315,50561,102430
Equatorial Guinea,1975,100604,147917,11226,37138,63466,49251,98666
Equatorial Guinea,1976,97202,143961,11031,35012,62190,47957,96004
Equatorial Guinea,1977,95014,140842,10821,34127,60887,46744,94098
Equatorial Guinea,1978,94466,139349,10670,34643,59823,45989,93360
Equatorial Guinea,1979,96058,140386,10634,36705,59353,46155,94231
Equatorial Guinea,1980,100366,144228,10731,40671,59695,47440,96788
Equatorial Guinea,1981,107314,151521,11228,45302,62012,49837,101684
Equatorial Guinea,1982,116444,162176,11997,50706,65738,53523,108653
Equatorial Guinea,1983,126993,174548,12934,56569,70424,57852,116696
Equatorial Guinea,1984,137526,186643,13917,61973,75553,61972,124671
Equatorial Guinea,1985,146733,197293,14870,66020,80713,65383,131910
Equatorial Guinea,1986,156317,204192,15515,70526,85791,67562,136630
Equatorial Guinea,1987,164119,209990,16064,72784,91335,69232,140758
Equatorial Guinea,1988,170640,215132,16554,73410,97230,70559,144573
Equatorial Guinea,1989,176824,220282,17032,73594,103230,71794,148488
Equatorial Guinea,1990,183336,225984,17526,74334,109002,73165,152819
Equatorial Guinea,1991,189283,233301,18040,74526,114757,75617,157684
Equatorial Guinea,1992,195739,240896,18513,75931,119808,77885,163011
Equatorial Guinea,1993,202500,249130,18980,78344,124156,80244,168886
Equatorial Guinea,1994,209155,258509,19476,81252,127903,83152,175357
Equatorial Guinea,1995,215582,269264,20025,84308,131274,86863,182401
Equatorial Guinea,1996,221917,281533,20549,87649,134268,93464,188069
Equatorial Guinea,1997,228116,295412,21108,90985,137131,100529,194883
Equatorial Guinea,1998,234588,310396,21689,94372,140216,107488,202908
Equatorial Guinea,1999,241700,325966,22272,97998,143702,113751,212215
Equatorial Guinea,2000,249549,341917,22857,102044,147505,119034,222883
Equatorial Guinea,2001,258188,358119,23455,106451,151737,126263,231856
Equatorial Guinea,2002,267041,375317,24049,110529,156512,132776,242541
Equatorial Guinea,2003,276696,393247,24668,114578,162118,138238,255009
Equatorial Guinea,2004,287473,412012,25332,118949,168524,142635,269377
Equatorial Guinea,2005,299386,431885,26046,123943,175443,146117,285768
Equatorial Guinea,2006,311252,454171,26794,128620,182632,153823,300348
Equatorial Guinea,2007,323711,478023,27593,133660,190051,160612,317411
Equatorial Guinea,2008,337094,502899,28425,139018,198076,166109,336790
Equatorial Guinea,2009,351175,528688,29248,144543,206632,170479,358209
Equatorial Guinea,2010,365534,555517,30053,150144,215390,174017,381500
Equatorial Guinea,2011,380695,582770,30825,155894,224801,183212,399558
Equatorial Guinea,2012,395332,611722,31539,161295,234037,191985,419737
Equatorial Guinea,2013,410084,641403,32259,166425,243659,199548,441855
Equatorial Guinea,2014,425049,671315,33060,171404,253645,205631,465684
Equatorial Guinea,2015,439887,701516,33986,176334,263553,210332,491184
Equatorial Guinea,2016,456252,730225,35013,181647,274605,223383,506842
Equatorial Guinea,2017,471520,760095,36074,186635,284885,235526,524569
Equatorial Guinea,2018,486570,790216,37108,191363,295207,245759,544457
Equatorial Guinea,2019,501546,820510,38048,195912,305634,253776,566734
Equatorial Guinea,2020,516083,851357,38840,200391,315692,259707,591650
Equatorial Guinea,2021,533875,878516,39959,205378,328497,271175,607341
Equatorial Guinea,2022,549533,907810,40944,210157,339376,282801,625009
Equatorial Guinea,2023,563840,938566,41797,214793,349047,293871,644695
Equatorial Guinea,2024,577373,970388,42518,219264,358109,304017,666371
Equatorial Guinea,2025,590350,1003133,43139,223499,366851,313039,690094
Equatorial Guinea,2026,605568,1033455,44275,227714,377854,322969,710486
Equatorial Guinea,2027,619697,1065271,45292,231741,387956,333438,731833
Equatorial Guinea,2028,633032,1098022,46304,235570,397462,343645,754377
Equatorial Guinea,2029,645596,1131331,47466,239161,406435,352899,778432
Equatorial Guinea,2030,657292,1165061,48867,242441,414851,360798,804263
Equatorial Guinea,2031,670372,1196432,50983,245533,424839,368104,828328
Equatorial Guinea,2032,682373,1228493,53312,248495,433878,375330,853163
Equatorial Guinea,2033,693562,1261326,55722,251342,442220,382310,879016
Equatorial Guinea,2034,704109,1295274,58009,254095,450014,389143,906131
Equatorial Guinea,2035,714093,1330563,60072,256747,457346,395878,934685
Equatorial Guinea,2036,724904,1365598,62187,259200,465704,404985,960613
Equatorial Guinea,2037,734787,1402264,64157,261677,473110,414524,987740
Equatorial Guinea,2038,743992,1440172,65998,264168,479824,423962,1016210
Equatorial Guinea,2039,752650,1478991,67734,266658,485992,432817,1046174
Equatorial Guinea,2040,760794,1518508,69412,269105,491689,440793,1077715
Equatorial Guinea,2041,769952,1556859,71338,271541,498411,449434,1107425
Equatorial Guinea,2042,778394,1596020,73281,274041,504353,457872,1138148
Equatorial Guinea,2043,786312,1635633,75375,276548,509764,465782,1169851
Equatorial Guinea,2044,793754,1675442,77785,278956,514798,472981,1202461
Equatorial Guinea,2045,800726,1715267,80659,281186,519540,479360,1235907
Equatorial Guinea,2046,808826,1753215,84253,283550,525276,486015,1267200
Equatorial Guinea,2047,816166,1791425,88295,285597,530569,492444,1298981
Equatorial Guinea,2048,822996,1829466,93000,287410,535586,498425,1331041
Equatorial Guinea,2049,829484,1866932,98662,289112,540372,503864,1363068
Equatorial Guinea,2050,835694,1903575,105475,290784,544910,508711,1394864
Equatorial Guinea,2051,842714,1938254,113502,292372,550342,514649,1423605
Equatorial Guinea,2052,849235,1972403,122558,294003,555232,520396,1452007
Equatorial Guinea,2053,855356,2005962,132568,295645,559711,525766,1480196
Equatorial Guinea,2054,861025,2039020,143408,297194,563831,530678,1508342
Equatorial Guinea,2055,866186,2071630,155033,298567,567619,535092,1536538
Equatorial Guinea,2056,872108,2102628,167295,299921,572187,540634,1561994
Equatorial Guinea,2057,877322,2133504,180162,301166,576156,546061,1587443
Equatorial Guinea,2058,881968,2164056,193636,302284,579684,551152,1612904
Equatorial Guinea,2059,886127,2194128,207738,303261,582866,555765,1638363
Equatorial Guinea,2060,889814,2223653,222484,304077,585737,559823,1663830
Equatorial Guinea,2061,894300,2251857,237324,304892,589408,564957,1686900
Equatorial Guinea,2062,898089,2279844,252623,305577,592512,569902,1709942
Equatorial Guinea,2063,901330,2307641,268197,306143,595187,574439,1733202
Equatorial Guinea,2064,904098,2335440,283743,306609,597489,578417,1757023
Equatorial Guinea,2065,906406,2363346,299121,306968,599438,581758,1781588
Equatorial Guinea,2066,909509,2390950,313467,307330,602179,586099,1804851
Equatorial Guinea,2067,912026,2418902,327479,307720,604306,590128,1828774
Equatorial Guinea,2068,914054,2446814,341418,308089,605965,593677,1853137
Equatorial Guinea,2069,915585,2474280,355655,308343,607242,596680,1877600
Equatorial Guinea,2070,916606,2501060,370428,308404,608202,599103,1901957
Equatorial Guinea,2071,918519,2526892,384565,308567,609952,602507,1924385
Equatorial Guinea,2072,919738,2552397,399025,308546,611192,605659,1946738
Equatorial Guinea,2073,920434,2577458,413752,308376,612058,608374,1969084
Equatorial Guinea,2074,920748,2602069,428612,308130,612618,610529,1991540
Equatorial Guinea,2075,920739,2626204,443574,307846,612893,612058,2014146
Equatorial Guinea,2076,921531,2649766,457605,307585,613946,614493,2035273
Equatorial Guinea,2077,921920,2673086,471578,307434,614486,616611,2056475
Equatorial Guinea,2078,921971,2695949,485632,307327,614644,618277,2077672
Equatorial Guinea,2079,921648,2718199,499962,307153,614495,619438,2098761
Equatorial Guinea,2080,920915,2739715,514719,306818,614097,620069,2119646
Equatorial Guinea,2081,921019,2760097,529057,306603,614416,621521,2138576
Equatorial Guinea,2082,920586,2780146,543554,306243,614343,622757,2157389
Equatorial Guinea,2083,919766,2799640,558273,305761,614005,623627,2176013
Equatorial Guinea,2084,918667,2818411,573319,305204,613463,624044,2194367
Equatorial Guinea,2085,917324,2836293,588797,304590,612734,623946,2212347
Equatorial Guinea,2086,916702,2853065,604008,304004,612698,624628,2228437
Equatorial Guinea,2087,915758,2869343,619338,303452,612306,625105,2244238
Equatorial Guinea,2088,914543,2884994,634888,302905,611638,625248,2259746
Equatorial Guinea,2089,913039,2899942,650752,302301,610738,624989,2274953
Equatorial Guinea,2090,911207,2914137,667032,301585,609622,624292,2289845
Equatorial Guinea,2091,910099,2927409,682827,300942,609157,624349,2303060
Equatorial Guinea,2092,908602,2940349,698665,300261,608341,624254,2316095
Equatorial Guinea,2093,906804,2952751,714663,299534,607270,623883,2328868
Equatorial Guinea,2094,904743,2964433,730950,298748,605995,623167,2341266
Equatorial Guinea,2095,902405,2975254,747697,297878,604527,622066,2353188
Equatorial Guinea,2096,900818,2985407,763654,297097,603721,621726,2363681
Equatorial Guinea,2097,898911,2995155,779634,296306,602605,621273,2373882
Equatorial Guinea,2098,896732,3004300,795787,295477,601255,620572,2383728
Equatorial Guinea,2099,894264,3012676,812278,294567,599697,619529,2393147
Equatorial Guinea,2100,891494,3020148,829243,293553,597941,618083,2402065
Eritrea,1950,516500,588998,36650,213200,303300,218299,370699
Eritrea,1951,524069,598791,36938,213972,310097,222608,376183
Eritrea,1952,529597,612682,37258,211046,318551,228385,384297
Eritrea,1953,535516,628171,37437,208631,326885,234660,393511
Eritrea,1954,542717,644265,37402,208886,333831,241011,403254
Eritrea,1955,550947,661100,37146,212529,338418,247493,413607
Eritrea,1956,560795,676993,37746,215596,345199,253485,423508
Eritrea,1957,572318,692998,38104,222091,350227,259358,433640
Eritrea,1958,584413,710216,38324,230592,353821,265557,444659
Eritrea,1959,596153,729637,38486,239716,356437,272518,457119
Eritrea,1960,607383,751500,38608,248865,358518,280367,471133
Eritrea,1961,624595,768720,39325,261874,362721,286536,482184
Eritrea,1962,639695,789869,40081,270388,369307,294237,495632
Eritrea,1963,653970,813484,40819,275955,378015,302593,510891
Eritrea,1964,669236,837478,41473,281113,388123,310354,527124
Eritrea,1965,686280,860881,42018,287976,398304,316923,543958
Eritrea,1966,707845,880222,43080,295912,411933,321297,558925
Eritrea,1967,730401,899749,44054,303477,426924,325003,574746
Eritrea,1968,753524,920035,44966,311112,442412,328513,591522
Eritrea,1969,776226,942264,45853,318806,457420,332686,609578
Eritrea,1970,798086,967050,46742,326965,471121,338072,628978
Eritrea,1971,823694,989441,48064,336990,486704,343198,646243
Eritrea,1972,847891,1015025,49386,345262,502629,349722,665303
Eritrea,1973,871267,1043197,50696,352673,518594,357685,685512
Eritrea,1974,894657,1073068,51992,360389,534268,367111,705957
Eritrea,1975,918522,1104155,53288,369380,549142,378000,726155
Eritrea,1976,945735,1132884,55104,379439,566296,389426,743458
Eritrea,1977,972891,1163290,56887,389437,583454,402582,760708
Eritrea,1978,1000260,1195544,58646,399861,600399,417049,778495
Eritrea,1979,1028185,1229894,60416,411196,616989,432162,797732
Eritrea,1980,1056984,1266353,62203,423937,633047,447437,818916
Eritrea,1981,1089823,1300457,64486,438296,651527,461745,838712
Eritrea,1982,1122545,1336278,66698,452396,670149,476191,860087
Eritrea,1983,1155448,1374070,68892,466415,689033,490948,883122
Eritrea,1984,1189049,1414124,71116,480656,708393,506262,907862
Eritrea,1985,1223458,1456287,73406,495405,728053,522148,934139
Eritrea,1986,1267019,1493658,76434,514126,752893,535598,958060
Eritrea,1987,1311210,1533674,79465,531106,780104,550227,983447
Eritrea,1988,1351723,1572336,82302,544666,807057,564702,1007634
Eritrea,1989,1382221,1604861,84689,551850,830371,577340,1027521
Eritrea,1990,1398278,1628554,86479,550889,847389,587203,1041351
Eritrea,1991,1425358,1612759,89180,556439,868919,576077,1036682
Eritrea,1992,1440049,1587372,91161,550132,889917,564374,1022998
Eritrea,1993,1447485,1558854,92708,536756,910729,555612,1003242
Eritrea,1994,1456202,1535020,94221,523696,932506,553749,981271
Eritrea,1995,1472499,1521630,96030,516888,955611,561886,959744
Eritrea,1996,1468287,1549240,98852,502747,965540,586407,962833
Eritrea,1997,1471120,1588175,102055,496349,974771,616778,971397
Eritrea,1998,1480461,1638111,105651,497426,983035,652380,985731
Eritrea,1999,1495085,1697601,109577,504849,990236,691756,1005845
Eritrea,2000,1514510,1764550,113741,517874,996636,733390,1031160
Eritrea,2001,1531421,1847425,118278,532214,999207,780829,1066596
Eritrea,2002,1553513,1938191,122935,552486,1001027,828965,1109226
Eritrea,2003,1578508,2032193,127564,576311,1002197,874600,1157593
Eritrea,2004,1603379,2123293,131951,600224,1003155,913445,1209848
Eritrea,2005,1626118,2206952,135937,621635,1004483,942479,1264473
Eritrea,2006,1667577,2257995,141076,653380,1014197,952215,1305780
Eritrea,2007,1706546,2301214,145572,676258,1030288,954452,1346762
Eritrea,2008,1744830,2338272,149534,692158,1052672,951099,1387173
Eritrea,2009,1784813,2372354,153167,704272,1080541,945072,1427282
Eritrea,2010,1827502,2406710,156628,715420,1112082,939028,1467682
Eritrea,2011,1870533,2442737,161420,725676,1144857,929830,1512907
Eritrea,2012,1914736,2480135,166106,731896,1182840,920461,1559674
Eritrea,2013,1959847,2520672,170479,735882,1223965,913499,1607173
Eritrea,2014,2005198,2566650,174197,739581,1265617,912323,1654327
Eritrea,2015,2050162,2619703,177111,744471,1305691,919297,1700406
Eritrea,2016,2083738,2690407,180500,743741,1339997,936581,1753826
Eritrea,2017,2117932,2767786,183113,747762,1370170,960440,1807346
Eritrea,2018,2151006,2851633,185309,755021,1395985,990371,1861262
Eritrea,2019,2180941,2941182,187536,762988,1417953,1025170,1916012
Eritrea,2020,2206798,3035398,190020,769813,1436985,1063698,1971700
Eritrea,2021,2230084,3131039,194018,777920,1452164,1104357,2026682
Eritrea,2022,2249082,3231579,198137,783896,1465186,1148484,2083095
Eritrea,2023,2265210,3335872,202294,788419,1476791,1193909,2141963
Eritrea,2024,2280919,3442078,206301,793124,1487795,1237429,2204649
Eritrea,2025,2297705,3549088,210087,799284,1498421,1276992,2272096
Eritrea,2026,2315851,3654922,215243,806925,1508926,1311726,2343196
Eritrea,2027,2335098,3761169,220215,814948,1520150,1342014,2419155
Eritrea,2028,2355500,3867906,225045,823538,1531962,1368159,2499747
Eritrea,2029,2376674,3975699,229756,832574,1544100,1391042,2584657
Eritrea,2030,2398461,4084815,234411,842116,1556345,1411314,2673501
Eritrea,2031,2422204,4192346,240557,853117,1569087,1427867,2764479
Eritrea,2032,2446816,4300679,246755,863811,1583005,1441305,2859374
Eritrea,2033,2472238,4409708,253088,874210,1598028,1452629,2957079
Eritrea,2034,2498319,4519379,259575,884326,1613993,1463263,3056116
Eritrea,2035,2524860,4629618,266327,894243,1630617,1474221,3155397
Eritrea,2036,2553159,4737610,274774,905108,1648051,1484881,3252729
Eritrea,2037,2581380,4846386,283578,914515,1666865,1496143,3350243
Eritrea,2038,2609386,4955335,293248,922720,1686666,1508049,3447286
Eritrea,2039,2636928,5063770,304427,930018,1706910,1520459,3543311
Eritrea,2040,2663650,5171318,317572,936663,1726987,1533374,3637944
Eritrea,2041,2690119,5275963,333991,942977,1747142,1546629,3729334
Eritrea,2042,2715471,5380090,352038,948278,1767193,1560564,3819526
Eritrea,2043,2739385,5483434,372082,952682,1786703,1575359,3908075
Eritrea,2044,2761464,5585674,394618,956251,1805213,1591209,3994465
Eritrea,2045,2781408,5686656,419924,959048,1822360,1608229,4078427
Eritrea,2046,2800002,5784982,448477,961343,1838659,1626217,4158765
Eritrea,2047,2816574,5882344,479168,963145,1853429,1645076,4237268
Eritrea,2048,2831038,5979075,511715,964506,1866532,1664652,4314423
Eritrea,2049,2843474,6075542,545673,965524,1877950,1684636,4390906
Eritrea,2050,2853997,6171957,580710,966283,1887714,1704774,4467183
Eritrea,2051,2863884,6267276,616515,967288,1896596,1725073,4542203
Eritrea,2052,2872218,6362403,653063,968298,1903920,1745148,4617255
Eritrea,2053,2879075,6457971,689649,969289,1909786,1764722,4693249
Eritrea,2054,2884668,6554854,725234,970260,1914408,1783379,4771475
Eritrea,2055,2889213,6653405,759262,971258,1917955,1800817,4852588
Eritrea,2056,2894766,6752399,790881,973392,1921374,1817129,4935270
Eritrea,2057,2899502,6852725,820975,975212,1924290,1831939,5020786
Eritrea,2058,2903588,6953678,850089,976795,1926793,1845217,5108461
Eritrea,2059,2907241,7054345,878904,978276,1928965,1856948,5197397
Eritrea,2060,2910593,7154022,907977,979812,1930781,1867162,5286860
Eritrea,2061,2915820,7252020,935778,982571,1933249,1876156,5375864
Eritrea,2062,2920742,7349247,963524,984729,1936013,1883518,5465729
Eritrea,2063,2925396,7444461,992366,986402,1938994,1889485,5554976
Eritrea,2064,2929712,7536106,1023845,987703,1942009,1894391,5641715
Eritrea,2065,2933596,7623198,1058956,988768,1944828,1898515,5724683
Eritrea,2066,2939014,7705594,1095839,990598,1948416,1902330,5803264
Eritrea,2067,2943904,7784099,1135681,991671,1952233,1905369,5878730
Eritrea,2068,2948126,7858659,1178535,992058,1956068,1907885,5950774
Eritrea,2069,2951435,7929445,1224323,991774,1959661,1910184,6019261
Eritrea,2070,2953596,7996612,1272991,990871,1962725,1912512,6084100
Eritrea,2071,2956347,8059994,1322895,990215,1966132,1915370,6144624
Eritrea,2072,2957825,8120428,1375033,988618,1969207,1918278,6202150
Eritrea,2073,2957994,8178537,1428768,986268,1971726,1921306,6257231
Eritrea,2074,2956875,8235245,1483151,983431,1973444,1924439,6310806
Eritrea,2075,2954413,8291067,1537674,980297,1974116,1927682,6363385
Eritrea,2076,2951808,8346467,1590650,977131,1974677,1931631,6414836
Eritrea,2077,2948186,8401548,1642803,973991,1974195,1935587,6465961
Eritrea,2078,2943385,8456069,1694568,970798,1972587,1939499,6516570
Eritrea,2079,2937253,8509593,1746525,967417,1969836,1943229,6566364
Eritrea,2080,2929733,8561692,1799196,963764,1965969,1946645,6615047
Eritrea,2081,2922891,8613199,1849652,960776,1962115,1950367,6662832
Eritrea,2082,2914994,8664071,1899650,957534,1957460,1953666,6710405
Eritrea,2083,2906105,8713833,1949617,954057,1952048,1956383,6757450
Eritrea,2084,2896371,8761876,1999999,950415,1945956,1958251,6803625
Eritrea,2085,2885875,8807645,2051260,946687,1939188,1959099,6848546
Eritrea,2086,2877027,8853153,2098973,943954,1933073,1959823,6893330
Eritrea,2087,2867592,8897147,2146622,940835,1926757,1959487,6937660
Eritrea,2088,2857618,8938949,2194843,937438,1920180,1958069,6980880
Eritrea,2089,2847176,8977917,2244182,933915,1913261,1955572,7022345
Eritrea,2090,2836312,9013592,2295050,930414,1905898,1952035,7061557
Eritrea,2091,2827415,9049194,2341842,927843,1899572,1948620,7100574
Eritrea,2092,2818299,9082236,2389218,925119,1893180,1944147,7138089
Eritrea,2093,2808923,9112274,2437669,922262,1886661,1938799,7173475
Eritrea,2094,2799169,9138881,2487742,919251,1879918,1932812,7206069
Eritrea,2095,2788939,9161655,2539921,916087,1872852,1926344,7235311
Eritrea,2096,2780754,9184024,2588265,913849,1866905,1920574,7263450
Eritrea,2097,2772184,9203620,2637577,911180,1861004,1914419,7289201
Eritrea,2098,2763160,9220210,2688155,908091,1855069,1907945,7312265
Eritrea,2099,2753635,9233523,2740297,904656,1848979,1901181,7332342
Eritrea,2100,2743536,9243167,2794496,900999,1842537,1894124,7349043
Estonia,1950,281496,702787,116712,92294,189202,193644,509143
Estonia,1951,281381,714197,117669,94640,186741,196538,517659
Estonia,1952,278497,727987,118756,93563,184934,199425,528562
Estonia,1953,275610,741630,119664,91868,183742,201667,539963
Estonia,1954,274085,753806,120322,90669,183416,202953,550853
Estonia,1955,274169,764259,120803,90509,183660,203278,560981
Estonia,1956,271348,776594,122159,89345,182003,201627,574967
Estonia,1957,271562,786049,123408,89995,181567,198206,587843
Estonia,1958,274023,793511,124719,91770,182253,193392,600119
Estonia,1959,277486,800316,126306,93787,183699,187792,612524
Estonia,1960,281084,807407,128328,95246,185838,181987,625420
Estonia,1961,285020,814475,131004,95731,189289,181055,633420
Estonia,1962,288177,823201,133698,96464,191713,180669,642532
Estonia,1963,290379,833342,136492,97100,193279,181035,652307
Estonia,1964,291916,844096,139425,97529,194387,182380,661716
Estonia,1965,293080,854782,142534,97678,195402,184743,670039
Estonia,1966,294727,864101,146159,97926,196801,187930,676171
Estonia,1967,295885,873535,149825,97609,198276,192125,681410
Estonia,1968,296844,882852,153480,97050,199794,196682,686170
Estonia,1969,297978,891846,156994,96828,201150,200656,691190
Estonia,1970,299463,900427,160312,97316,202147,203460,696967
Estonia,1971,300805,908316,164185,97508,203297,207124,701192
Estonia,1972,302733,915855,167480,99487,203246,210246,705609
Estonia,1973,304876,923222,170373,102542,202334,212972,710250
Estonia,1974,306546,930780,173141,105417,201129,215578,715202
Estonia,1975,307465,938651,175926,107233,200232,218003,720648
Estonia,1976,310505,944025,178648,109901,200604,219235,724790
Estonia,1977,312375,950065,181449,110407,201968,219921,730144
Estonia,1978,313795,956648,183830,109492,204303,219846,736802
Estonia,1979,315808,963643,184965,108562,207246,218929,744714
Estonia,1980,318833,971100,184503,108563,210270,217317,753783
Estonia,1981,320854,979075,183944,107500,213354,216696,762379
Estonia,1982,324113,986865,181663,108426,215687,215717,771148
Estonia,1983,328146,994691,178583,110762,217384,214647,780044
Estonia,1984,332177,1003022,176000,113477,218700,214013,789009
Estonia,1985,335878,1011889,174630,115825,220053,214061,797828
Estonia,1986,340377,1020213,175443,118750,221627,214490,805723
Estonia,1987,344942,1029134,177132,121430,223512,215476,813658
Estonia,1988,348642,1036295,179255,123153,225489,216325,819970
Estonia,1989,349902,1038884,181185,122786,227116,216285,822599
Estonia,1990,347223,1035486,182533,119342,227881,215057,820429
Estonia,1991,341648,1020381,186186,115535,226113,211132,809249
Estonia,1992,331573,1000162,189075,107845,223728,206976,793186
Estonia,1993,318778,977972,191309,97680,221098,202983,774989
Estonia,1994,306083,957865,193145,87591,218492,199655,758210
Estonia,1995,295439,942677,194908,79637,215802,197365,745312
Estonia,1996,282126,937641,197969,70089,212037,198069,739572
Estonia,1997,271809,936931,200934,64641,207168,198842,738089
Estonia,1998,263444,939008,203898,62508,200936,199527,739481
Estonia,1999,255179,941634,206976,61915,193264,200129,741505
Estonia,2000,246005,942992,210115,61287,184718,200612,742380
Estonia,2001,237129,940075,214525,61067,176062,201118,738957
Estonia,2002,228063,935916,218753,61680,166383,202009,733907
Estonia,2003,219154,931235,222520,62703,156451,202879,728356
Estonia,2004,211387,926800,225378,64170,147217,202989,723811
Estonia,2005,205472,923036,227140,66212,139260,201877,721159
Estonia,2006,202486,917500,229311,70132,132354,199175,718325
Estonia,2007,200603,912858,230611,73115,127488,195598,717260
Estonia,2008,200006,908325,231381,75337,124669,190997,717328
Estonia,2009,200460,903178,232192,76825,123635,185275,717903
Estonia,2010,201589,897074,233439,77670,123919,178423,718651
Estonia,2011,203774,889050,235625,78437,125337,170054,718996
Estonia,2012,205629,880998,238307,77272,128357,160675,720323
Estonia,2013,207452,872755,241353,74971,132481,150979,721776
Estonia,2014,209614,864257,244488,72663,136951,142038,722219
Estonia,2015,212168,855586,247567,71079,141089,134617,720969
Estonia,2016,212559,848540,251343,67682,144877,128811,719729
Estonia,2017,214355,840526,254751,66958,147397,124341,716185
Estonia,2018,216478,832374,257936,67954,148524,121414,710960
Estonia,2019,217548,825110,261140,69087,148461,120155,704955
Estonia,2020,216974,819091,264494,69248,147726,120544,698547
Estonia,2021,216625,812431,267982,70233,146392,122306,690125
Estonia,2022,214308,807416,271509,69654,144654,125830,681586
Estonia,2023,210735,803406,274998,67908,142827,130394,673012
Estonia,2024,207138,799309,278311,65919,141219,134874,664435
Estonia,2025,204130,794576,281428,64328,139802,138548,656028
Estonia,2026,201011,789385,284834,62593,138418,141452,647933
Estonia,2027,198382,783715,287983,61133,137249,143498,640217
Estonia,2028,196089,777807,290822,59980,136109,144696,633111
Estonia,2029,193699,772256,293244,58948,134751,145219,627037
Estonia,2030,191012,767371,295207,57939,133073,145192,622179
Estonia,2031,188047,762890,296970,56892,131155,144481,618409
Estonia,2032,185158,758924,298078,56185,128973,142985,615939
Estonia,2033,182329,755189,298878,55729,126600,141021,614168
Estonia,2034,179632,751145,299885,55465,124167,139040,612105
Estonia,2035,177128,746394,301479,55344,121784,137329,609065
Estonia,2036,175127,740868,303439,55619,119508,135825,605043
Estonia,2037,173334,734800,305818,55900,117434,134627,600173
Estonia,2038,171795,728286,308469,56185,115610,133556,594730
Estonia,2039,170560,721592,311072,56484,114076,132288,589304
Estonia,2040,169641,714903,313400,56822,112819,130644,584259
Estonia,2041,169319,708198,315196,57450,111869,128688,579510
Estonia,2042,169200,701619,316720,57837,111363,126466,575153
Estonia,2043,169296,695013,318062,58051,111245,124077,570936
Estonia,2044,169559,688169,319463,58155,111404,121684,566485
Estonia,2045,169907,680926,321116,58196,111711,119400,561526
Estonia,2046,170323,673591,322741,58170,112153,117226,556365
Estonia,2047,170791,666191,324309,58038,112753,115150,551041
Estonia,2048,171228,658600,326026,57811,113417,113267,545333
Estonia,2049,171533,650630,328174,57487,114046,111684,538946
Estonia,2050,171628,642204,330915,57059,114569,110470,531734
Estonia,2051,171470,633735,333852,56484,114986,109650,524085
Estonia,2052,171157,625012,337114,55915,115242,109199,515813
Estonia,2053,170628,616437,340357,55327,115301,109071,507366
Estonia,2054,169861,608584,343029,54701,115160,109178,499406
Estonia,2055,168838,601808,344805,54017,114821,109455,492353
Estonia,2056,167662,596451,345241,53326,114336,109935,486516
Estonia,2057,166311,592200,344666,52649,113662,110563,481637
Estonia,2058,164792,588958,343196,51979,112813,111263,477695
Estonia,2059,163128,586515,341011,51320,111808,111912,474603
Estonia,2060,161346,584679,338284,50677,110669,112428,472251
Estonia,2061,159653,583994,334281,50156,109497,112870,471124
Estonia,2062,157915,584026,329568,49652,108263,113146,470880
Estonia,2063,156154,584356,324572,49175,106979,113234,471122
Estonia,2064,154402,584447,319812,48742,105660,113118,471329
Estonia,2065,152686,583958,315617,48373,104313,112803,471155
Estonia,2066,151215,583440,311234,48171,103044,112352,471088
Estonia,2067,149850,582479,307239,48008,101842,111692,470787
Estonia,2068,148608,580937,303752,47882,100726,110848,470089
Estonia,2069,147474,578620,301001,47790,99684,109867,468753
Estonia,2070,146424,575342,299203,47727,98697,108772,466570
Estonia,2071,145681,571651,297603,47829,97852,107645,464006
Estonia,2072,145059,567159,296774,47892,97167,106433,460726
Estonia,2073,144530,562091,296536,47917,96613,105158,456933
Estonia,2074,144075,556887,296477,47916,96159,103851,453036
Estonia,2075,143664,551851,296323,47896,95768,102543,449308
Estonia,2076,143468,547515,295387,47956,95512,101326,446189
Estonia,2077,143329,543563,294148,47948,95381,100146,443417
Estonia,2078,143215,539814,292814,47881,95334,99025,440789
Estonia,2079,143086,535994,291706,47757,95329,97988,438006
Estonia,2080,142893,531913,291065,47578,95315,97045,434868
Estonia,2081,142705,528041,290359,47383,95322,96247,431794
Estonia,2082,142486,524223,289767,47144,95342,95572,428651
Estonia,2083,142219,520498,289265,46866,95353,95025,425473
Estonia,2084,141863,516880,288904,46544,95319,94592,422288
Estonia,2085,141357,513257,288836,46172,95185,94238,419019
Estonia,2086,140815,510234,288343,45786,95029,94052,416182
Estonia,2087,140209,507452,287801,45403,94806,93969,413483
Estonia,2088,139487,504782,287392,45003,94484,93945,410837
Estonia,2089,138626,502147,287187,44586,94040,93930,408217
Estonia,2090,137635,499552,287193,44151,93484,93902,405650
Estonia,2091,136748,497913,286212,43786,92962,94000,403913
Estonia,2092,135793,496396,285250,43435,92358,94072,402324
Estonia,2093,134759,494898,284420,43094,91665,94091,400807
Estonia,2094,133658,493317,283783,42760,90898,94030,399287
Estonia,2095,132510,491610,283351,42430,90080,93884,397726
Estonia,2096,131599,490682,281913,42237,89362,93794,396888
Estonia,2097,130642,489560,280706,42027,88615,93579,395981
Estonia,2098,129658,488217,279714,41801,87857,93250,394967
Estonia,2099,128692,486628,278898,41586,87106,92821,393807
Estonia,2100,127781,484729,278249,41421,86360,92296,392433
Ethiopia,1950,7993135,9590844,544055,3327720,4665415,3411648,6179196
Ethiopia,1951,8170028,9746967,549973,3389402,4780626,3470827,6276140
Ethiopia,1952,8322520,9942790,554390,3412826,4909694,3544619,6398171
Ethiopia,1953,8468043,10159722,556527,3430665,5037378,3626000,6533722
Ethiopia,1954,8610665,10392989,556362,3458708,5151957,3712959,6680030
Ethiopia,1955,8748372,10644786,554134,3507758,5240614,3806613,6838173
Ethiopia,1956,8931315,10852962,563536,3570127,5361188,3884073,6968889
Ethiopia,1957,9109165,11083786,571499,3632160,5477005,3970153,7113633
Ethiopia,1958,9282143,11340932,577959,3698135,5584008,4065925,7275007
Ethiopia,1959,9452979,11626540,582477,3775747,5677232,4172094,7454446
Ethiopia,1960,9626870,11939546,584862,3875948,5750922,4288546,7651000
Ethiopia,1961,9873598,12200956,596636,4015433,5858165,4385979,7814977
Ethiopia,1962,10116133,12498401,606855,4140271,5975862,4497597,8000804
Ethiopia,1963,10359539,12822094,616796,4258497,6101042,4617875,8204219
Ethiopia,1964,10607861,13160950,628213,4377914,6229947,4739982,8420968
Ethiopia,1965,10862147,13509470,642009,4507784,6354363,4860573,8648897
Ethiopia,1966,11188992,13786787,665597,4669317,6519675,4951517,8835270
Ethiopia,1967,11502281,14087977,690950,4792859,6709422,5047804,9040173
Ethiopia,1968,11814749,14414174,717156,4897820,6916929,5149413,9264761
Ethiopia,1969,12143152,14768011,742998,5011586,7131566,5257069,9510942
Ethiopia,1970,12497375,15149880,767822,5159479,7337896,5371774,9778106
Ethiopia,1971,12935373,15509887,799947,5340100,7595273,5477256,10032631
Ethiopia,1972,13397655,15903979,830946,5531817,7865838,5592792,10311187
Ethiopia,1973,13858133,16307169,859813,5727623,8130510,5713122,10594047
Ethiopia,1974,14273649,16692637,885422,5905100,8368549,5833941,10858696
Ethiopia,1975,14612868,17046701,907252,6046424,8566444,5953748,11092953
Ethiopia,1976,14886972,17310515,949404,6209172,8677800,6017231,11293284
Ethiopia,1977,15106361,17526106,989923,6326526,8779835,6064169,11461937
Ethiopia,1978,15313352,17723550,1031414,6419574,8893778,6101693,11621857
Ethiopia,1979,15568774,17945979,1075473,6527980,9040794,6140980,11804999
Ethiopia,1980,15917148,18225514,1122236,6689714,9227434,6192052,12033462
Ethiopia,1981,16427560,18551562,1141166,6855731,9571829,6329907,12221655
Ethiopia,1982,16987078,18989863,1159907,7032863,9954215,6511889,12477974
Ethiopia,1983,17584779,19521470,1179634,7229823,10354956,6734208,12787262
Ethiopia,1984,18197997,20119318,1201486,7449910,10748087,6991156,13128162
Ethiopia,1985,18812981,20761974,1225388,7701396,11111585,7276840,13485134
Ethiopia,1986,19475707,21364115,1280908,7985129,11490578,7553244,13810871
Ethiopia,1987,20134392,22019263,1339628,8252384,11882008,7856257,14163006
Ethiopia,1988,20807484,22725293,1399287,8519189,12288295,8180034,14545259
Ethiopia,1989,21513461,23488000,1457452,8799234,12714227,8519451,14968549
Ethiopia,1990,22258968,24314160,1513388,9101550,13157418,8872241,15441919
Ethiopia,1991,23146459,25108773,1565851,9427750,13718709,9207740,15901033
Ethiopia,1992,24054278,25978759,1614731,9725637,14328641,9560369,16418390
Ethiopia,1993,24965804,26905128,1662024,10005128,14960676,9924043,16981085
Ethiopia,1994,25856781,27862620,1711722,10285950,15570831,10298832,17563788
Ethiopia,1995,26706365,28836391,1767124,10591714,16114651,10691999,18144392
Ethiopia,1996,27607808,29721250,1826090,10985491,16622317,11106287,18614963
Ethiopia,1997,28467270,30621285,1887895,11369768,17097502,11537753,19083532
Ethiopia,1998,29297828,31546870,1949453,11741502,17556326,11983865,19563005
Ethiopia,1999,30114589,32518658,2006807,12088308,18026281,12443911,20074747
Ethiopia,2000,30929117,33549770,2058444,12409891,18519226,12917857,20631913
Ethiopia,2001,31876711,34492503,2123043,12799873,19076838,13320005,21172498
Ethiopia,2002,32791361,35520673,2185158,13059852,19731509,13747556,21773117
Ethiopia,2003,33685213,36613270,2246661,13227950,20457263,14189050,22424220
Ethiopia,2004,34564924,37749321,2310160,13355819,21209105,14633217,23116104
Ethiopia,2005,35421791,38927689,2377603,13485013,21936778,15082488,23845201
Ethiopia,2006,36230601,40146839,2473249,13563090,22667511,15522179,24624660
Ethiopia,2007,36997188,41431471,2571750,13634029,23363159,15977834,25453637
Ethiopia,2008,37711586,42799277,2674029,13712038,23999548,16472251,26327026
Ethiopia,2009,38371314,44263703,2781236,13808564,24562750,17033084,27230619
Ethiopia,2010,38985657,45822905,2894108,13934223,25051434,17673336,28149569
Ethiopia,2011,39540470,47498761,3007525,14053500,25486970,18395064,29103697
Ethiopia,2012,40082149,49238285,3123749,14235908,25846241,19161422,30076863
Ethiopia,2013,40603506,51042477,3241741,14459226,26144280,19951581,31090896
Ethiopia,2014,41095771,52911554,3359449,14688673,26407098,20733451,32178103
Ethiopia,2015,41557920,54839134,3475979,14901070,26656850,21483071,33356063
Ethiopia,2016,42088396,56725456,3589344,15177181,26911215,22170662,34554794
Ethiopia,2017,42564262,58692333,3700843,15365545,27198717,22835766,35856567
Ethiopia,2018,43011518,60710204,3813160,15492714,27518804,23460994,37249210
Ethiopia,2019,43465923,62739856,3929856,15604253,27861670,24025140,38714716
Ethiopia,2020,43943800,64761693,4053577,15735913,28207887,24518498,40243195
Ethiopia,2021,44454770,66760525,4188031,15866163,28588607,24945261,41815264
Ethiopia,2022,44984347,68753399,4327479,16001358,28982989,25300231,43453168
Ethiopia,2023,45517684,70753382,4470258,16140587,29377097,25604851,45148531
Ethiopia,2024,46024756,72789353,4613508,16269234,29755522,25894671,46894682
Ethiopia,2025,46488068,74876118,4756496,16378556,30109512,26192771,48683347
Ethiopia,2026,46951537,76961867,4904576,16486422,30465115,26491103,50470764
Ethiopia,2027,47369023,79097445,5051399,16567610,30801413,26797159,52300286
Ethiopia,2028,47743788,81272984,5202148,16627463,31116325,27115902,54157082
Ethiopia,2029,48086192,83470570,5363345,16677584,31408608,27450197,56020373
Ethiopia,2030,48402042,85678483,5539653,16726436,31675606,27801429,57877054
Ethiopia,2031,48715032,87868067,5734487,16772906,31942126,28173646,59694421
Ethiopia,2032,48999798,90070247,5940237,16817264,32182534,28566666,61503581
Ethiopia,2033,49253655,92283163,6159079,16858327,32395328,28969843,63313320
Ethiopia,2034,49472184,94506442,6393249,16891418,32580766,29366057,65140385
Ethiopia,2035,49654148,96737129,6644747,16914284,32739864,29743354,66993775
Ethiopia,2036,49843335,98928039,6915042,16946404,32896931,30102746,68825293
Ethiopia,2037,49993558,101127677,7200771,16958122,33035436,30443608,70684069
Ethiopia,2038,50110600,103331656,7500297,16955187,33155413,30764658,72566998
Ethiopia,2039,50203813,105534542,7810049,16947199,33256614,31065522,74469020
Ethiopia,2040,50278985,107730778,8129630,16941610,33337375,31345777,76385001
Ethiopia,2041,50364155,109884980,8465286,16941984,33422171,31608971,78276009
Ethiopia,2042,50434027,112030866,8806759,16943240,33490787,31848365,80182501
Ethiopia,2043,50486414,114158547,9164333,16943840,33542574,32064981,82093566
Ethiopia,2044,50516534,116256640,9552099,16939054,33577480,32260597,83996043
Ethiopia,2045,50522520,118315947,9979172,16926535,33595985,32436133,85879814
Ethiopia,2046,50551405,120294746,10438746,16928554,33622851,32596000,87698746
Ethiopia,2047,50553735,122238054,10933854,16911847,33641888,32736946,89501108
Ethiopia,2048,50533028,124146775,11458177,16880584,33652444,32859690,91287085
Ethiopia,2049,50494582,126025199,12000145,16841556,33653026,32964877,93060322
Ethiopia,2050,50440901,127873606,12555125,16800183,33640718,33053377,94820229
Ethiopia,2051,50407421,129668912,13109218,16765934,33641487,33137030,96531882
Ethiopia,2052,50357769,131435205,13673281,16724820,33632949,33205369,98229836
Ethiopia,2053,50290496,133158653,14261126,16677838,33612658,33259862,99898791
Ethiopia,2054,50202381,134821865,14891926,16624435,33577946,33302049,101519816
Ethiopia,2055,50091782,136411960,15578822,16564783,33526999,33332875,103079085
Ethiopia,2056,50000860,137916193,16291094,16513412,33487448,33365876,104550317
Ethiopia,2057,49887879,139357737,17046076,16453269,33434610,33388264,105969473
Ethiopia,2058,49753509,140729724,17848785,16385855,33367654,33400860,107328864
Ethiopia,2059,49599709,142023953,18704345,16313567,33286142,33404126,108619827
Ethiopia,2060,49427987,143234489,19616116,16238466,33189521,33398160,109836329
Ethiopia,2061,49280624,144362249,20539961,16173699,33106925,33399719,110962530
Ethiopia,2062,49116544,145417443,21505811,16104737,33011807,33392503,112024940
Ethiopia,2063,48935626,146404859,22508029,16031805,32903821,33375462,113029397
Ethiopia,2064,48737492,147333201,23537359,15954491,32783001,33346427,113986774
Ethiopia,2065,48522341,148206673,24588568,15872978,32649363,33303770,114902903
Ethiopia,2066,48337784,149035167,25603434,15805095,32532689,33265918,115769249
Ethiopia,2067,48136283,149820198,26627452,15728778,32407505,33215149,116605049
Ethiopia,2068,47919670,150562745,27657535,15646258,32273412,33151572,117411173
Ethiopia,2069,47690721,151265754,28687837,15560911,32129810,33075110,118190644
Ethiopia,2070,47451161,151928949,29716741,15475454,31975707,32985668,118943281
Ethiopia,2071,47244621,152580081,30672727,15402714,31841907,32904752,119675329
Ethiopia,2072,47029953,153204529,31611224,15329271,31700682,32811165,120393364
Ethiopia,2073,46805970,153788574,32546585,15254555,31551415,32705834,121082740
Ethiopia,2074,46570538,154314840,33497663,15176799,31393739,32589838,121725002
Ethiopia,2075,46322795,154770790,34477488,15095223,31227572,32463790,122307000
Ethiopia,2076,46112884,155189584,35402625,15029383,31083501,32349241,122840343
Ethiopia,2077,45890727,155556666,36338028,14955076,30935651,32226200,123330466
Ethiopia,2078,45658272,155868113,37286388,14874643,30783629,32095045,123773068
Ethiopia,2079,45418368,156120202,38249564,14791834,30626534,31955544,124164658
Ethiopia,2080,45172144,156308281,39231945,14709446,30462698,31807418,124500863
Ethiopia,2081,44961028,156476747,40148393,14639221,30321807,31674079,124802668
Ethiopia,2082,44746376,156598342,41065119,14569329,30177047,31533766,125064576
Ethiopia,2083,44525889,156668436,41989099,14498762,30027127,31386961,125281475
Ethiopia,2084,44296041,156684295,42926456,14425021,29871020,31234259,125450036
Ethiopia,2085,44054905,156642827,43882432,14346711,29708194,31075918,125566909
Ethiopia,2086,43849378,156585912,44768783,14282300,29567078,30933371,125652541
Ethiopia,2087,43633304,156495071,45651307,14209651,29423653,30787383,125707688
Ethiopia,2088,43408193,156366173,46534287,14130994,29277199,30637923,125728250
Ethiopia,2089,43176620,156194266,47422123,14050080,29126540,30484344,125709922
Ethiopia,2090,42939224,155973636,48321669,13969525,28969699,30325847,125647789
Ethiopia,2091,42731057,155752030,49151475,13898283,28832774,30183795,125568235
Ethiopia,2092,42521515,155506999,49965557,13828936,28692579,30039178,125467821
Ethiopia,2093,42308017,155232413,50773389,13760393,28547624,29891681,125340732
Ethiopia,2094,42086734,154921807,51586014,13690193,28396541,29740655,125181152
Ethiopia,2095,41854682,154567513,52415028,13616257,28238425,29585047,124982466
Ethiopia,2096,41654824,154218708,53169448,13555294,28099530,29445205,124773503
Ethiopia,2097,41448005,153856246,53909018,13489104,27958901,29303941,124552305
Ethiopia,2098,41233303,153471872,54644641,13417625,27815678,29160261,124311611
Ethiopia,2099,41011586,153055625,55387397,13342925,27668661,29012513,124043112
Ethiopia,2100,40783900,152597436,56148583,13268033,27515867,28859023,123738413
Europe,1950,144622144,361010379,43742496,51714815,92907329,96005365,265005014
Europe,1951,145915922,363883723,44667284,54839386,91076536,95883212,268000511
Europe,1952,145602455,368627247,45698279,55522975,90079480,96379301,272247946
Europe,1953,145416959,373500700,46678608,55488570,89928389,96916628,276584072
Europe,1954,146203998,377595157,47551379,55389497,90814501,97073328,280521829
Europe,1955,148046648,380732276,48331436,55601261,92445387,96707157,284025119
Europe,1956,150052687,383397421,49388076,55116910,94935777,96017203,287380218
Europe,1957,153335908,384896711,50304614,55405684,97930224,94863410,290033301
Europe,1958,157168866,385909323,51166889,56109275,101059591,93505322,292404001
Europe,1959,160657192,387299187,52066839,56797711,103859481,92275793,295023394
Europe,1960,163340684,389528598,53056155,57157230,106183454,91392014,298136584
Europe,1961,165517854,392074739,54371317,57485699,108032155,90767800,301306939
Europe,1962,166948972,395412373,55718432,57517058,109431914,90366814,305045559
Europe,1963,167724767,399293996,57111734,57249620,110475147,90349001,308944995
Europe,1964,168149864,403221980,58553703,56830854,111319010,90915225,312306755
Europe,1965,168373792,406905266,60053176,56336361,112037431,92167154,314738112
Europe,1966,168448525,410062194,61775079,55768119,112680406,94056094,316006100
Europe,1967,168198566,413131921,63501565,55055723,113142843,96659658,316472263
Europe,1968,167691738,416156366,65236947,54279417,113412321,99638315,316518051
Europe,1969,167003764,419227971,66984775,53542239,113461525,102469363,316758608
Europe,1970,166200692,422397057,68752385,52929332,113271360,104822340,317574717
Europe,1971,165086585,425706623,70729444,52236923,112849662,106894862,318811761
Europe,1972,164035996,429061022,72595127,51893325,112142671,108407113,320653909
Europe,1973,162981504,432437144,74391952,51777213,111204291,109469548,322967596
Europe,1974,161801660,435818339,76179970,51680387,110121273,110315036,325503303
Europe,1975,160440431,439185384,77979001,51458510,108981921,111085225,328100159
Europe,1976,159368781,441809014,80042736,51455203,107913578,111758452,330050562
Europe,1977,158006920,444538992,82127245,51134927,106871993,112376220,332162772
Europe,1978,156486714,447478733,84009691,50605577,105881137,112871352,334607381
Europe,1979,155030285,450776569,85340158,50084958,104945327,113119447,337657122
Europe,1980,153772925,454486948,85947464,49749158,104023767,113047264,341439684
Europe,1981,152820478,458180856,86139577,49504370,103316108,112702469,345478387
Europe,1982,152105655,462227820,85616279,49424192,102681463,112059371,350168449
Europe,1983,151566380,466346528,84776748,49470164,102096216,111203529,355142999
Europe,1984,151064090,470178830,84191193,49527599,101536491,110261775,359917055
Europe,1985,150524038,473511217,84191563,49519083,101004955,109312598,364198619
Europe,1986,150210486,475779143,85101399,49604817,100605669,108301272,367477871
Europe,1987,149813976,477715127,86456098,49540563,100273413,107314261,370400866
Europe,1988,149295582,479372581,88138346,49294922,100000660,106377294,372995287
Europe,1989,148593269,480859878,89959919,48816985,99776284,105514314,375345564
Europe,1990,147645272,482246677,91806638,48084015,99561257,104737324,377509353
Europe,1991,146847283,482849710,93956732,47336646,99510637,104013690,378836020
Europe,1992,145625690,483535202,96139199,46090460,99535230,103407491,380127711
Europe,1993,144077809,484304074,98222235,44542781,99535028,102890418,381413656
Europe,1994,142344689,485166886,100022348,42975698,99368991,102418562,382748324
Europe,1995,140481578,486148275,101454740,41564204,98917374,101978285,384169990
Europe,1996,137891672,487325227,103015611,39717365,98174307,101702829,385622398
Europe,1997,135459682,488478027,104093307,38538265,96921417,101408554,387069473
Europe,1998,133041793,489666944,104941323,37847811,95193982,101152654,388514290
Europe,1999,130470684,490936119,105909930,37362825,93107859,101011472,389924647
Europe,2000,127744866,492274135,107181938,36907222,90837644,101003859,391270276
Europe,2001,125244271,493076558,109033894,36810247,88434024,101231276,391845282
Europe,2002,122643451,493978545,111132276,36677159,85966292,101515186,392463359
Europe,2003,120118279,495044175,113234179,36545798,83572481,101698726,393345449
Europe,2004,117936823,496362069,114953613,36546582,81390241,101567187,394794882
Europe,2005,116243486,497953038,116093158,36774834,79468652,100999024,396954014
Europe,2006,115150736,499068115,117312058,37293251,77857485,100095376,398972739
Europe,2007,114421380,500490960,118051416,37838757,76582623,98911090,401579870
Europe,2008,114041784,501839832,118592874,38404583,75637201,97457611,404382221
Europe,2009,113898038,502685149,119327988,38920838,74977200,95756169,406928980
Europe,2010,113899254,502798003,120466323,39345651,74553603,93812046,408985957
Europe,2011,114321076,501764705,122092023,39869536,74451540,91565262,410199443
Europe,2012,114816175,500199660,123960707,40125787,74690388,89061867,411137793
Europe,2013,115398487,498204258,126018437,40183021,75215466,86435386,411768872
Europe,2014,116066189,495974846,128169695,40142686,75923503,83915883,412058963
Europe,2015,116776358,493659174,130378427,40069690,76706668,81675999,411983175
Europe,2016,117321516,491251561,132874081,39757197,77564319,79913792,411337769
Europe,2017,117882784,488779497,135411572,39536312,78346472,78474064,410305433
Europe,2018,118377885,486303072,137967053,39369285,79008600,77368902,408934170
Europe,2019,118703203,483864241,140535156,39183074,79520129,76591617,407272624
Europe,2020,118802735,481454278,143133032,38915064,79887671,76123600,405330678
Europe,2021,118712412,478836883,145946828,38526273,80186139,76069695,402767188
Europe,2022,118449358,476314764,148673949,38207694,80241664,76362557,399952207
Europe,2023,117999728,473866147,151372169,37915688,80084040,76902850,396963297
Europe,2024,117386838,471440266,154104004,37611132,79775706,77547206,393893060
Europe,2025,116639041,468998310,156906592,37262613,79376428,78190687,390807623
Europe,2026,115912474,466384727,159787254,36944732,78967742,78965266,387419461
Europe,2027,115036581,463850139,162661091,36577241,78459340,79737133,384113006
Europe,2028,114058363,461390789,165483897,36183535,77874828,80435152,380955637
Europe,2029,113043893,459020669,168171476,35807889,77236004,80981864,378038805
Europe,2030,112035488,456736281,170683849,35479487,76556001,81324515,375411766
Europe,2031,111099669,454504301,172990679,35162261,75937408,81609975,372894326
Europe,2032,110213217,452396283,175052633,34940512,75272705,81676352,370719931
Europe,2033,109376273,450350165,176943120,34800477,74575796,81542829,368807336
Europe,2034,108574071,448282095,178775233,34714553,73859518,81258759,367023336
Europe,2035,107806726,446117721,180634812,34662170,73144556,80854290,365263431
Europe,2036,107246570,443894839,182316650,34690043,72556527,80488620,363406219
Europe,2037,106751284,441656172,183922334,34767624,71983660,80018380,361637792
Europe,2038,106323487,439367122,185488279,34877849,71445638,79446997,359920125
Europe,2039,105968709,437017143,187023409,35005020,70963689,78788638,358228505
Europe,2040,105691613,434599967,188531793,35137865,70553748,78057852,356542115
Europe,2041,105674098,432136170,189813335,35349300,70324798,77426478,354709692
Europe,2042,105704149,429704920,191000749,35522165,70181984,76772469,352932451
Europe,2043,105790093,427273103,192115236,35662815,70127278,76095086,351178017
Europe,2044,105922846,424787687,193213383,35776141,70146705,75393324,349394363
Europe,2045,106078246,422193372,194369678,35860844,70217402,74666881,347526491
Europe,2046,106364394,419590548,195375340,35930224,70434170,74092238,345498310
Europe,2047,106654332,417036747,196298652,35970319,70684013,73537318,343499429
Europe,2048,106925737,414474578,197212797,35978986,70946751,73007872,341466706
Europe,2049,107146679,411850074,198195432,35949524,71197155,72522405,339327669
Europe,2050,107290544,409135039,199295431,35872011,71418533,72092451,337042588
Europe,2051,107447887,406512183,200238580,35734461,71713426,71884847,334627336
Europe,2052,107542425,403923586,201160780,35605583,71936842,71761424,332162162
Europe,2053,107555045,401430749,202020499,35472846,72082199,71704663,329726086
Europe,2054,107469117,399127323,202742530,35321033,72148084,71693918,327433405
Europe,2055,107273878,397048543,203305306,35133333,72140545,71708972,325339571
Europe,2056,107087512,395382682,203404712,34916130,72171382,71911183,323471499
Europe,2057,106825711,394028498,203230471,34724931,72100780,72163486,321865012
Europe,2058,106484925,392934784,202844840,34547367,71937558,72429536,320505248
Europe,2059,106068167,392027250,202328377,34371740,71696427,72664927,319362323
Europe,2060,105578183,391224606,201768319,34185023,71393160,72833490,318391116
Europe,2061,105171014,390772441,200768151,34018735,71152279,73097355,317675086
Europe,2062,104730200,390536733,199584037,33880315,70849885,73318323,317218410
Europe,2063,104257002,390400193,198342026,33760901,70496101,73469815,316930378
Europe,2064,103757585,390224150,197185756,33653489,70104096,73529022,316695128
Europe,2065,103237651,389897917,196229818,33550814,69686837,73478736,316419181
Europe,2066,102870970,389711527,195016356,33496358,69374612,73483664,316227863
Europe,2067,102518656,389497065,193856277,33465753,69052903,73408228,316088837
Europe,2068,102179334,389172255,192838129,33451017,68728317,73245022,315927233
Europe,2069,101847490,388646440,192062442,33442695,68404795,72994772,315651668
Europe,2070,101516486,387842923,191616110,33431727,68084759,72656787,315186136
Europe,2071,101365859,387079674,191004781,33469491,67896368,72397148,314682526
Europe,2072,101238764,386175270,190568887,33510465,67728299,72089324,314085946
Europe,2073,101126778,385106491,190341150,33548110,67578668,71730545,313375946
Europe,2074,101016320,383873463,190335055,33574622,67441698,71325472,312547991
Europe,2075,100892608,382465181,190576237,33581701,67310907,70877143,311588038
Europe,2076,100919081,381221387,190561611,33612469,67306612,70549671,310671716
Europe,2077,100948254,379957199,190623132,33633217,67315037,70222547,309734652
Europe,2078,100966888,378646491,190798096,33638790,67328098,69890472,308756019
Europe,2079,100955664,377266533,191126013,33621992,67333672,69551290,307715243
Europe,2080,100893806,375783818,191658181,33573513,67320293,69200801,306583017
Europe,2081,100929613,374582386,191860243,33523663,67405950,69000192,305582194
Europe,2082,100939806,373445911,192069156,33469987,67469819,68828384,304617527
Europe,2083,100908161,372327986,192344281,33405005,67503156,68672227,303655759
Europe,2084,100814998,371172162,192757835,33319053,67495945,68517913,302654249
Europe,2085,100640664,369916404,193387592,33200350,67440314,68350732,301565672
Europe,2086,100553607,369039476,193583124,33083912,67469695,68339626,300699850
Europe,2087,100423216,368221764,193790859,32974559,67448657,68349930,299871834
Europe,2088,100232556,367403732,194082019,32861912,67370644,68358569,299045163
Europe,2089,99968794,366531386,194517529,32735806,67232988,68342319,298189067
Europe,2090,99623334,365553686,195151618,32586036,67037298,68282269,297271417
Europe,2091,99403082,365056173,195187523,32464253,66938829,68360827,296695346
Europe,2092,99142124,364586875,195239456,32354697,66787427,68424364,296162511
Europe,2093,98831419,364080240,195378867,32248493,66582926,68451915,295628325
Europe,2094,98464606,363469510,195675838,32136301,66328305,68423637,295045873
Europe,2095,98036263,362694395,196192831,32007949,66028314,68323646,294370749
Europe,2096,97780098,362397895,196049529,31932552,65847546,68339669,294058226
Europe,2097,97499553,362060599,195957845,31864785,65634768,68311639,293748960
Europe,2098,97189286,361617183,195983979,31798109,65391177,68226327,293390856
Europe,2099,96847277,360996861,196195827,31729280,65117997,68073477,292923384
Europe,2100,96472766,360126579,196661907,31658265,64814501,67842331,292284248
Fiji,1950,135000,145994,7994,55000,80000,54998,90996
Fiji,1951,139208,148803,8198,56518,82690,56491,92312
Fiji,1952,143904,152487,8423,58099,85805,58344,94143
Fiji,1953,149069,156695,8587,59992,89077,60410,96285
Fiji,1954,154612,161258,8612,62315,92297,62599,98659
Fiji,1955,160375,166142,8459,65000,95375,64888,101254
Fiji,1956,166001,171256,8487,67542,98459,66550,104706
Fiji,1957,171868,176515,8437,70194,101674,68259,108256
Fiji,1958,177873,182088,8358,72772,105101,70108,111980
Fiji,1959,183954,188164,8333,75156,108798,72222,115942
Fiji,1960,190108,194868,8410,77391,112717,74705,120163
Fiji,1961,196647,201872,8637,79906,116741,77530,124342
Fiji,1962,202761,209860,8956,81379,121382,80779,129081
Fiji,1963,208405,218491,9312,82037,126368,84279,134212
Fiji,1964,213457,227350,9643,82192,131265,87823,139527
Fiji,1965,217685,236276,9922,82082,135603,91347,144929
Fiji,1966,221302,244748,10274,81606,139696,94769,149979
Fiji,1967,224069,253243,10601,80873,143196,98120,155123
Fiji,1968,226032,261938,10922,80034,145998,101495,160443
Fiji,1969,227268,271126,11264,79266,148002,105075,166051
Fiji,1970,227902,280964,11663,78772,149130,108970,171994
Fiji,1971,229445,290003,12153,78756,150689,112622,177381
Fiji,1972,230500,299665,12649,78956,151544,116704,182961
Fiji,1973,231128,309832,13147,79415,151713,121100,188732
Fiji,1974,231456,320274,13658,80186,151270,125597,194677
Fiji,1975,231624,330776,14195,81367,150257,130014,200762
Fiji,1976,234917,337887,14716,84167,150750,132039,205848
Fiji,1977,238077,345019,15163,86311,151766,134022,210997
Fiji,1978,241326,352478,15541,88056,153270,136092,216386
Fiji,1979,245042,360615,15881,89873,155169,138346,222269
Fiji,1980,249494,369550,16211,92386,157108,140888,228662
Fiji,1981,254718,379222,17015,96891,157827,144227,234995
Fiji,1982,260650,389681,17867,100298,160352,146954,242727
Fiji,1983,267122,399617,18652,102819,164303,148466,251151
Fiji,1984,273281,407825,19260,104387,168894,148476,259349
Fiji,1985,278046,414003,19612,104837,173209,147243,266760
Fiji,1986,280183,418105,20260,104727,175456,145584,272521
Fiji,1987,280691,420344,20690,103745,176946,143368,276976
Fiji,1988,280183,421770,20964,102227,177956,141151,280619
Fiji,1989,279704,423752,21168,100789,178915,139612,284140
Fiji,1990,280074,427185,21369,99950,180124,139149,288036
Fiji,1991,280487,433189,21797,98386,182101,139978,293211
Fiji,1992,281719,440579,22233,98064,183655,141837,298742
Fiji,1993,283115,449239,22672,98520,184595,144559,304680
Fiji,1994,283845,458738,23084,99069,184776,147830,310908
Fiji,1995,283572,468486,23440,99373,184199,151346,317140
Fiji,1996,285323,474810,24343,101049,184274,153816,320994
Fiji,1997,285848,481741,25271,101266,184582,157022,324719
Fiji,1998,285580,488548,26187,100551,185029,160496,328052
Fiji,1999,285017,494425,27052,99507,185510,163602,330823
Fiji,2000,284141,499217,27865,98250,185891,166001,333216
Fiji,2001,276604,508657,28957,94761,181843,165679,342978
Fiji,2002,269599,516090,30002,92500,177099,163950,352140
Fiji,2003,262956,522576,31096,91035,171921,161349,361227
Fiji,2004,256607,529404,32343,89952,166655,158509,370895
Fiji,2005,250891,537117,33809,89216,161675,155668,381449
Fiji,2006,251200,541007,35204,89642,161558,155371,385636
Fiji,2007,251220,546870,36722,89750,161470,155589,391281
Fiji,2008,250899,554115,38326,89675,161224,156268,397847
Fiji,2009,250252,561766,39949,89567,160685,157213,404553
Fiji,2010,249363,569037,41550,89605,159758,158182,410855
Fiji,2011,251149,572286,43651,90761,160388,156729,415557
Fiji,2012,252496,575335,45765,90654,161842,155562,419773
Fiji,2013,253702,578140,47873,89824,163878,154644,423496
Fiji,2014,255009,580843,49954,88847,166162,153885,426958
Fiji,2015,256443,583683,52023,88080,168363,153265,430418
Fiji,2016,256984,587548,54228,86580,170404,152556,434992
Fiji,2017,257797,591343,56362,85640,172157,151779,439564
Fiji,2018,258519,595198,58524,85080,173439,151226,443972
Fiji,2019,258697,599203,60857,84553,174144,151273,447930
Fiji,2020,258143,603340,63432,83836,174307,152102,451238
Fiji,2021,257229,607083,66343,83198,174031,153118,453965
Fiji,2022,255726,610920,69375,82481,173245,154792,456128
Fiji,2023,253737,614833,72491,81687,172050,156963,457870
Fiji,2024,251530,618664,75649,80921,170609,159287,459377
Fiji,2025,249306,622310,78814,80270,169036,161513,460797
Fiji,2026,247336,625299,82184,79945,167391,163141,462158
Fiji,2027,245339,628143,85503,79523,165816,164656,463487
Fiji,2028,243352,630899,88702,79056,164296,165972,464927
Fiji,2029,241399,633660,91652,78591,162808,166948,466712
Fiji,2030,239504,636480,94286,78188,161316,167492,468988
Fiji,2031,237932,638849,96859,78037,159895,167076,471773
Fiji,2032,236449,641256,99121,77758,158691,166158,475098
Fiji,2033,235039,643655,101109,77394,157645,164908,478747
Fiji,2034,233666,646048,102872,76982,156684,163574,482474
Fiji,2035,232309,648396,104445,76565,155744,162307,486089
Fiji,2036,231116,650224,106173,76268,154848,160574,489650
Fiji,2037,229935,652047,107670,75827,154108,158874,493173
Fiji,2038,228734,653778,109071,75286,153448,157297,496481
Fiji,2039,227494,655272,110532,74698,152796,155889,499383
Fiji,2040,226200,656440,112161,74112,152088,154672,501768
Fiji,2041,224901,656875,114313,73565,151336,153153,503722
Fiji,2042,223584,657048,116526,72978,150606,151824,505224
Fiji,2043,222199,656991,118829,72361,149838,150725,506266
Fiji,2044,220713,656702,121246,71718,148995,149844,506858
Fiji,2045,219114,656187,123786,71061,148053,149158,507029
Fiji,2046,217508,654938,126847,70495,147013,148129,506809
Fiji,2047,215827,653481,129969,69851,145976,147258,506223
Fiji,2048,214057,651994,133037,69153,144904,146565,505429
Fiji,2049,212215,650655,135841,68433,143782,146009,504646
Fiji,2050,210319,649591,138280,67732,142587,145554,504037
Fiji,2051,208450,648321,140755,67142,141308,144685,503636
Fiji,2052,206556,647361,142798,66475,140081,143859,503502
Fiji,2053,204627,646570,144573,65765,138862,143103,503467
Fiji,2054,202665,645720,146293,65048,137617,142413,503307
Fiji,2055,200676,644676,148100,64361,136315,141773,502903
Fiji,2056,198733,643047,150293,63781,134952,140691,502356
Fiji,2057,196803,641281,152478,63151,133652,139605,501676
Fiji,2058,194870,639479,154573,62496,132374,138555,500924
Fiji,2059,192928,637790,156440,61839,131089,137571,500219
Fiji,2060,190974,636276,158014,61211,129763,136655,499621
Fiji,2061,189102,634554,159584,60700,128402,135362,499192
Fiji,2062,187252,632995,160862,60133,127119,134098,498897
Fiji,2063,185412,631501,161949,59537,125875,132897,498604
Fiji,2064,183582,629946,162983,58942,124640,131775,498171
Fiji,2065,181769,628226,164057,58386,123383,130727,497499
Fiji,2066,180057,626069,165375,57942,122115,129348,496721
Fiji,2067,178391,623836,166640,57459,120932,128014,495822
Fiji,2068,176746,621423,167963,56952,119794,126757,494666
Fiji,2069,175119,618707,169491,56441,118678,125592,493115
Fiji,2070,173503,615602,171316,55950,117553,124516,491086
Fiji,2071,171978,611833,173654,55565,116413,123145,488688
Fiji,2072,170476,607766,176187,55109,115367,121833,485933
Fiji,2073,168985,603509,178831,54611,114374,120614,482895
Fiji,2074,167504,599197,181449,54097,113407,119497,479700
Fiji,2075,166021,594914,183966,53597,112424,118482,476432
Fiji,2076,164590,590387,186610,53171,111419,117204,473183
Fiji,2077,163176,585955,189067,52687,110489,115996,469959
Fiji,2078,161763,581633,191352,52171,109592,114885,466748
Fiji,2079,160341,577419,193485,51646,108695,113882,463537
Fiji,2080,158904,573288,195500,51142,107762,112980,460308
Fiji,2081,157505,569122,197465,50701,106804,111861,457261
Fiji,2082,156124,565132,199198,50238,105886,110809,454323
Fiji,2083,154736,561259,200765,49760,104976,109844,451415
Fiji,2084,153322,557459,202225,49275,104047,108971,448488
Fiji,2085,151879,553697,203616,48798,103081,108182,445515
Fiji,2086,150511,549931,204883,48407,102104,107197,442734
Fiji,2087,149136,546261,205994,47963,101173,106264,439997
Fiji,2088,147744,542666,206993,47485,100259,105399,437267
Fiji,2089,146349,539082,207935,47003,99346,104601,434481
Fiji,2090,144953,535440,208888,46546,98407,103849,431591
Fiji,2091,143638,531792,209726,46168,97470,102907,428885
Fiji,2092,142347,528154,210479,45766,96581,101986,426168
Fiji,2093,141066,524487,211213,45354,95712,101105,423382
Fiji,2094,139772,520767,211965,44939,94833,100274,420493
Fiji,2095,138471,516971,212779,44536,93935,99490,417481
Fiji,2096,137273,513189,213443,44222,93051,98543,414646
Fiji,2097,136084,509394,214085,43867,92217,97617,411777
Fiji,2098,134899,505595,214712,43488,91411,96740,408855
Fiji,2099,133719,501766,215342,43110,90609,95913,405853
Fiji,2100,132552,497896,216006,42755,89797,95138,402758
Finland,1950,1192887,2549464,265943,500548,692339,641383,1908081
Finland,1951,1220563,2558587,271342,510809,709754,634971,1923616
Finland,1952,1233315,2585065,278174,493958,739357,633504,1951561
Finland,1953,1249807,2610103,284387,473947,775860,632661,1977442
Finland,1954,1273730,2628960,289289,457991,815739,631548,1997412
Finland,1955,1300671,2644491,293113,446540,854131,631160,2013331
Finland,1956,1307430,2673694,301255,414993,892437,634382,2039312
Finland,1957,1325516,2691035,307370,405409,920107,636197,2054838
Finland,1958,1343949,2706283,312681,408094,935855,640612,2065671
Finland,1959,1352744,2728554,318376,413082,939662,651872,2076682
Finland,1960,1348411,2761210,324969,413089,935322,671691,2089519
Finland,1961,1342764,2791964,333045,418609,924155,694762,2097202
Finland,1962,1324397,2832798,341622,417531,906866,725310,2107488
Finland,1963,1296813,2879384,350549,410393,886420,760316,2119068
Finland,1964,1267602,2923313,359324,401388,866214,794451,2128862
Finland,1965,1240884,2959928,367786,393511,847373,824191,2135737
Finland,1966,1218336,2984063,378716,389048,829288,843187,2140876
Finland,1967,1196280,3003159,389217,380688,815592,858237,2144922
Finland,1968,1175306,3018999,399719,370182,805124,868823,2150176
Finland,1969,1155000,3035058,410975,358802,796198,874206,2160852
Finland,1970,1135359,3053530,423477,348094,787265,874262,2179268
Finland,1971,1113809,3076421,439150,336708,777101,873764,2202657
Finland,1972,1093141,3102412,455619,325182,767959,865273,2237139
Finland,1973,1073487,3129685,472284,314761,758726,851104,2278581
Finland,1974,1055138,3155444,488197,307001,748137,835280,2320164
Finland,1975,1038198,3177823,502728,302536,735662,820725,2357098
Finland,1976,1019185,3194557,520695,296633,722552,806422,2388135
Finland,1977,1005211,3204855,536866,299181,706030,793772,2411083
Finland,1978,994061,3212865,551326,306879,687182,783276,2429589
Finland,1979,983137,3224036,564172,314975,668162,774536,2449500
Finland,1980,971847,3240878,575518,320697,651150,766989,2473889
Finland,1981,969668,3255726,584419,333402,636266,760155,2495571
Finland,1982,963673,3279275,592152,336720,626953,754911,2524364
Finland,1983,956776,3306095,599307,333605,623171,749532,2556563
Finland,1984,952806,3328687,606711,328810,623996,741609,2587078
Finland,1985,952849,3343374,614997,325509,627340,730084,2613290
Finland,1986,950852,3353683,625806,318803,632049,716814,2636869
Finland,1987,952556,3356920,636897,314271,638285,699985,2656935
Finland,1988,956616,3356236,648235,311944,644672,681651,2674585
Finland,1989,960884,3356505,659726,311120,649764,664877,2691628
Finland,1990,964601,3360358,671263,311366,653235,651552,2708806
Finland,1991,966198,3368256,684671,310458,655740,642846,2725410
Finland,1992,969851,3377420,697654,314431,655420,636475,2740945
Finland,1993,973681,3388150,709958,320776,652905,632615,2755535
Finland,1994,975315,3400617,721165,325768,649547,631331,2769286
Finland,1995,973352,3414598,731055,326724,646628,632538,2782060
Finland,1996,973871,3421559,741549,330292,643579,635506,2786053
Finland,1997,967439,3433127,751180,325049,642390,641979,2791148
Finland,1998,957081,3446935,760226,314075,643006,650043,2796892
Finland,1999,947460,3459470,768996,302723,644737,656807,2802663
Finland,2000,940885,3469191,777878,294746,646139,660608,2808583
Finland,2001,929791,3479841,790847,282873,646918,663185,2816656
Finland,2002,924029,3485642,803702,278402,645627,662074,2823568
Finland,2003,921210,3489301,816592,279467,641743,658726,2830575
Finland,2004,917618,3494970,829597,282388,635230,655607,2839363
Finland,2005,911861,3504215,842851,284683,627178,654125,2850090
Finland,2006,907617,3515031,854922,289450,618167,655794,2859237
Finland,2007,901800,3529620,866594,293627,608173,658187,2871433
Finland,2008,895334,3544415,880153,296920,598414,660550,2883865
Finland,2009,889975,3553846,898825,299569,590406,661789,2892057
Finland,2010,886566,3554715,924501,301715,584851,661318,2893397
Finland,2011,888122,3545152,955968,305511,582611,662261,2882891
Finland,2012,889259,3530014,993707,305534,583725,662351,2867663
Finland,2013,890986,3510813,1034817,303353,587633,660752,2850061
Finland,2014,894067,3490859,1074791,301092,592975,656693,2834166
Finland,2015,898525,3472550,1110891,300170,598355,650017,2822533
Finland,2016,900884,3458403,1143845,296735,604149,643529,2814874
Finland,2017,906172,3444561,1172498,297473,608699,634425,2810136
Finland,2018,912758,3431805,1197954,300914,611844,624197,2807608
Finland,2019,918202,3420992,1222195,304511,613691,615356,2805636
Finland,2020,921331,3412294,1246502,306469,614862,609491,2802803
Finland,2021,925528,3404363,1268879,309550,615978,608319,2796044
Finland,2022,926837,3400068,1290258,310351,616486,610409,2789659
Finland,2023,926301,3397754,1311107,309367,616934,614471,2783283
Finland,2024,925703,3394950,1331882,307910,617793,618617,2776333
Finland,2025,925807,3390329,1352983,306838,618969,621738,2768591
Finland,2026,926271,3386450,1372156,305412,620859,626697,2759753
Finland,2027,927124,3381599,1391101,304436,622688,631155,2750444
Finland,2028,928126,3376102,1409663,303842,624284,634668,2741434
Finland,2029,928526,3370972,1427494,303200,625326,637055,2733917
Finland,2030,927889,3366850,1444356,302215,625674,638316,2728534
Finland,2031,927375,3366124,1456673,301119,626256,641021,2725103
Finland,2032,926195,3366320,1467753,300312,625883,642518,2723802
Finland,2033,924476,3367655,1477299,299673,624803,642936,2724719
Finland,2034,922432,3370431,1484853,299164,623268,642799,2727632
Finland,2035,920167,3374657,1490390,298719,621448,642526,2732131
Finland,2036,918944,3383013,1489995,298712,620232,644749,2738264
Finland,2037,917568,3393420,1487030,298963,618605,647068,2746352
Finland,2038,916190,3404260,1483086,299385,616805,648917,2755343
Finland,2039,914912,3413508,1480237,299887,615025,649738,2763770
Finland,2040,913764,3419944,1479821,300407,613357,649305,2770639
Finland,2041,913859,3425210,1479148,301411,612448,650168,2775042
Finland,2042,914085,3428733,1479973,302367,611718,650220,2778513
Finland,2043,914641,3430728,1481988,303280,611361,649343,2781385
Finland,2044,915508,3431490,1485075,304138,611370,647618,2783872
Finland,2045,916448,3430820,1489760,304876,611572,645159,2785661
Finland,2046,918333,3430312,1493660,305773,612560,644443,2785869
Finland,2047,920323,3429424,1498172,306587,613736,643396,2786028
Finland,2048,922335,3427759,1503732,307261,615074,641778,2785981
Finland,2049,924188,3425521,1510285,307738,616450,639636,2785885
Finland,2050,925709,3422975,1517666,307966,617743,637147,2785828
Finland,2051,927826,3422897,1522183,308145,619681,636840,2786057
Finland,2052,929687,3423777,1526218,308346,621341,636599,2787178
Finland,2053,931282,3424563,1530813,308498,622784,636186,2788377
Finland,2054,932496,3423828,1537498,308507,623989,635521,2788307
Finland,2055,933180,3420684,1547292,308275,624905,634635,2786049
Finland,2056,934282,3418031,1556323,308025,626257,635913,2782118
Finland,2057,935002,3414009,1567243,307873,627129,637336,2776673
Finland,2058,935359,3409300,1579350,307723,627636,638565,2770735
Finland,2059,935285,3405111,1591490,307460,627825,639364,2765747
Finland,2060,934645,3402011,1603218,306964,627681,639631,2762380
Finland,2061,934670,3402956,1610332,306635,628035,641731,2761225
Finland,2062,934292,3405852,1615964,306301,627991,643651,2762201
Finland,2063,933564,3409716,1621013,305923,627641,645056,2764660
Finland,2064,932486,3413205,1626764,305478,627008,645733,2767472
Finland,2065,930990,3415322,1634244,304929,626061,645615,2769707
Finland,2066,930559,3420867,1637160,304680,625879,647245,2773622
Finland,2067,929935,3426205,1640357,304594,625341,648400,2777805
Finland,2068,929058,3430314,1644892,304558,624500,648804,2781510
Finland,2069,927857,3432319,1651619,304451,623406,648385,2783934
Finland,2070,926284,3431824,1660969,304189,622095,647214,2784610
Finland,2071,926054,3433662,1666344,304370,621684,647762,2785900
Finland,2072,925586,3433769,1673396,304521,621065,647885,2785884
Finland,2073,924985,3432413,1681740,304616,620369,647416,2784997
Finland,2074,924232,3429923,1691042,304619,619613,646267,2783656
Finland,2075,923165,3426161,1701603,304466,618699,644416,2781745
Finland,2076,923377,3426003,1706951,304669,618708,644255,2781748
Finland,2077,923487,3425868,1712047,304864,618623,643816,2782052
Finland,2078,923452,3425021,1717719,304991,618461,642889,2782132
Finland,2079,923132,3422580,1725050,304969,618163,641379,2781201
Finland,2080,922330,3417803,1735035,304716,617614,639270,2778533
Finland,2081,922830,3416666,1739925,304791,618039,639015,2777651
Finland,2082,923133,3414825,1745571,304851,618282,638608,2776217
Finland,2083,923113,3411650,1752737,304802,618311,637797,2773853
Finland,2084,922634,3406825,1761868,304555,618079,636486,2770339
Finland,2085,921554,3400198,1773279,304033,617521,634694,2765504
Finland,2086,921652,3397633,1779323,303807,617845,634741,2762892
Finland,2087,921436,3394718,1785916,303532,617904,634721,2759997
Finland,2088,920919,3391272,1793239,303171,617748,634439,2756833
Finland,2089,919982,3386797,1801921,302662,617320,633719,2753078
Finland,2090,918360,3380475,1813053,301899,616461,632426,2748049
Finland,2091,917957,3378898,1818143,301457,616500,632903,2745995
Finland,2092,917304,3377288,1823425,301067,616237,633263,2744025
Finland,2093,916214,3374663,1830075,300610,615604,633183,2741480
Finland,2094,914518,3370352,1838928,299979,614539,632487,2737865
Finland,2095,912118,3364035,1850400,299096,613022,631140,2732895
Finland,2096,911247,3363237,1854705,298694,612553,631564,2731673
Finland,2097,910006,3361806,1859906,298273,611733,631699,2730107
Finland,2098,908403,3359347,1866382,297785,610618,631368,2727979
Finland,2099,906417,3355406,1874597,297202,609215,630454,2724952
Finland,2100,903943,3349389,1885238,296483,607460,628884,2720505
France,1950,9485816,27621426,4772363,3994897,5490919,6361026,21260400
France,1951,9691635,27561854,4817430,4178853,5512782,6244960,21316894
France,1952,9785200,27691202,4889177,4106564,5678636,6197738,21493464
France,1953,9959100,27812323,4952800,4005429,5953671,6160814,21651509
France,1954,10246401,27874558,4996887,3938676,6307725,6095406,21779152
France,1955,10599692,27903121,5024949,3911212,6688480,5992827,21910294
France,1956,10795073,28047080,5104059,3700896,7094177,5905650,22141430
France,1957,11133235,28088139,5154361,3680610,7452625,5770003,22318136
France,1958,11508899,28123339,5195372,3767856,7741043,5638342,22484997
France,1959,11824963,28248213,5245934,3881403,7943560,5579097,22669116
France,1960,12046806,28503994,5314596,3963944,8082862,5630811,22873183
France,1961,12262408,28791143,5417273,4087824,8174584,5796613,22994530
France,1962,12379534,29209394,5532454,4171091,8208443,6063093,23146301
France,1963,12421144,29703992,5656266,4211935,8209209,6399451,23304541
France,1964,12441259,30180899,5780679,4233559,8207700,6753680,23427219
France,1965,12464400,30586143,5901712,4248974,8215426,7090476,23495667
France,1966,12509691,30859236,6042460,4287810,8221881,7400845,23458391
France,1967,12529495,31087530,6174910,4276845,8252650,7706071,23381459
France,1968,12540333,31288183,6298627,4236299,8304034,7983545,23304638
France,1969,12556260,31495955,6414179,4192012,8364248,8205451,23290504
France,1970,12585813,31734965,6523051,4165718,8420095,8357520,23377445
France,1971,12591465,32019967,6662038,4120446,8471019,8484159,23535808
France,1972,12627807,32326729,6785301,4120216,8507591,8525652,23801077
France,1973,12669900,32645469,6896945,4144700,8525200,8508736,24136733
France,1974,12675406,32966876,7003916,4153480,8521926,8481124,24485752
France,1975,12619413,33283240,7108077,4117270,8502143,8472734,24810506
France,1976,12560743,33494934,7240114,4089749,8470994,8452750,25042184
France,1977,12427796,33710698,7377719,3992037,8435759,8457771,25252927
France,1978,12251479,33950069,7494905,3853441,8398038,8479048,25471021
France,1979,12086319,34236059,7550066,3730078,8356241,8496939,25739120
France,1980,11964053,34582571,7524193,3659876,8304177,8500904,26081667
France,1981,11828308,35000977,7468760,3561331,8266977,8526738,26474239
France,1982,11766276,35454724,7326688,3573107,8193169,8543615,26911109
France,1983,11742863,35918826,7156143,3657576,8085287,8557060,27361766
France,1984,11703570,36357465,7041708,3748451,7955119,8574898,27782567
France,1985,11625500,36742132,7029850,3802769,7822731,8598188,28143944
France,1986,11616995,36964429,7123070,3919887,7697108,8594627,28369802
France,1987,11545204,37167580,7311724,3940333,7604871,8599610,28567970
France,1988,11444021,37348675,7555518,3892574,7551447,8600520,28748155
France,1989,11364284,37507171,7791749,3829011,7535273,8578664,28928507
France,1990,11326155,37649900,7984780,3785670,7540485,8524952,29124948
France,1991,11286827,37759088,8191787,3718735,7568092,8429476,29329612
France,1992,11287108,37848777,8361089,3674871,7612237,8307364,29541413
France,1993,11310969,37928561,8505290,3653094,7657875,8172742,29755819
France,1994,11329193,38014880,8646588,3640381,7688812,8045557,29969323
France,1995,11328679,38115635,8797477,3628348,7700331,7937731,30177904
France,1996,11299884,38239691,8960114,3607722,7692162,7864013,30375678
France,1997,11272609,38372185,9118601,3614663,7657946,7798993,30573192
France,1998,11244128,38519740,9271053,3638657,7605471,7747141,30772599
France,1999,11217010,38686465,9412632,3669187,7547823,7713768,30972697
France,2000,11194834,38872065,9541302,3698472,7496362,7700940,31171125
France,2001,11203867,39038466,9668919,3749262,7454605,7708855,31329611
France,2002,11207844,39228143,9789089,3782187,7425657,7743009,31485134
France,2003,11215482,39435017,9899598,3802925,7412557,7788389,31646628
France,2004,11237563,39653704,9995340,3821651,7415912,7822313,31831391
France,2005,11277687,39879729,10076484,3845483,7432204,7831054,32048675
France,2006,11331548,40100150,10161186,3868607,7462941,7822786,32277364
France,2007,11399443,40336207,10225300,3892976,7506467,7793035,32543172
France,2008,11475222,40559654,10294691,3916908,7558314,7749312,32810342
France,2009,11546141,40730833,10410547,3934063,7612078,7704570,33026263
France,2010,11603039,40824409,10599292,3939771,7663268,7666377,33158032
France,2011,11662660,40839006,10841911,3941889,7720771,7613583,33225423
France,2012,11708573,40781589,11149711,3932692,7775881,7566990,33214599
France,2013,11739475,40676109,11504333,3914671,7824804,7532060,33144049
France,2014,11759844,40564759,11866035,3893754,7866090,7513458,33051301
France,2015,11773194,40476815,12207192,3873546,7899648,7513481,32963334
France,2016,11762518,40437181,12520991,3841887,7920631,7561196,32875985
France,2017,11750651,40416123,12812774,3824185,7926466,7619548,32796575
France,2018,11735166,40413988,13084117,3816010,7919156,7683823,32730165
France,2019,11711195,40421690,13347825,3810052,7901143,7746412,32675278
France,2020,11676209,40426912,13618044,3800822,7875387,7800979,32625933
France,2021,11648411,40433046,13873284,3797997,7850414,7862632,32570414
France,2022,11612399,40450572,14119407,3793042,7819357,7917646,32532926
France,2023,11570946,40466443,14367834,3786342,7784604,7962145,32504298
France,2024,11529715,40467535,14627473,3780611,7749104,7993318,32474217
France,2025,11492371,40447865,14901715,3777736,7714635,8010054,32437811
France,2026,11471423,40428427,15157321,3780503,7690920,8031010,32397417
France,2027,11454952,40395556,15419655,3785509,7669443,8038687,32356869
France,2028,11443477,40350787,15686586,3792694,7650783,8033090,32317697
France,2029,11435458,40297567,15955976,3801126,7634332,8015453,32282114
France,2030,11429378,40236089,16228804,3809951,7619427,7986855,32249234
France,2031,11440977,40196000,16459644,3823372,7617605,7968230,32227770
France,2032,11455985,40155888,16683800,3838351,7617634,7940964,32214924
France,2033,11473336,40110374,16906569,3853602,7619734,7906487,32203887
France,2034,11491011,40052694,17135265,3867362,7623649,7867827,32184867
France,2035,11507121,39978778,17374661,3878126,7628995,7827306,32151472
France,2036,11542193,39933753,17558742,3893097,7649096,7808393,32125360
France,2037,11574353,39880111,17746740,3904508,7669845,7790783,32089328
France,2038,11602734,39821422,17935252,3912135,7690599,7772875,32048547
France,2039,11626979,39769217,18112398,3916239,7710740,7753644,32015573
France,2040,11646503,39731473,18270335,3916814,7729689,7733080,31998393
France,2041,11674736,39743975,18359652,3916350,7758386,7733070,32010905
France,2042,11698738,39780102,18420160,3915002,7783736,7734706,32045396
France,2043,11718768,39831661,18460406,3912699,7806069,7737752,32093909
France,2044,11732831,39878508,18503436,3908479,7824352,7741285,32137223
France,2045,11737445,39900888,18573303,3900633,7836812,7743418,32157470
France,2046,11747152,39942963,18611659,3891498,7855654,7766056,32176907
France,2047,11752047,39977470,18656046,3884368,7867679,7790372,32187098
France,2048,11749652,39999733,18714583,3877561,7872091,7813056,32186677
France,2049,11738706,40011653,18787773,3869660,7869046,7831614,32180039
France,2050,11719117,40015373,18874508,3859518,7859599,7844715,32170658
France,2051,11711347,40062236,18903667,3852347,7859000,7875720,32186516
France,2052,11699337,40110925,18933012,3847319,7852018,7904111,32206814
France,2053,11682829,40157775,18966742,3843344,7839485,7927221,32230554
France,2054,11661693,40198840,19009056,3839371,7822322,7942469,32256371
France,2055,11635571,40229067,19065618,3834325,7801246,7947998,32281069
France,2056,11626188,40301222,19062284,3834738,7791450,7966737,32334485
France,2057,11615709,40376418,19056317,3836444,7779265,7979037,32397381
France,2058,11604101,40445999,19057075,3838708,7765393,7983483,32462516
France,2059,11590751,40498138,19077753,3840702,7750049,7979141,32518997
France,2060,11574377,40522175,19130893,3841450,7732927,7965198,32556977
France,2061,11577149,40575418,19137359,3847835,7729314,7964690,32610728
France,2062,11580653,40617053,19156570,3854612,7726041,7958708,32658345
France,2063,11583504,40640849,19196411,3860816,7722688,7946172,32694677
France,2064,11583885,40642533,19263204,3865350,7718535,7926990,32715543
France,2065,11579965,40618188,19362850,3867173,7712792,7901265,32716923
France,2066,11593941,40628182,19412919,3873224,7720717,7891999,32736183
France,2067,11606823,40629341,19475559,3878218,7728605,7880700,32748641
France,2068,11617687,40618015,19555220,3881694,7735993,7866625,32751390
France,2069,11624507,40588627,19659241,3882948,7741559,7849136,32739491
France,2070,11624464,40533961,19797409,3880884,7743580,7827337,32706624
France,2071,11640448,40525648,19875085,3881730,7758718,7825372,32700276
France,2072,11653864,40511009,19963360,3882623,7771241,7823624,32687385
France,2073,11661691,40482707,20072306,3882131,7779560,7819749,32662958
France,2074,11661776,40438568,20205904,3878988,7782788,7812494,32626074
France,2075,11653195,40378996,20364334,3872266,7780929,7801535,32577461
France,2076,11659823,40376712,20450840,3868828,7790995,7810396,32566316
France,2077,11661562,40374052,20542924,3865175,7796387,7819005,32555047
France,2078,11658109,40368423,20642907,3860742,7797367,7825953,32542470
France,2079,11648219,40352905,20758277,3854658,7793561,7829244,32523661
France,2080,11629529,40317442,20900921,3845602,7783927,7826614,32490828
France,2081,11626364,40336828,20971368,3840559,7785805,7841227,32495601
France,2082,11619734,40355216,21044427,3836133,7783601,7853948,32501268
France,2083,11607973,40364350,21130279,3831316,7776657,7862346,32502004
France,2084,11589637,40356187,21238843,3825212,7764425,7864297,32491890
France,2085,11563422,40323530,21378924,3816900,7746522,7858208,32465322
France,2086,11557189,40352817,21436150,3814621,7742568,7868998,32483819
France,2087,11548861,40375905,21500481,3813542,7735319,7875809,32500096
France,2088,11536486,40384379,21582054,3812292,7724194,7876638,32507741
France,2089,11518218,40371112,21689533,3809383,7708835,7870144,32500968
France,2090,11492624,40330201,21829984,3803592,7689032,7855432,32474769
France,2091,11489590,40350165,21884798,3805016,7684574,7857192,32492973
France,2092,11483779,40360945,21949215,3805241,7678538,7855001,32505944
France,2093,11474527,40356641,22029666,3803926,7670601,7847602,32509039
France,2094,11460737,40329691,22134679,3800865,7659872,7833806,32495885
France,2095,11440456,40271018,22275105,3795600,7644856,7812253,32458765
France,2096,11441870,40274707,22328432,3796244,7645626,7808013,32466694
France,2097,11442853,40269003,22388256,3797721,7645132,7801062,32467941
France,2098,11441115,40245635,22464783,3799125,7641990,7789770,32455865
France,2099,11433280,40196156,22569438,3798714,7634566,7772807,32423349
France,2100,11415649,40112246,22713764,3794221,7621428,7748926,32363320
French Guiana,1950,7817,16251,1404,3602,4215,4214,12037
French Guiana,1951,8346,16435,1466,3928,4418,4169,12266
French Guiana,1952,8818,16564,1510,4131,4687,4113,12451
French Guiana,1953,9267,16645,1553,4252,5015,4045,12600
French Guiana,1954,9701,16704,1582,4315,5386,3977,12727
French Guiana,1955,10119,16773,1598,4344,5775,3920,12853
French Guiana,1956,10440,16898,1689,4340,6100,3923,12975
French Guiana,1957,10790,17057,1774,4348,6442,3922,13135
French Guiana,1958,11173,17260,1870,4378,6795,3926,13334
French Guiana,1959,11586,17531,1978,4439,7147,3961,13570
French Guiana,1960,12048,17881,2103,4556,7492,4050,13831
French Guiana,1961,12464,18513,2144,4688,7776,4414,14099
French Guiana,1962,12940,19239,2198,4874,8066,4806,14433
French Guiana,1963,13510,20002,2253,5119,8391,5183,14819
French Guiana,1964,14186,20799,2302,5407,8779,5527,15272
French Guiana,1965,14939,21617,2336,5690,9249,5832,15785
French Guiana,1966,15585,22654,2384,5842,9743,6367,16287
French Guiana,1967,16301,23716,2426,6090,10211,6887,16829
French Guiana,1968,17043,24800,2467,6381,10662,7371,17429
French Guiana,1969,17758,25884,2511,6662,11096,7810,18074
French Guiana,1970,18408,26978,2544,6887,11521,8201,18777
French Guiana,1971,19166,27871,2592,7138,12028,8562,19309
French Guiana,1972,19855,28783,2631,7352,12503,8896,19887
French Guiana,1973,20480,29738,2662,7525,12955,9208,20530
French Guiana,1974,21064,30755,2701,7654,13410,9533,21222
French Guiana,1975,21614,31862,2747,7730,13884,9910,21952
French Guiana,1976,21803,33402,2790,7701,14102,10632,22770
French Guiana,1977,21985,35028,2859,7641,14344,11320,23708
French Guiana,1978,22194,36764,2973,7566,14628,11935,24829
French Guiana,1979,22488,38679,3114,7525,14963,12465,26214
French Guiana,1980,22918,40794,3265,7588,15330,12929,27865
French Guiana,1981,23635,43047,3347,7761,15874,13653,29394
French Guiana,1982,24450,45536,3434,7924,16526,14407,31129
French Guiana,1983,25488,48202,3543,8170,17318,15190,33012
French Guiana,1984,26857,51039,3666,8621,18236,15980,35059
French Guiana,1985,28568,54081,3790,9350,19218,16751,37330
French Guiana,1986,30355,57707,3877,10142,20213,17631,40076
French Guiana,1987,32650,61383,3945,11332,21318,18289,43094
French Guiana,1988,35298,64921,4007,12772,22526,18708,46213
French Guiana,1989,37978,68193,4092,14190,23788,18989,49204
French Guiana,1990,40398,71188,4198,15341,25057,19277,51911
French Guiana,1991,42387,73915,4379,16639,25748,19824,54091
French Guiana,1992,44055,76442,4586,17680,26375,20436,56006
French Guiana,1993,45492,78867,4804,18454,27038,21093,57774
French Guiana,1994,46903,81286,5000,19049,27854,21732,59554
French Guiana,1995,48433,83795,5172,19581,28852,22350,61445
French Guiana,1996,50230,86219,5318,20264,29966,23107,63112
French Guiana,1997,51996,88832,5445,20612,31384,23797,65035
French Guiana,1998,53856,91714,5600,20814,33042,24448,67266
French Guiana,1999,55973,94965,5797,21125,34848,25115,69850
French Guiana,2000,58473,98613,6079,21776,36697,25853,72760
French Guiana,2001,61271,102914,6411,22440,38831,27129,75785
French Guiana,2002,64451,107750,6703,23478,40973,28496,79254
French Guiana,2003,67783,112923,6913,24772,43011,30005,82918
French Guiana,2004,70890,118152,7037,26045,44845,31633,86519
French Guiana,2005,73510,123202,7114,27045,46465,33322,89880
French Guiana,2006,75424,127652,7597,28172,47252,34657,92995
French Guiana,2007,77166,131472,8147,29071,48095,35541,95931
French Guiana,2008,78844,134874,8734,29745,49099,36048,98826
French Guiana,2009,80644,138176,9314,30291,50353,36319,101857
French Guiana,2010,82650,141644,9887,30792,51858,36549,105095
French Guiana,2011,84538,145737,10379,31222,53316,38101,107636
French Guiana,2012,86339,150239,10885,31559,54780,39866,110373
French Guiana,2013,88057,155003,11443,31829,56228,41743,113260
French Guiana,2014,89679,159843,12101,32062,57617,43603,116240
French Guiana,2015,91182,164620,12889,32275,58907,45355,119265
French Guiana,2016,92523,169406,13784,32369,60154,47209,122197
French Guiana,2017,93802,174139,14790,32572,61230,48943,125196
French Guiana,2018,95001,178862,15900,32859,62142,50566,128296
French Guiana,2019,96112,183653,17082,33185,62927,52110,131543
French Guiana,2020,97131,188536,18315,33508,63623,53598,134938
French Guiana,2021,98158,193486,19557,33851,64307,55206,138280
French Guiana,2022,99117,198507,20848,34247,64870,56743,141764
French Guiana,2023,100049,203576,22189,34683,65366,58179,145397
French Guiana,2024,100996,208649,23589,35152,65844,59486,149163
French Guiana,2025,101990,213694,25049,35650,66340,60644,153050
French Guiana,2026,103154,218704,26465,36225,66929,61861,156843
French Guiana,2027,104348,223715,27925,36801,67547,62954,160761
French Guiana,2028,105597,228688,29455,37381,68216,63907,164781
French Guiana,2029,106901,233571,31095,37960,68941,64710,168861
French Guiana,2030,108265,238336,32862,38540,69725,65365,172971
French Guiana,2031,109794,243034,34595,39154,70640,66092,176942
French Guiana,2032,111349,247656,36440,39742,71607,66696,180960
French Guiana,2033,112934,252202,38394,40310,72624,67201,185001
French Guiana,2034,114534,256671,40445,40855,73679,67654,189017
French Guiana,2035,116134,261103,42589,41372,74762,68095,193008
French Guiana,2036,117807,265580,44633,41864,75943,68746,196834
French Guiana,2037,119458,270051,46737,42348,77110,69408,200643
French Guiana,2038,121077,274516,48889,42820,78257,70080,204436
French Guiana,2039,122639,278999,51091,43255,79384,70769,208230
French Guiana,2040,124124,283508,53342,43639,80485,71482,212026
French Guiana,2041,125633,288169,55399,43988,81645,72448,215721
French Guiana,2042,127048,292902,57471,44317,82731,73462,219440
French Guiana,2043,128363,297704,59554,44620,83743,74493,223211
French Guiana,2044,129587,302581,61627,44894,84693,75517,227064
French Guiana,2045,130719,307548,63673,45133,85586,76521,231027
French Guiana,2046,131855,312762,65438,45336,86519,77735,235027
French Guiana,2047,132897,318091,67154,45552,87345,78942,239149
French Guiana,2048,133855,323510,68831,45768,88087,80110,243400
French Guiana,2049,134726,329000,70479,45973,88753,81216,247784
French Guiana,2050,135506,334529,72126,46153,89353,82245,252284
French Guiana,2051,136333,340247,73502,46334,89999,83420,256827
French Guiana,2052,137083,346024,74839,46530,90553,84528,261496
French Guiana,2053,137774,351789,76210,46737,91037,85548,266241
French Guiana,2054,138409,357422,77726,46945,91464,86470,270952
French Guiana,2055,139002,362858,79460,47147,91855,87283,275575
French Guiana,2056,139700,368274,81076,47376,92324,88215,280059
French Guiana,2057,140367,373517,82861,47625,92742,89057,284460
French Guiana,2058,141005,378568,84839,47879,93126,89798,288770
French Guiana,2059,141627,383430,87006,48135,93492,90434,292996
French Guiana,2060,142227,388095,89363,48380,93847,90962,297133
French Guiana,2061,142963,392746,91574,48660,94303,91601,301145
French Guiana,2062,143684,397250,93928,48938,94746,92164,305086
French Guiana,2063,144391,401594,96434,49209,95182,92645,308949
French Guiana,2064,145081,405755,99110,49460,95621,93047,312708
French Guiana,2065,145737,409727,101982,49683,96054,93379,316348
French Guiana,2066,146508,413725,104668,49922,96586,93848,319877
French Guiana,2067,147241,417624,107457,50137,97104,94279,323345
French Guiana,2068,147937,421381,110387,50327,97610,94662,326719
French Guiana,2069,148586,424968,113490,50489,98097,94995,329973
French Guiana,2070,149169,428366,116806,50614,98555,95291,333075
French Guiana,2071,149827,431867,119880,50728,99099,95756,336111
French Guiana,2072,150431,435263,123070,50838,99593,96211,339052
French Guiana,2073,150968,438550,126368,50934,100034,96640,341910
French Guiana,2074,151426,441729,129791,51002,100424,97038,344691
French Guiana,2075,151790,444801,133344,51032,100758,97400,347401
French Guiana,2076,152225,448132,136489,51060,101165,97944,350188
French Guiana,2077,152581,451444,139669,51086,101495,98480,352964
French Guiana,2078,152854,454682,142919,51102,101752,98980,355702
French Guiana,2079,153047,457816,146268,51103,101944,99429,358387
French Guiana,2080,153158,460828,149744,51080,102078,99815,361013
French Guiana,2081,153378,464167,152688,51080,102298,100365,363802
French Guiana,2082,153536,467429,155684,51094,102442,100868,366561
French Guiana,2083,153622,470570,158773,51105,102517,101304,369266
French Guiana,2084,153642,473542,161999,51104,102538,101660,371882
French Guiana,2085,153591,476334,165366,51076,102515,101929,374405
French Guiana,2086,153687,479403,168213,51094,102593,102330,377073
French Guiana,2087,153720,482331,171138,51094,102626,102659,379672
French Guiana,2088,153709,485106,174154,51083,102626,102911,382195
French Guiana,2089,153655,487675,177302,51061,102594,103081,384594
French Guiana,2090,153558,489987,180645,51029,102529,103161,386826
French Guiana,2091,153613,492555,183468,51033,102580,103366,389189
French Guiana,2092,153646,494948,186369,51051,102595,103510,391438
French Guiana,2093,153653,497127,189398,51072,102581,103582,393545
French Guiana,2094,153615,499069,192602,51082,102533,103581,395488
French Guiana,2095,153519,500739,196029,51066,102453,103511,397228
French Guiana,2096,153590,502696,198884,51098,102492,103587,399109
French Guiana,2097,153626,504509,201815,51118,102508,103625,400884
French Guiana,2098,153622,506143,204868,51118,102504,103621,402522
French Guiana,2099,153568,507539,208102,51096,102472,103561,403978
French Guiana,2100,153462,508649,211579,51052,102410,103440,405209
French Polynesia,1950,25142,33917,1207,8978,16164,12464,21453
French Polynesia,1951,25964,34828,1293,9605,16359,12744,22084
French Polynesia,1952,27053,35450,1367,10663,16390,12914,22536
French Polynesia,1953,28019,36129,1445,11589,16430,13106,23023
French Polynesia,1954,28755,36961,1536,12212,16543,13341,23620
French Polynesia,1955,29336,37896,1622,12582,16754,13606,24290
French Polynesia,1956,30332,38360,1737,13375,16957,13570,24790
French Polynesia,1957,31009,39193,1858,13532,17477,13679,25514
French Polynesia,1958,31631,40220,1976,13382,18249,13875,26345
French Polynesia,1959,32476,41246,2084,13263,19213,14084,27162
French Polynesia,1960,33685,42192,2199,13428,20257,14281,27911
French Polynesia,1961,34950,43484,2269,13401,21549,14593,28891
French Polynesia,1962,36758,44548,2345,13849,22909,14779,29769
French Polynesia,1963,38917,45502,2418,14662,24255,14909,30593
French Polynesia,1964,41064,46579,2489,15568,25496,15114,31465
French Polynesia,1965,42963,47921,2554,16344,26619,15486,32435
French Polynesia,1966,44499,49603,2630,17243,27256,16080,33523
French Polynesia,1967,45937,51387,2705,17996,27941,16672,34715
French Polynesia,1968,47374,53217,2795,18571,28803,17259,35958
French Polynesia,1969,48898,55057,2902,19006,29892,17869,37188
French Polynesia,1970,50485,56983,3027,19373,31112,18577,38406
French Polynesia,1971,51922,59212,3179,19874,32048,19877,39335
French Polynesia,1972,53064,61879,3336,19935,33129,21415,40464
French Polynesia,1973,54049,64801,3506,19738,34311,23067,41734
French Polynesia,1974,55032,67773,3681,19526,35506,24662,43111
French Polynesia,1975,56075,70678,3866,19470,36605,26090,44588
French Polynesia,1976,56872,73767,4109,19153,37719,27495,46272
French Polynesia,1977,57862,76650,4352,19301,38561,28667,47983
French Polynesia,1978,58925,79508,4599,19786,39139,29692,49816
French Polynesia,1979,59852,82619,4825,20336,39516,30728,51891
French Polynesia,1980,60540,86144,5024,20749,39791,31878,54266
French Polynesia,1981,61510,89574,5159,21342,40168,32922,56652
French Polynesia,1982,62165,93501,5222,21641,40524,34068,59433
French Polynesia,1983,62584,97818,5211,21737,40847,35295,62523
French Polynesia,1984,63005,102215,5176,21904,41101,36511,65704
French Polynesia,1985,63623,106398,5183,22421,41202,37643,68755
French Polynesia,1986,64717,109907,5451,23486,41231,38806,71101
French Polynesia,1987,66119,113053,5778,24699,41420,39805,73248
French Polynesia,1988,67759,115850,6129,25961,41798,40545,75305
French Polynesia,1989,69338,118479,6435,26945,42393,40979,77500
French Polynesia,1990,70593,121088,6694,27389,43204,41123,79965
French Polynesia,1991,71875,123258,6883,27820,44055,40856,82402
French Polynesia,1992,72574,125645,7047,27288,45286,40405,85240
French Polynesia,1993,72913,128201,7231,26116,46797,39911,88290
French Polynesia,1994,73266,130861,7452,24892,48374,39532,91329
French Polynesia,1995,73830,133650,7716,24074,49756,39395,94255
French Polynesia,1996,73970,137154,8159,22903,51067,39274,97880
French Polynesia,1997,74576,140520,8635,22553,52023,39162,101358
French Polynesia,1998,75285,143952,9139,22768,52517,39201,104751
French Polynesia,1999,75612,147681,9659,23063,52549,39568,108113
French Polynesia,2000,75335,151734,10189,23117,52218,40395,111339
French Polynesia,2001,75001,155585,10687,23721,51280,42172,113413
French Polynesia,2002,74053,159769,11184,23730,50323,44162,115607
French Polynesia,2003,72767,164025,11707,23309,49458,46068,117957
French Polynesia,2004,71579,167942,12254,22793,48786,47546,120396
French Polynesia,2005,70688,171346,12852,22417,48271,48498,122848
French Polynesia,2006,69965,174262,13605,22069,47896,48821,125441
French Polynesia,2007,69355,176826,14413,21756,47599,48948,127878
French Polynesia,2008,68771,179166,15242,21524,47247,48984,130182
French Polynesia,2009,68138,181391,16052,21360,46778,48954,132437
French Polynesia,2010,67498,183508,16814,21255,46243,48849,134659
French Polynesia,2011,67006,185363,17474,21113,45893,48508,136855
French Polynesia,2012,66772,186872,18059,21241,45531,47917,138955
French Polynesia,2013,66672,188218,18638,21529,45143,47282,140936
French Polynesia,2014,66575,189611,19298,21811,44764,46777,142834
French Polynesia,2015,66439,191164,20087,21976,44463,46480,144684
French Polynesia,2016,66224,193009,20975,22226,43998,46474,146535
French Polynesia,2017,65897,195105,22005,22181,43716,46511,148594
French Polynesia,2018,65497,197225,23137,21913,43584,46523,150702
French Polynesia,2019,65113,199077,24316,21580,43533,46415,152662
French Polynesia,2020,64761,200479,25504,21290,43471,46144,154335
French Polynesia,2021,64343,201378,26767,20916,43427,45550,155828
French Polynesia,2022,64036,201768,28030,20664,43372,44806,156962
French Polynesia,2023,63790,201840,29320,20509,43281,44010,157830
French Polynesia,2024,63521,201904,30676,20382,43139,43304,158600
French Polynesia,2025,63207,202126,32142,20242,42965,42774,159352
French Polynesia,2026,62832,202710,33585,20120,42712,42563,160147
French Polynesia,2027,62407,203480,35096,20006,42401,42472,161008
French Polynesia,2028,61944,204327,36688,19890,42054,42478,161849
French Polynesia,2029,61473,205075,38379,19775,41698,42524,162551
French Polynesia,2030,60997,205599,40164,19659,41338,42571,163028
French Polynesia,2031,60592,205886,41967,19595,40997,42640,163246
French Polynesia,2032,60164,206012,43849,19482,40682,42722,163290
French Polynesia,2033,59726,206017,45760,19337,40389,42786,163231
French Polynesia,2034,59295,205985,47616,19183,40112,42776,163209
French Polynesia,2035,58876,205969,49388,19040,39836,42663,163306
French Polynesia,2036,58497,206013,50988,18904,39593,42476,163537
French Polynesia,2037,58142,206073,52482,18782,39360,42178,163895
French Polynesia,2038,57795,206125,53896,18669,39126,41802,164323
French Polynesia,2039,57444,206131,55286,18557,38887,41413,164718
French Polynesia,2040,57077,206070,56689,18440,38637,41044,165026
French Polynesia,2041,56746,206014,57979,18340,38406,40722,165292
French Polynesia,2042,56409,205907,59253,18240,38169,40415,165492
French Polynesia,2043,56059,205752,60512,18137,37922,40121,165631
French Polynesia,2044,55702,205553,61753,18031,37671,39836,165717
French Polynesia,2045,55343,205314,62975,17923,37420,39557,165757
French Polynesia,2046,55032,205103,64048,17839,37193,39307,165796
French Polynesia,2047,54710,204867,65082,17742,36968,39069,165798
French Polynesia,2048,54386,204591,66098,17636,36750,38840,165751
French Polynesia,2049,54058,204240,67136,17527,36531,38609,165631
French Polynesia,2050,53720,203780,68213,17414,36306,38363,165417
French Polynesia,2051,53416,203303,69214,17313,36103,38136,165167
French Polynesia,2052,53112,202756,70227,17209,35903,37899,164857
French Polynesia,2053,52801,202137,71258,17100,35701,37655,164482
French Polynesia,2054,52485,201442,72312,16988,35497,37409,164033
French Polynesia,2055,52149,200679,73399,16870,35279,37163,163516
French Polynesia,2056,51843,199930,74396,16763,35080,36943,162987
French Polynesia,2057,51532,199151,75376,16654,34878,36723,162428
French Polynesia,2058,51211,198320,76363,16540,34671,36505,161815
French Polynesia,2059,50883,197441,77369,16426,34457,36286,161155
French Polynesia,2060,50542,196496,78402,16311,34231,36067,160429
French Polynesia,2061,50228,195588,79336,16208,34020,35868,159720
French Polynesia,2062,49919,194664,80246,16109,33810,35669,158995
French Polynesia,2063,49602,193720,81140,16011,33591,35472,158248
French Polynesia,2064,49275,192746,82028,15911,33364,35268,157478
French Polynesia,2065,48944,191735,82938,15812,33132,35056,156679
French Polynesia,2066,48651,190812,83680,15730,32921,34861,155951
French Polynesia,2067,48359,189897,84384,15646,32713,34662,155235
French Polynesia,2068,48060,188960,85076,15556,32504,34453,154507
French Polynesia,2069,47755,188012,85761,15466,32289,34236,153776
French Polynesia,2070,47442,187046,86439,15370,32072,34005,153041
French Polynesia,2071,47180,186233,86881,15298,31882,33797,152436
French Polynesia,2072,46921,185444,87270,15222,31699,33583,151861
French Polynesia,2073,46658,184640,87649,15145,31513,33362,151278
French Polynesia,2074,46388,183749,88098,15062,31326,33134,150615
French Polynesia,2075,46106,182711,88663,14973,31133,32897,149814
French Polynesia,2076,45874,181737,89095,14905,30969,32691,149046
French Polynesia,2077,45638,180676,89579,14830,30808,32481,148195
French Polynesia,2078,45395,179540,90126,14749,30646,32268,147272
French Polynesia,2079,45139,178353,90701,14664,30475,32052,146301
French Polynesia,2080,44875,177130,91307,14576,30299,31831,145299
French Polynesia,2081,44651,176082,91660,14504,30147,31645,144437
French Polynesia,2082,44426,175035,91985,14431,29995,31459,143576
French Polynesia,2083,44195,173988,92301,14355,29840,31274,142714
French Polynesia,2084,43953,172909,92631,14275,29678,31084,141825
French Polynesia,2085,43692,171782,93008,14188,29504,30888,140894
French Polynesia,2086,43469,170835,93143,14116,29353,30729,140106
French Polynesia,2087,43248,169901,93259,14041,29207,30566,139335
French Polynesia,2088,43011,168950,93379,13958,29053,30402,138548
French Polynesia,2089,42762,167961,93541,13871,28891,30230,137731
French Polynesia,2090,42499,166906,93774,13783,28716,30052,136854
French Polynesia,2091,42277,166018,93789,13707,28570,29906,136112
French Polynesia,2092,42058,165116,93806,13638,28420,29754,135362
French Polynesia,2093,41834,164184,93850,13569,28265,29598,134586
French Polynesia,2094,41597,163211,93943,13496,28101,29435,133776
French Polynesia,2095,41341,162174,94114,13415,27926,29258,132916
French Polynesia,2096,41136,161320,94048,13358,27778,29119,132201
French Polynesia,2097,40925,160458,93987,13294,27631,28970,131488
French Polynesia,2098,40705,159573,93966,13224,27481,28820,130753
French Polynesia,2099,40470,158637,94006,13148,27322,28656,129981
French Polynesia,2100,40223,157631,94132,13067,27156,28480,129151
Gabon,1950,137429,301683,34186,53466,83963,77294,224389
Gabon,1951,139476,301930,34459,54869,84607,77464,224466
Gabon,1952,140789,302365,34557,55406,85383,77666,224699
Gabon,1953,141827,302917,34493,55586,86241,77856,225061
Gabon,1954,142850,303635,34282,55745,87105,78014,225621
Gabon,1955,143973,304637,33950,56183,87790,78167,226470
Gabon,1956,146084,304410,34288,56945,89139,78043,226367
Gabon,1957,148333,304692,34511,57730,90603,77998,226694
Gabon,1958,150714,305520,34636,58648,92066,78076,227444
Gabon,1959,153156,306933,34662,59783,93373,78344,228589
Gabon,1960,155634,308951,34599,61217,94417,78858,230093
Gabon,1961,158821,310374,34972,63014,95807,79605,230769
Gabon,1962,161975,312575,35256,64711,97264,80512,232063
Gabon,1963,165284,315524,35457,66455,98829,81546,233978
Gabon,1964,168987,319209,35593,68466,100521,82696,236513
Gabon,1965,173239,323600,35672,70968,102271,83960,239640
Gabon,1966,178714,327570,36273,74055,104659,84908,242662
Gabon,1967,184533,332458,36832,77013,107520,86058,246400
Gabon,1968,190613,337940,37320,79902,110711,87286,250654
Gabon,1969,196762,343643,37703,82707,114055,88473,255170
Gabon,1970,202817,349330,37971,85488,117329,89604,259726
Gabon,1971,210831,352137,38763,89066,121765,90824,261313
Gabon,1972,218387,355278,39458,91790,126597,92237,263041
Gabon,1973,225739,358811,40071,94025,131714,93857,264954
Gabon,1974,233232,362862,40602,96269,136963,95725,267137
Gabon,1975,241073,367575,41068,98942,142131,97907,269668
Gabon,1976,249766,372116,41888,101813,147953,100325,271791
Gabon,1977,258714,377433,42627,104835,153879,103054,274379
Gabon,1978,267873,383522,43337,108074,159799,106137,277385
Gabon,1979,277108,390380,44045,111511,165597,109645,280735
Gabon,1980,286375,397996,44788,115178,171197,113624,284372
Gabon,1981,296554,405121,45912,119290,177264,117872,287249
Gabon,1982,306660,413148,47047,123229,183431,122616,290532
Gabon,1983,316795,422025,48193,127089,189706,127752,294273
Gabon,1984,327111,431669,49303,131006,196105,133140,298529
Gabon,1985,337693,442017,50375,135133,202560,138685,303332
Gabon,1986,349365,451939,51723,139744,209621,144237,307702
Gabon,1987,361044,462789,53030,143955,217089,150025,312764
Gabon,1988,372740,474397,54321,147893,224847,155958,318439
Gabon,1989,384387,486593,55642,151667,232720,161944,324649
Gabon,1990,395894,499311,57007,155376,240518,167950,331361
Gabon,1991,407999,511647,58577,159192,248807,173943,337704
Gabon,1992,419805,524725,60146,162625,257180,179998,344727
Gabon,1993,431263,538542,61699,165773,265490,186172,352370
Gabon,1994,442314,553130,63219,168748,273566,192569,360561
Gabon,1995,452909,568533,64695,171649,281260,199273,369260
Gabon,1996,463397,584298,66299,174488,288909,206164,378134
Gabon,1997,473511,600999,67814,177247,296264,213335,387664
Gabon,1998,483280,618687,69257,179970,303310,220763,397924
Gabon,1999,492712,637444,70617,182656,310056,228418,409026
Gabon,2000,501872,657346,71904,185356,316516,236281,421065
Gabon,2001,510666,678534,73059,187913,322753,245301,433233
Gabon,2002,519072,701227,74110,190271,328801,254332,446895
Gabon,2003,527573,725474,75099,192773,334800,263270,462204
Gabon,2004,536817,751328,76060,195953,340864,272047,479281
Gabon,2005,547257,778845,77024,200220,347037,280664,498181
Gabon,2006,556528,810305,78011,204100,352428,290766,519539
Gabon,2007,567027,843221,78945,209198,357829,300068,543153
Gabon,2008,578900,877645,79866,215355,363545,308487,569158
Gabon,2009,592167,913779,80808,222324,369843,316157,597622
Gabon,2010,606820,951608,81782,229946,376874,323240,628368
Gabon,2011,623432,990704,82965,238519,384913,332445,658259
Gabon,2012,640844,1031817,84156,247010,393834,341203,690614
Gabon,2013,658468,1073512,85291,254988,403480,348926,724586
Gabon,2014,675245,1114175,86293,261776,413469,355128,759047
Gabon,2015,690258,1152776,87141,266920,423338,359664,793112
Gabon,2016,709997,1181086,88703,273616,436381,362630,818456
Gabon,2017,727067,1207945,90125,277208,449859,365393,842552
Gabon,2018,742128,1233963,91470,278579,463549,368318,865645
Gabon,2019,756132,1260164,92803,279033,477099,371918,888246
Gabon,2020,769594,1287472,94223,279512,490082,376618,910854
Gabon,2021,781571,1316696,96221,278466,503105,382863,933833
Gabon,2022,793268,1346740,98274,278509,514759,390061,956679
Gabon,2023,804133,1377932,100469,279351,524782,398392,979540
Gabon,2024,813401,1410578,102922,280345,533056,408068,1002510
Gabon,2025,820781,1444654,105702,281019,539762,419110,1025544
Gabon,2026,826981,1479215,109119,281594,545387,431357,1047858
Gabon,2027,831741,1515069,112807,282449,549292,444802,1070267
Gabon,2028,835303,1551913,116849,283457,551846,458901,1093012
Gabon,2029,838209,1589137,121347,284622,553587,472805,1116332
Gabon,2030,840866,1626273,126375,285960,554906,485915,1140358
Gabon,2031,844365,1662113,132064,288170,556195,498116,1163997
Gabon,2032,847487,1698062,138215,289966,557521,509538,1188524
Gabon,2033,850535,1733842,144837,291548,558987,519848,1213994
Gabon,2034,853797,1769191,151902,293188,560609,528686,1240505
Gabon,2035,857442,1803942,159424,295124,562318,535853,1268089
Gabon,2036,862161,1837436,167354,297553,564608,541469,1295967
Gabon,2037,867272,1870376,175653,299949,567323,545357,1325019
Gabon,2038,872737,1902731,184362,302348,570389,547916,1354815
Gabon,2039,878371,1934585,193542,304709,573662,549793,1384792
Gabon,2040,884057,1965961,203246,307028,577029,551445,1414516
Gabon,2041,890651,1996327,213116,309651,581000,553060,1443267
Gabon,2042,897205,2026407,223350,311998,585207,554507,1471900
Gabon,2043,903685,2056105,234014,314109,589576,555930,1500175
Gabon,2044,910035,2085309,245199,316031,594004,557462,1527847
Gabon,2045,916197,2113964,256976,317812,598385,559214,1554750
Gabon,2046,922937,2141915,268688,319687,603250,561572,1580343
Gabon,2047,929344,2169594,280759,321288,608056,564301,1605293
Gabon,2048,935353,2197030,293175,322632,612721,567365,1629665
Gabon,2049,940858,2224284,305921,323710,617148,570667,1653617
Gabon,2050,945795,2251387,318959,324533,621262,574142,1677245
Gabon,2051,950971,2278200,331587,325350,625621,578149,1700051
Gabon,2052,955485,2305093,344308,325861,629624,582362,1722731
Gabon,2053,959322,2332092,357068,326107,633215,586725,1745367
Gabon,2054,962487,2359248,369772,326138,636349,591163,1768085
Gabon,2055,964984,2386593,382367,325991,638993,595618,1790975
Gabon,2056,967582,2414059,394123,325843,641739,600443,1813616
Gabon,2057,969531,2441832,405579,325580,643951,605227,1836605
Gabon,2058,970847,2469836,416811,325219,645628,609906,1859930
Gabon,2059,971561,2497972,427893,324775,646786,614389,1883583
Gabon,2060,971727,2526125,438901,324268,647459,618609,1907516
Gabon,2061,972192,2554178,449081,323939,648253,622907,1931271
Gabon,2062,972199,2582303,459043,323591,648608,626893,1955410
Gabon,2063,971781,2610362,468891,323219,648562,630519,1979843
Gabon,2064,971005,2638199,478737,322827,648178,633728,2004471
Gabon,2065,969929,2665642,488730,322424,647505,636480,2029162
Gabon,2066,969472,2692391,498231,322359,647113,639109,2053282
Gabon,2067,968752,2718855,507721,322182,646570,641288,2077567
Gabon,2068,967817,2744707,517488,321926,645891,643008,2101699
Gabon,2069,966728,2769538,527902,321633,645095,644273,2125265
Gabon,2070,965518,2793017,539251,321349,644169,645082,2147935
Gabon,2071,965049,2814953,550871,321379,643670,645809,2169144
Gabon,2072,964466,2835865,563085,321295,643171,646134,2189731
Gabon,2073,963762,2855502,576146,321109,642653,646101,2209401
Gabon,2074,962891,2873583,590351,320812,642079,645790,2227793
Gabon,2075,961808,2889906,605930,320407,641401,645248,2244658
Gabon,2076,961378,2904345,622148,320224,641154,644857,2259488
Gabon,2077,960698,2917463,639316,319800,640898,644310,2273153
Gabon,2078,959765,2929442,657249,319183,640582,643638,2285804
Gabon,2079,958584,2940596,675620,318441,640143,642874,2297722
Gabon,2080,957133,2951087,694275,317622,639511,642034,2309053
Gabon,2081,956134,2961119,712278,316900,639234,641558,2319561
Gabon,2082,954902,2970853,730126,316127,638775,641065,2329788
Gabon,2083,953378,2980293,747865,315287,638091,640547,2339746
Gabon,2084,951481,2989432,765544,314341,637140,639989,2349443
Gabon,2085,949163,2998233,783240,313261,635902,639374,2358859
Gabon,2086,947379,3007232,799447,312372,635007,639171,2368061
Gabon,2087,945217,3016322,815167,311349,633868,638948,2377374
Gabon,2088,942676,3025244,830639,310203,632473,638650,2386594
Gabon,2089,939782,3033700,846122,308967,630815,638211,2395489
Gabon,2090,936555,3041433,861834,307669,628886,637572,2403861
Gabon,2091,933979,3049454,875753,306611,627368,637280,2412174
Gabon,2092,931133,3057141,889452,305494,625639,636821,2420320
Gabon,2093,928004,3064283,903131,304323,623681,636151,2428132
Gabon,2094,924585,3070693,917003,303096,621489,635239,2435454
Gabon,2095,920877,3076180,931261,301819,619058,634049,2442131
Gabon,2096,917963,3081972,943601,300850,617113,633165,2448807
Gabon,2097,914832,3087212,955890,299821,615011,632036,2455176
Gabon,2098,911504,3091695,968335,298748,612756,630654,2461041
Gabon,2099,907992,3095198,981134,297657,610335,629021,2466177
Gabon,2100,904320,3097522,994481,296577,607743,627131,2470391
Gambia,1950,111251,152590,7536,45489,65762,51289,101301
Gambia,1951,111425,153819,7476,44817,66608,52614,101205
Gambia,1952,111499,157799,7475,43554,67945,54973,102826
Gambia,1953,112193,163817,7495,42778,69415,58051,105766
Gambia,1954,114069,171148,7496,43432,70637,61472,109676
Gambia,1955,117370,179199,7460,46122,71248,64880,114319
Gambia,1956,121633,187586,7688,49126,72507,68273,119313
Gambia,1957,127067,195703,7830,53416,73651,70835,124868
Gambia,1958,133133,203231,7901,58366,74767,72371,130860
Gambia,1959,138914,210140,7914,62891,76023,72963,137177
Gambia,1960,143478,216545,7905,65881,77597,72817,143728
Gambia,1961,150053,218458,8226,68784,81269,72111,146347
Gambia,1962,154209,220811,8503,69663,84546,72255,148556
Gambia,1963,156344,223957,8771,69005,87339,73332,150625
Gambia,1964,157697,227834,9022,68261,89436,75148,152686
Gambia,1965,159438,232170,9253,68966,90472,77346,154824
Gambia,1966,162516,235958,9706,71029,91487,80050,155908
Gambia,1967,166269,239960,10110,73897,92372,82364,157596
Gambia,1968,170974,244061,10475,77638,93336,83961,160100
Gambia,1969,176372,248599,10827,81710,94662,84850,163749
Gambia,1970,182260,253809,11216,85608,96652,85072,168737
Gambia,1971,192080,256250,11864,89068,103012,85197,171053
Gambia,1972,200948,261015,12576,91701,109247,86947,174068
Gambia,1973,208961,267589,13311,93859,115102,90185,177404
Gambia,1974,216439,275068,14005,96136,120303,94391,180677
Gambia,1975,223674,282767,14629,98919,124755,98798,183969
Gambia,1976,232731,288236,15442,101306,131425,102734,185502
Gambia,1977,242250,293400,16167,104637,137613,106293,187107
Gambia,1978,252185,298789,16857,108712,143473,109301,189488
Gambia,1979,262174,305431,17552,113205,148969,112170,193261
Gambia,1980,272146,313944,18279,118120,154026,115223,198721
Gambia,1981,286042,320510,18859,124279,161763,116048,204462
Gambia,1982,298729,330012,19469,129151,169578,118729,211283
Gambia,1983,311109,342017,20112,133487,177622,123200,218817
Gambia,1984,324437,355885,20782,138303,186134,129210,226675
Gambia,1985,339417,371203,21476,144336,195081,136373,234830
Gambia,1986,355517,388817,22255,150023,205494,146821,241996
Gambia,1987,372917,408148,23060,156354,216563,157634,250514
Gambia,1988,390904,428308,23838,163097,227807,167745,260563
Gambia,1989,407941,448666,24531,169543,238398,176416,272250
Gambia,1990,422795,468894,25119,175068,247727,183403,285491
Gambia,1991,441250,482204,26039,181401,259849,185571,296633
Gambia,1992,457417,495421,26880,186931,270486,188108,307313
Gambia,1993,471504,509165,27689,191816,279688,191678,317487
Gambia,1994,484335,523957,28537,196543,287792,196900,327057
Gambia,1995,496709,540067,29447,201670,295039,203935,336132
Gambia,1996,511203,555306,30199,208089,303114,212685,342621
Gambia,1997,524948,572239,30982,213943,311005,222931,349308
Gambia,1998,538432,590739,31773,219614,318818,233926,356813
Gambia,1999,552231,610628,32561,225615,326616,244739,365889
Gambia,2000,566847,631651,33346,232559,334288,254717,376934
Gambia,2001,586283,650341,33871,241026,345257,261230,389111
Gambia,2002,606171,670812,34366,248740,357431,267826,402986
Gambia,2003,626558,692726,34910,256172,370386,274564,418162
Gambia,2004,647286,715702,35585,263676,383610,281639,434063
Gambia,2005,668196,739561,36447,271551,396645,289157,450404
Gambia,2006,691487,761949,37585,279808,411679,295847,466102
Gambia,2007,714565,785648,38903,287490,427075,303292,482356
Gambia,2008,737445,810874,40253,294906,442539,311602,499272
Gambia,2009,760208,837899,41453,302433,457775,320902,516997
Gambia,2010,782963,866786,42400,310434,472529,331169,535617
Gambia,2011,807628,895513,43222,318879,488749,341488,554025
Gambia,2012,832092,926218,43815,327281,504811,352932,573286
Gambia,2013,856251,958732,44341,335659,520592,365357,593375
Gambia,2014,879959,992846,45047,343901,536058,378565,614281
Gambia,2015,903154,1028370,46066,351973,551181,392349,636021
Gambia,2016,928172,1062851,47478,360481,567691,405776,657075
Gambia,2017,952161,1099269,49138,367852,584309,420139,679130
Gambia,2018,975296,1137480,50989,374466,600830,435191,702289
Gambia,2019,997853,1177275,52947,380880,616973,450620,726655
Gambia,2020,1020020,1218484,54989,387552,632468,466161,752323
Gambia,2021,1043478,1259188,57288,394208,649270,481164,778024
Gambia,2022,1066344,1301430,59649,400833,665511,496462,804968
Gambia,2023,1088492,1345319,62092,407479,681013,512048,833271
Gambia,2024,1109733,1390984,64629,414065,695668,527969,863015
Gambia,2025,1130048,1438398,67294,420591,709457,544153,894245
Gambia,2026,1151917,1484992,70134,427549,724368,559739,925253
Gambia,2027,1172614,1533606,73005,433877,738737,575798,957808
Gambia,2028,1192262,1583990,75996,439765,752497,592156,991834
Gambia,2029,1211110,1635752,79213,445500,765610,608577,1027175
Gambia,2030,1229353,1688581,82733,451343,778010,624837,1063744
Gambia,2031,1249457,1739988,86552,457673,791784,640220,1099768
Gambia,2032,1268633,1792743,90620,463421,805212,655732,1137011
Gambia,2033,1286911,1846913,94796,468772,818139,671224,1175689
Gambia,2034,1304297,1902643,98855,473884,830413,686521,1216122
Gambia,2035,1320848,1959907,102720,478947,841901,701451,1258456
Gambia,2036,1339243,2015962,106401,484453,854790,715332,1300630
Gambia,2037,1356495,2073783,109837,489233,867262,729123,1344660
Gambia,2038,1372615,2132991,113318,493471,879144,742805,1390186
Gambia,2039,1387631,2193089,117233,497359,890272,756407,1436682
Gambia,2040,1401595,2253696,121811,501095,900500,769867,1483829
Gambia,2041,1417250,2312079,126991,505180,912070,782572,1529507
Gambia,2042,1431528,2371395,132634,508480,923048,795425,1575970
Gambia,2043,1444452,2431623,138653,511207,933245,808327,1623296
Gambia,2044,1456085,2492782,144895,513590,942495,821152,1671630
Gambia,2045,1466507,2554771,151323,515849,950658,833751,1721020
Gambia,2046,1478490,2614711,157977,518416,960074,845619,1769092
Gambia,2047,1489037,2675701,164720,520384,968653,857535,1818166
Gambia,2048,1498175,2737678,171546,521924,976251,869396,1868282
Gambia,2049,1505994,2800521,178457,523217,982777,881084,1919437
Gambia,2050,1512622,2864058,185472,524452,988170,892430,1971628
Gambia,2051,1521037,2925236,192625,526196,994841,902919,2022317
Gambia,2052,1528080,2987336,199739,527376,1000704,913312,2074024
Gambia,2053,1533841,3050124,206954,528178,1005663,923488,2126636
Gambia,2054,1538473,3113275,214390,528809,1009664,933287,2179988
Gambia,2055,1542143,3176471,222179,529480,1012663,942531,2233940
Gambia,2056,1547919,3236553,230363,530824,1017095,950820,2285733
Gambia,2057,1552564,3296986,238704,531659,1020905,958810,2338176
Gambia,2058,1556158,3357509,247330,532154,1024004,966420,2391089
Gambia,2059,1558799,3417831,256410,532469,1026330,973560,2444271
Gambia,2060,1560605,3477661,266079,532781,1027824,980111,2497550
Gambia,2061,1564710,3533677,276504,533832,1030878,985757,2547920
Gambia,2062,1567757,3589604,287268,534254,1033503,991083,2598521
Gambia,2063,1569846,3645242,298444,534256,1035590,996060,2649182
Gambia,2064,1571103,3700355,310115,534073,1037030,1000653,2699702
Gambia,2065,1571653,3754712,322371,533934,1037719,1004792,2749920
Gambia,2066,1574463,3805060,335449,534452,1040011,1008300,2796760
Gambia,2067,1576376,3855068,348797,534511,1041865,1011615,2843453
Gambia,2068,1577406,3904579,362505,534239,1043167,1014714,2889865
Gambia,2069,1577542,3953482,376645,533733,1043809,1017596,2935886
Gambia,2070,1576833,4001588,391298,533120,1043713,1020197,2981391
Gambia,2071,1578353,4045562,406678,533180,1045173,1022418,3023144
Gambia,2072,1578785,4089304,422179,532576,1046209,1024615,3064689
Gambia,2073,1578200,4132542,437949,531502,1046698,1026730,3105812
Gambia,2074,1576712,4174957,454145,530182,1046530,1028686,3146271
Gambia,2075,1574425,4216262,470912,528825,1045600,1030382,3185880
Gambia,2076,1574183,4253400,488425,528022,1046161,1031859,3221541
Gambia,2077,1572980,4290010,506026,526791,1046189,1033285,3256725
Gambia,2078,1570829,4325995,523778,525258,1045571,1034614,3291381
Gambia,2079,1567748,4361267,541701,523536,1044212,1035782,3325485
Gambia,2080,1563813,4395682,559854,521750,1042063,1036691,3358991
Gambia,2081,1561887,4426066,578512,520575,1041312,1037426,3388640
Gambia,2082,1558976,4456188,596899,518973,1040003,1038081,3418107
Gambia,2083,1555159,4485830,615167,517085,1038074,1038600,3447230
Gambia,2084,1550570,4514731,633443,515083,1035487,1038899,3475832
Gambia,2085,1545341,4542656,651865,513133,1032208,1038878,3503778
Gambia,2086,1542179,4566397,670931,511853,1030326,1038661,3527736
Gambia,2087,1538302,4589800,689570,510300,1028002,1038290,3551510
Gambia,2088,1533733,4612665,707940,508547,1025186,1037706,3574959
Gambia,2089,1528470,4634804,726206,506624,1021846,1036849,3597955
Gambia,2090,1522569,4656017,744507,504601,1017968,1035633,3620384
Gambia,2091,1518752,4672712,763717,503294,1015458,1034136,3638576
Gambia,2092,1514111,4689278,782367,501404,1012707,1032466,3656812
Gambia,2093,1508778,4705450,800631,499129,1009649,1030595,3674855
Gambia,2094,1502913,4720947,818658,496719,1006194,1028496,3692451
Gambia,2095,1496676,4735491,836591,494429,1002247,1026112,3709379
Gambia,2096,1492157,4745683,855782,492593,999564,1023584,3722099
Gambia,2097,1487252,4755670,874220,490695,996557,1020921,3734749
Gambia,2098,1482017,4765241,892072,488879,993138,1018124,3747117
Gambia,2099,1476423,4774283,909501,487166,989257,1015222,3759061
Gambia,2100,1470399,4782719,926684,485468,984931,1012207,3770512
Georgia,1950,947144,2223628,356236,286652,660492,709624,1514004
Georgia,1951,946046,2249763,360061,317246,628800,719836,1529927
Georgia,1952,936200,2287846,364573,337160,599040,729231,1558615
Georgia,1953,927504,2330057,368040,352570,574934,735735,1594322
Georgia,1954,928010,2370176,368878,366451,561559,738009,1632167
Georgia,1955,941567,2405130,366424,382352,559215,735595,1669535
Georgia,1956,967834,2429897,366032,401739,566095,727922,1701975
Georgia,1957,1003922,2451815,363110,417701,586221,717572,1734243
Georgia,1958,1048302,2471521,358304,431623,616679,704084,1767437
Georgia,1959,1096893,2491837,352503,444328,652565,687061,1804776
Georgia,1960,1146433,2514970,346310,456307,690126,666918,1848052
Georgia,1961,1193741,2538990,344338,463589,730152,644348,1894642
Georgia,1962,1242338,2564881,341511,472333,770005,618914,1945967
Georgia,1963,1289714,2593879,338549,481209,808505,595638,1998241
Georgia,1964,1333042,2627285,336329,487889,845153,581683,2045602
Georgia,1965,1370348,2665774,335399,490269,880079,581325,2084449
Georgia,1966,1400685,2705656,340483,488700,911985,593319,2112337
Georgia,1967,1423766,2751335,346608,483711,940055,618767,2132568
Georgia,1968,1439257,2800823,353225,475829,963428,654084,2146739
Georgia,1969,1447865,2850676,359459,466746,981119,693069,2157607
Georgia,1970,1449811,2898687,364824,457414,992397,731396,2167291
Georgia,1971,1437408,2944883,375854,445201,992207,762829,2182054
Georgia,1972,1423004,2985612,384934,437950,985054,791612,2194000
Georgia,1973,1406456,3022864,392840,434066,972390,817484,2205380
Georgia,1974,1387624,3059359,400870,431167,956457,840777,2218582
Georgia,1975,1367122,3096658,409839,427790,939332,861799,2234859
Georgia,1976,1349675,3129014,421490,428349,921326,879621,2249393
Georgia,1977,1330173,3162839,434232,427028,903145,895544,2267295
Georgia,1978,1310339,3198400,446762,424703,885636,909198,2289202
Georgia,1979,1293151,3235413,456999,423537,869614,919618,2315795
Georgia,1980,1280647,3273213,463958,425482,855165,926087,2347126
Georgia,1981,1274569,3309960,466696,431400,843169,927847,2382113
Georgia,1982,1272964,3346345,466205,437309,835655,923685,2422660
Georgia,1983,1276178,3382146,464060,443644,832534,914776,2467370
Georgia,1984,1283477,3418148,462512,450230,833247,903153,2514995
Georgia,1985,1293797,3454633,463011,456915,836882,890444,2564189
Georgia,1986,1309892,3488945,467989,465281,844611,877383,2611562
Georgia,1987,1327142,3525981,474105,471705,855437,864779,2661202
Georgia,1988,1341868,3557297,481744,474979,866889,852396,2704901
Georgia,1989,1349076,3571504,491567,473135,875941,839676,2731828
Georgia,1990,1345035,3561644,503693,464792,880243,826274,2735370
Georgia,1991,1332727,3516442,521480,456962,875765,808794,2707648
Georgia,1992,1311263,3447410,539413,443076,868187,789821,2657589
Georgia,1993,1283904,3365502,555228,424900,859004,770807,2594695
Georgia,1994,1255362,3286178,566134,405084,850278,753444,2532734
Georgia,1995,1228718,3220116,571227,385233,843485,739001,2481115
Georgia,1996,1194414,3172491,578661,358020,836394,728963,2443528
Georgia,1997,1163093,3137499,580656,335565,827528,721353,2416146
Georgia,1998,1132914,3112091,580181,317050,815864,716485,2395606
Georgia,1999,1101491,3090397,581281,301226,800265,714810,2375587
Georgia,2000,1067648,3068451,585960,286904,780744,716478,2351973
Georgia,2001,1028301,3044881,598980,271074,757227,721080,2323801
Georgia,2002,988913,3021036,614931,260562,728351,728610,2292426
Georgia,2003,949187,2999216,630679,253984,695203,737689,2261527
Georgia,2004,910055,2982024,641250,250412,659643,746013,2236011
Georgia,2005,872955,2969837,643755,249646,623309,751815,2218022
Georgia,2006,844096,2950887,643913,257177,586919,742926,2207961
Georgia,2007,818170,2934670,637695,263588,554582,732160,2202510
Georgia,2008,795825,2917421,627268,269108,526717,718888,2198533
Georgia,2009,777381,2894427,615888,273752,503629,701809,2192618
Georgia,2010,762462,2863560,605639,277702,484760,680437,2183123
Georgia,2011,755220,2819885,596151,285852,469368,646315,2173570
Georgia,2012,748054,2771655,588010,287081,460973,609786,2161869
Georgia,2013,741944,2722053,581913,283605,458339,574049,2148004
Georgia,2014,738607,2675381,578358,278620,459987,541992,2133389
Georgia,2015,739480,2634510,577534,275313,464167,514877,2119633
Georgia,2016,743780,2603402,578223,271210,472570,494648,2108754
Georgia,2017,750437,2580140,581484,265845,484592,475976,2104164
Georgia,2018,758641,2561957,586533,260384,498257,459607,2102350
Georgia,2019,766242,2545602,592360,255166,511076,446759,2098843
Georgia,2020,771305,2528960,598264,249921,521384,438226,2090734
Georgia,2021,768930,2510462,609328,240320,528610,432617,2077845
Georgia,2022,765836,2490564,619510,234364,531472,430867,2059697
Georgia,2023,760765,2470854,629164,230657,530108,432997,2037857
Georgia,2024,752912,2453082,638859,227409,525503,438626,2014456
Georgia,2025,742389,2437959,648870,223423,518966,447232,1990727
Georgia,2026,731286,2420382,662097,220961,510325,456799,1963583
Georgia,2027,717414,2405225,675240,217223,500191,469158,1936067
Georgia,2028,701839,2392151,687636,212635,489204,482712,1909439
Georgia,2029,686481,2380525,698084,208342,478139,495004,1885521
Georgia,2030,672501,2369935,705914,205210,467291,504383,1865552
Georgia,2031,659853,2358092,713483,203296,456557,509387,1848705
Georgia,2032,648644,2347365,718360,201728,446916,511197,1836168
Georgia,2033,638887,2337002,721326,200640,438247,510155,1826847
Georgia,2034,630167,2326158,723688,199904,430263,506962,1819196
Georgia,2035,622279,2314242,726301,199527,422752,502081,1812161
Georgia,2036,615969,2299453,730229,200125,415844,493923,1805530
Georgia,2037,610690,2283817,733994,200519,410171,483747,1800070
Georgia,2038,606372,2267339,737643,200778,405594,472432,1794907
Georgia,2039,602930,2250212,741033,200998,401932,461144,1789068
Georgia,2040,600260,2232612,744058,201289,398971,450683,1781929
Georgia,2041,598671,2213076,747868,202044,396627,439722,1773354
Georgia,2042,597629,2193259,751340,202285,395344,429761,1763498
Georgia,2043,596968,2173370,754346,202101,394867,420939,1752431
Georgia,2044,596450,2153709,756741,201556,394894,413166,1740543
Georgia,2045,595826,2134445,758528,200711,395115,406377,1728068
Georgia,2046,594949,2114030,761384,199676,395273,399256,1714774
Georgia,2047,593826,2094449,763340,198089,395737,393264,1701185
Georgia,2048,592298,2075423,764824,196068,396230,388516,1686907
Georgia,2049,590258,2056497,766469,193758,396500,385032,1671465
Georgia,2050,587616,2037386,768663,191269,396347,382754,1654632
Georgia,2051,583807,2017007,773061,188343,395464,380306,1636701
Georgia,2052,579576,1996898,777408,185434,394142,378868,1618030
Georgia,2053,574779,1977314,781627,182548,392231,378389,1598925
Georgia,2054,569373,1958525,785513,179684,389689,378683,1579842
Georgia,2055,563400,1940662,788934,176866,386534,379545,1561117
Georgia,2056,556686,1922552,793260,174100,382586,379612,1542940
Georgia,2057,549722,1905455,796784,171507,378215,380000,1525455
Georgia,2058,542517,1889743,799162,169081,373436,380610,1509133
Georgia,2059,535190,1875883,799860,166853,368337,381218,1494665
Georgia,2060,527875,1864059,798613,164871,363004,381616,1482443
Georgia,2061,520855,1853352,796071,163457,357398,380581,1472771
Georgia,2062,514047,1844590,791525,162059,351988,379153,1465437
Georgia,2063,507492,1837381,785350,160722,346770,377360,1460021
Georgia,2064,501285,1831238,777979,159530,341755,375198,1456040
Georgia,2065,495500,1825776,769750,158580,336920,372653,1453123
Georgia,2066,490490,1820402,760931,158237,332253,368649,1451753
Georgia,2067,485952,1815836,751096,157722,328230,364177,1451659
Georgia,2068,481876,1811189,741147,157120,324756,359445,1451744
Georgia,2069,478224,1805214,732363,156515,321709,354672,1450542
Georgia,2070,474939,1797066,725641,156001,318938,349987,1447079
Georgia,2071,472167,1786416,721142,155796,316371,344430,1441986
Georgia,2072,469748,1774014,718304,155350,314398,338953,1435061
Georgia,2073,467583,1759945,717117,154727,312856,333747,1426198
Georgia,2074,465544,1744446,717474,153979,311565,328988,1415458
Georgia,2075,463518,1727667,719320,153163,310355,324755,1402912
Georgia,2076,461515,1709369,722884,152388,309127,320187,1389182
Georgia,2077,459540,1690113,727584,151388,308152,316143,1373970
Georgia,2078,457469,1670513,732944,150206,307263,312700,1357813
Georgia,2079,455211,1651461,738140,148886,306325,309862,1341599
Georgia,2080,452693,1633536,742685,147475,305218,307601,1325935
Georgia,2081,449862,1616625,746728,146008,303854,305101,1311524
Georgia,2082,446863,1601217,749619,144426,302437,303119,1298098
Georgia,2083,443627,1587144,751594,142762,300865,301644,1285500
Georgia,2084,440130,1574046,753063,141066,299064,300586,1273460
Georgia,2085,436349,1561584,754339,139380,296969,299831,1261753
Georgia,2086,432369,1550132,754979,137767,294602,298669,1251463
Georgia,2087,428296,1539699,754849,136190,292106,297706,1241993
Georgia,2088,424088,1530088,754186,134658,289430,296921,1233167
Georgia,2089,419733,1520993,753295,133179,286554,296218,1224775
Georgia,2090,415242,1512099,752471,131778,283464,295492,1216607
Georgia,2091,411077,1504413,750220,130713,280364,294247,1210166
Georgia,2092,406939,1497125,747645,129633,277306,292891,1204234
Georgia,2093,402801,1489882,745101,128557,274244,291422,1198460
Georgia,2094,398686,1482318,742896,127525,271161,289813,1192505
Georgia,2095,394636,1474218,741195,126591,268045,288036,1186182
Georgia,2096,391302,1467240,737662,126093,265209,285807,1181433
Georgia,2097,388074,1459817,734430,125488,262586,283340,1176477
Georgia,2098,384939,1451824,731625,124803,260136,280727,1171097
Georgia,2099,381893,1443150,729338,124086,257807,278044,1165106
Georgia,2100,378956,1433667,727629,123424,255532,275326,1158341
Germany,1950,16116052,47086238,6763953,4598768,11517284,10196636,36889602
Germany,1951,15946602,47413588,6939168,4766693,11179909,10411355,37002233
Germany,1952,15705521,47804947,7109031,4937606,10767915,10708295,37096652
Germany,1953,15419761,48234173,7275325,5078650,10341111,11044140,37190033
Germany,1954,15152346,48644504,7436281,5181423,9970923,11344346,37300158
Germany,1955,14961975,48985351,7590211,5276230,9685745,11557190,37428161
Germany,1956,15020311,49076069,7754600,5503161,9517150,11632509,37443560
Germany,1957,15098975,49168440,7916501,5608859,9490116,11662621,37505819
Germany,1958,15237008,49232476,8078558,5655124,9581884,11635073,37597403
Germany,1959,15453782,49255503,8245959,5703721,9750061,11533570,37721933
Germany,1960,15747371,49243490,8423566,5797189,9950182,11354266,37889224
Germany,1961,16012370,49276406,8639272,5838585,10173785,11157636,38118770
Germany,1962,16375245,49264754,8849143,5963135,10412110,10862150,38402604
Germany,1963,16785608,49235867,9058572,6135705,10649903,10526266,38709601
Germany,1964,17165902,49233923,9276186,6290129,10875773,10238720,38995203
Germany,1965,17473793,49276009,9506124,6381393,11092400,10051544,39224465
Germany,1966,17812858,49249483,9753996,6493605,11319253,9958058,39291425
Germany,1967,18060645,49289997,10002020,6505892,11554753,9946753,39343244
Germany,1968,18224620,49372035,10244780,6427296,11797324,9996821,39375214
Germany,1969,18315975,49463654,10474997,6276987,12038988,10078010,39385644
Germany,1970,18327826,49554921,10690237,6069110,12258716,10177271,39377650
Germany,1971,18264288,49577104,10945216,5807618,12456670,10342637,39234467
Germany,1972,18075180,49650232,11176295,5461846,12613334,10555860,39094372
Germany,1973,17788924,49764135,11383106,5078687,12710237,10801704,38962431
Germany,1974,17449999,49904039,11563182,4724625,12725374,11059276,38844763
Germany,1975,17086378,50066252,11713868,4438592,12647786,11313706,38752546
Germany,1976,16546101,50302911,11945484,4044497,12501604,11608277,38694634
Germany,1977,16077635,50488539,12135627,3890375,12187260,11885014,38603525
Germany,1978,15625436,50696024,12267851,3897860,11727576,12147660,38548364
Germany,1979,15121116,51021376,12312356,3948578,11172538,12402950,38618426
Germany,1980,14552098,51496081,12252471,3965543,10586555,12644306,38851775
Germany,1981,14122588,51870714,12132802,4130280,9992308,12795267,39075447
Germany,1982,13611583,52415489,11917776,4173461,9438122,12931969,39483520
Germany,1983,13091531,53035885,11662664,4134173,8957358,13020426,40015459
Germany,1984,12669936,53588155,11446245,4094333,8575603,13009731,40578424
Germany,1985,12401510,53997725,11318196,4115511,8285999,12872777,41124948
Germany,1986,12276580,54250032,11310888,4169436,8107144,12644851,41605181
Germany,1987,12270380,54399523,11384183,4225464,8044916,12299419,42100104
Germany,1988,12365813,54476958,11511246,4289293,8076520,11862694,42614264
Germany,1989,12502457,54560340,11652813,4338692,8163765,11386395,43173945
Germany,1990,12637091,54695580,11785655,4358379,8278712,10908929,43786651
Germany,1991,12801342,54795756,11967356,4344055,8457287,10483121,44312635
Germany,1992,12943144,54955450,12147563,4293364,8649780,10063366,44892084
Germany,1993,13059649,55145076,12315363,4219216,8840433,9672601,45472475
Germany,1994,13156081,55320254,12454706,4145825,9010256,9344964,45975290
Germany,1995,13227799,55454050,12558755,4082386,9145413,9104587,46349463
Germany,1996,13150263,55520655,12755419,3949969,9200294,8959534,46561121
Germany,1997,13092642,55515355,12891869,3911070,9181572,8905825,46609530
Germany,1998,13029077,55458847,13011308,3927179,9101898,8921030,46537817
Germany,1999,12927814,55377191,13176607,3942480,8985334,8972528,46404663
Germany,2000,12779328,55285050,13423379,3920388,8858940,9038748,46246302
Germany,2001,12640244,55128318,13767286,3936224,8704020,9159181,45969137
Germany,2002,12435998,54990253,14185617,3884690,8551308,9294818,45695435
Germany,2003,12198352,54850894,14637249,3786045,8412307,9414322,45436572
Germany,2004,11972041,54688041,15055577,3681708,8290333,9486175,45201866
Germany,2005,11774443,54496009,15400782,3599277,8175166,9496176,44999833
Germany,2006,11554619,54238906,15746828,3501933,8052686,9484347,44754559
Germany,2007,11371406,53953367,16019684,3440888,7930518,9416731,44536636
Germany,2008,11221689,53672586,16236669,3410851,7810838,9300834,44371752
Germany,2009,11089923,53447364,16428325,3396530,7693393,9160273,44287091
Germany,2010,10972077,53305620,16617088,3390619,7581458,9014121,44291499
Germany,2011,10890884,53303987,16739109,3399688,7491196,8973704,44330283
Germany,2012,10818202,53397682,16850344,3418714,7399488,8925765,44471917
Germany,2013,10762369,53537339,16965431,3445922,7316447,8859871,44677468
Germany,2014,10729867,53661667,17098126,3480268,7249599,8774379,44887288
Germany,2015,10719049,53734046,17254694,3517798,7201251,8673083,45060963
Germany,2016,10722191,53769551,17422930,3556694,7165497,8591177,45178374
Germany,2017,10736390,53761687,17616147,3595119,7141271,8510063,45251624
Germany,2018,10762846,53702996,17827615,3631610,7131236,8421616,45281380
Germany,2019,10798399,53589490,18050750,3663814,7134585,8316246,45273244
Germany,2020,10837924,53416437,18286089,3688838,7149086,8189883,45226554
Germany,2021,10891203,53135606,18564060,3707531,7183672,8062985,45072621
Germany,2022,10947558,52800442,18843766,3725430,7222128,7931422,44869020
Germany,2023,11003485,52414668,19138579,3739696,7263789,7800116,44614552
Germany,2024,11054436,51985631,19466072,3746993,7307443,7678608,44307023
Germany,2025,11097263,51521181,19836600,3744608,7352655,7573795,43947386
Germany,2026,11138399,51033838,20235337,3732150,7406249,7518930,43514908
Germany,2027,11167963,50532318,20659717,3715878,7452085,7483333,43048985
Germany,2028,11185522,50019757,21104897,3695505,7490017,7462474,42557283
Germany,2029,11191436,49501421,21560660,3671468,7519968,7451363,42050058
Germany,2030,11185171,48983636,22017929,3642877,7542294,7446919,41536717
Germany,2031,11163819,48472808,22473512,3601011,7562808,7481863,40990945
Germany,2032,11132892,47972813,22920088,3566818,7566074,7525573,40447240
Germany,2033,11092028,47507261,23334768,3537698,7554330,7572279,39934982
Germany,2034,11040211,47106680,23688505,3510011,7530200,7615774,39490906
Germany,2035,10976955,46783678,23969484,3480207,7496748,7651356,39132322
Germany,2036,10912472,46550246,24155624,3448109,7464363,7712788,38837458
Germany,2037,10840673,46402013,24257195,3422632,7418041,7767302,38634711
Germany,2038,10762798,46308962,24302550,3401551,7361247,7809312,38499650
Germany,2039,10681363,46230295,24329358,3383192,7298171,7834746,38395549
Germany,2040,10598769,46139272,24361516,3365989,7232780,7841644,38297628
Germany,2041,10534145,46081085,24334713,3354287,7179858,7868918,38212167
Germany,2042,10469534,46020618,24302108,3346649,7122885,7879770,38140848
Germany,2043,10407442,45944480,24274426,3342359,7065083,7871546,38072934
Germany,2044,10349863,45839694,24262453,3340948,7008915,7843684,37996010
Germany,2045,10297881,45696702,24274608,3341671,6956210,7796857,37899845
Germany,2046,10269560,45564409,24244285,3347637,6921923,7771957,37792452
Germany,2047,10247570,45401858,24230164,3358248,6889322,7732056,37669802
Germany,2048,10232571,45206275,24234457,3371934,6860637,7677392,37528883
Germany,2049,10222952,44975344,24261178,3386204,6836748,7610498,37364846
Germany,2050,10216511,44706140,24315835,3398578,6817933,7533737,37172403
Germany,2051,10230811,44439729,24340278,3413525,6817286,7484314,36955415
Germany,2052,10247856,44150661,24379047,3428299,6819557,7431288,36719373
Germany,2053,10267369,43846324,24426839,3441818,6825551,7373635,36472689
Germany,2054,10287932,43540972,24473059,3452904,6835028,7311879,36229093
Germany,2055,10307210,43242684,24513915,3459948,6847262,7247072,35995612
Germany,2056,10336081,42983157,24507717,3463601,6872480,7213055,35770102
Germany,2057,10364121,42751684,24476406,3467461,6896660,7182444,35569240
Germany,2058,10390102,42540351,24430923,3470228,6919874,7153178,35387173
Germany,2059,10411328,42336492,24388595,3470021,6941307,7123997,35212495
Germany,2060,10424552,42128955,24365343,3464512,6960040,7094058,35034897
Germany,2061,10438224,41947484,24323627,3452772,6985452,7094156,34853328
Germany,2062,10446918,41784899,24276172,3442921,7003997,7098899,34686000
Germany,2063,10449282,41637269,24228432,3433250,7016032,7104817,34532452
Germany,2064,10443285,41499953,24186979,3421760,7021525,7108801,34391152
Germany,2065,10426477,41365018,24161885,3406023,7020454,7108403,34256615
Germany,2066,10414013,41282827,24087692,3387331,7026682,7136669,34146158
Germany,2067,10395447,41219858,24007793,3372272,7023175,7165037,34054821
Germany,2068,10368490,41160697,23938124,3358418,7010072,7188221,33972476
Germany,2069,10332225,41093927,23888698,3343635,6988590,7202425,33891502
Germany,2070,10287241,41014714,23861841,3326202,6961039,7206122,33808592
Germany,2071,10256088,40993769,23763692,3311035,6945053,7234515,33759254
Germany,2072,10219237,40970760,23673773,3298562,6920675,7255639,33715121
Germany,2073,10177860,40938998,23596321,3287757,6890103,7266721,33672277
Germany,2074,10132889,40889532,23537980,3277693,6855196,7265769,33623763
Germany,2075,10084329,40813041,23507107,3267069,6817260,7251489,33561552
Germany,2076,10053709,40777791,23413494,3260580,6793129,7257439,33520352
Germany,2077,10023245,40728860,23330050,3257925,6765320,7254245,33474615
Germany,2078,9992922,40661201,23262465,3257475,6735447,7240177,33421024
Germany,2079,9961523,40569213,23218578,3257053,6704470,7214583,33354630
Germany,2080,9927317,40445444,23208556,3254498,6672819,7177054,33268390
Germany,2081,9913188,40356389,23143192,3256691,6656497,7159454,33196935
Germany,2082,9899615,40257224,23087318,3259116,6640499,7135934,33121290
Germany,2083,9886549,40142532,23048052,3261076,6625473,7105025,33037507
Germany,2084,9872814,40005188,23035781,3261877,6610937,7066020,32939168
Germany,2085,9855842,39836172,23063678,3260233,6595609,7018287,32817885
Germany,2086,9856613,39711717,23035193,3260837,6595776,6993681,32718036
Germany,2087,9858776,39581951,23016596,3263117,6595659,6967108,32614843
Germany,2088,9859359,39438078,23019881,3265158,6594201,6936236,32501842
Germany,2089,9854948,39275106,23053506,3264691,6590257,6900183,32374923
Germany,2090,9842971,39089875,23123103,3259719,6583252,6858849,32231026
Germany,2091,9847089,38964896,23122396,3256571,6590518,6843382,32121514
Germany,2092,9847529,38840794,23130337,3253067,6594462,6828437,32012357
Germany,2093,9843037,38712187,23153269,3248091,6594946,6811828,31900359
Germany,2094,9831849,38572502,23199090,3240468,6591381,6791713,31780789
Germany,2095,9811627,38413906,23277364,3228711,6582916,6766585,31647321
Germany,2096,9805540,38322833,23277707,3218237,6587303,6766574,31556259
Germany,2097,9795039,38234584,23282363,3208667,6586372,6766731,31467853
Germany,2098,9777890,38139295,23302248,3198445,6579445,6763805,31375490
Germany,2099,9751680,38028017,23347361,3185691,6565989,6755160,31272857
Germany,2100,9714265,37893472,23425546,3168385,6545880,6739101,31154371
Ghana,1950,2247017,2611134,122724,925282,1321735,954655,1656479
Ghana,1951,2285628,2658235,124573,931580,1354048,970969,1687266
Ghana,1952,2327886,2735987,127346,925240,1402646,998684,1737303
Ghana,1953,2382665,2826275,130242,925676,1456989,1031153,1795122
Ghana,1954,2450558,2920748,132948,940275,1510283,1065247,1855501
Ghana,1955,2527010,3017936,135464,969504,1557506,1100485,1917451
Ghana,1956,2602913,3120041,140732,989590,1613323,1137416,1982625
Ghana,1957,2689130,3217611,145418,1029647,1659483,1172560,2045051
Ghana,1958,2778502,3317292,149852,1080991,1697511,1208825,2108467
Ghana,1959,2865463,3425469,154351,1135366,1730097,1249248,2176221
Ghana,1960,2948877,3544333,159077,1188024,1760853,1294977,2249356
Ghana,1961,3054582,3646747,165210,1258288,1796294,1335887,2310860
Ghana,1962,3151972,3762119,171373,1313180,1838792,1383075,2379044
Ghana,1963,3243516,3882572,177344,1355773,1887743,1432179,2450393
Ghana,1964,3333588,3996885,182816,1392713,1940875,1476742,2520143
Ghana,1965,3422878,4099966,187705,1429037,1993841,1513592,2586374
Ghana,1966,3522089,4174798,194105,1470293,2051796,1536870,2637928
Ghana,1967,3618750,4239202,199492,1505690,2113060,1553574,2685628
Ghana,1968,3715301,4301531,204188,1538298,2177003,1567512,2734019
Ghana,1969,3815016,4373670,208661,1571954,2243062,1584127,2789543
Ghana,1970,3921607,4462198,213178,1611754,2309853,1606763,2855435
Ghana,1971,4048203,4558257,220813,1657326,2390877,1631935,2926322
Ghana,1972,4179971,4674936,228666,1701335,2478636,1664142,3010794
Ghana,1973,4310663,4803083,236365,1743508,2567155,1702169,3100914
Ghana,1974,4429814,4931060,243402,1780644,2649170,1744887,3186173
Ghana,1975,4529006,5052858,249543,1809590,2719416,1791954,3260904
Ghana,1976,4621346,5144841,257285,1838690,2782656,1834110,3310731
Ghana,1977,4694535,5231676,263679,1857002,2837533,1880560,3351116
Ghana,1978,4760014,5325140,269345,1870796,2889218,1933247,3391893
Ghana,1979,4836191,5439542,275044,1891926,2944265,1993970,3445572
Ghana,1980,4938063,5582766,281199,1932759,3005304,2063641,3519125
Ghana,1981,5072006,5754133,291466,1981351,3090655,2142322,3611811
Ghana,1982,5224168,5961079,302859,2034829,3189339,2232486,3728593
Ghana,1983,5388218,6191921,314986,2093795,3294423,2329721,3862200
Ghana,1984,5551643,6432207,327308,2154041,3397602,2428608,4003599
Ghana,1985,5703909,6672766,339553,2211110,3492799,2525641,4147125
Ghana,1986,5860034,6891109,353153,2271937,3588097,2612535,4278574
Ghana,1987,6004590,7110656,366160,2323463,3681127,2697276,4413380
Ghana,1988,6140708,7334660,378846,2368050,3772658,2781007,4553653
Ghana,1989,6274229,7568106,391539,2410407,3863822,2865479,4702627
Ghana,1990,6409694,7814070,404496,2455843,3953851,2951875,4862195
Ghana,1991,6564671,8051542,423301,2509888,4054783,3034224,5017318
Ghana,1992,6718076,8303471,442307,2557628,4160448,3119182,5184289
Ghana,1993,6869189,8565884,461359,2602140,4267049,3205740,5360144
Ghana,1994,7016382,8833611,480181,2646694,4369688,3292705,5540906
Ghana,1995,7158165,9103684,498618,2693876,4464289,3379581,5724103
Ghana,1996,7312773,9358964,513871,2746744,4566029,3460716,5898248
Ghana,1997,7464640,9616244,527928,2802168,4662472,3542651,6073593
Ghana,1998,7614465,9880735,541294,2859538,4754927,3627636,6253099
Ghana,1999,7763246,10159750,554616,2916815,4846431,3718326,6441424
Ghana,2000,7912990,10457419,568353,2974014,4938976,3816009,6641410
Ghana,2001,8081954,10741870,597781,3040029,5041925,3914413,6827457
Ghana,2002,8245782,11050125,628615,3091567,5154215,4021076,7029049
Ghana,2003,8408938,11377406,660438,3135894,5273044,4132934,7244472
Ghana,2004,8577281,11716777,692478,3183761,5393520,4245951,7470826
Ghana,2005,8752865,12065075,724069,3242706,5510159,4358212,7706863
Ghana,2006,8939026,12419701,754698,3301680,5637346,4469512,7950189
Ghana,2007,9133170,12784290,782752,3374121,5759049,4578967,8205323
Ghana,2008,9329044,13160779,808817,3455835,5873209,4688448,8472331
Ghana,2009,9519208,13550248,834375,3539651,5979557,4800360,8749888
Ghana,2010,9701338,13950320,860446,3622297,6079041,4915405,9034915
Ghana,2011,9912460,14334938,874398,3728445,6184015,5017909,9317029
Ghana,2012,10114844,14728230,889975,3819013,6295831,5124280,9603950
Ghana,2013,10311789,15128421,906041,3896275,6415514,5232213,9896208
Ghana,2014,10507051,15534587,920925,3963270,6543781,5338288,10196299
Ghana,2015,10701088,15947668,934065,4022859,6678229,5441059,10506609
Ghana,2016,10909497,16341478,955753,4085261,6824236,5532347,10809131
Ghana,2017,11107304,16750447,975878,4124015,6983289,5624234,11126213
Ghana,2018,11295876,17171866,995901,4147239,7148637,5718099,11453767
Ghana,2019,11476509,17602707,1017754,4165676,7310833,5815943,11786764
Ghana,2020,11649111,18041980,1042664,4187343,7461768,5919349,12122631
Ghana,2021,11807241,18487121,1079690,4195648,7611593,6026439,12460682
Ghana,2022,11963212,18936324,1118289,4219307,7743905,6135725,12800599
Ghana,2023,12111172,19395489,1158408,4253832,7857340,6251547,13143942
Ghana,2024,12243972,19872042,1199694,4290480,7953492,6379283,13492759
Ghana,2025,12359457,20368158,1242143,4323169,8036288,6520879,13847279
Ghana,2026,12477454,20858255,1291452,4363341,8114113,6667762,14190493
Ghana,2027,12578774,21368278,1340916,4396813,8181961,6827414,14540864
Ghana,2028,12668012,21892768,1391710,4425554,8242458,6993683,14899085
Ghana,2029,12753827,22422110,1445150,4454906,8298921,7156252,15265858
Ghana,2030,12841769,22950083,1502167,4489161,8352608,7308115,15641968
Ghana,2031,12945547,23458986,1566776,4532757,8412790,7445567,16013419
Ghana,2032,13050323,23969044,1633400,4574567,8475756,7572851,16396193
Ghana,2033,13156415,24479715,1702009,4615866,8540549,7689289,16790426
Ghana,2034,13262599,24992149,1772365,4656894,8605705,7794725,17197424
Ghana,2035,13368317,25506430,1844589,4698539,8669778,7889134,17617296
Ghana,2036,13490210,26002561,1921740,4747595,8742615,7968598,18033963
Ghana,2037,13610841,26502385,1999213,4791389,8819452,8036423,18465962
Ghana,2038,13730543,27004408,2078072,4831638,8898905,8096631,18907777
Ghana,2039,13849763,27506973,2159481,4870621,8979142,8154897,19352076
Ghana,2040,13968538,28008905,2244381,4910333,9058205,8214937,19793968
Ghana,2041,14099689,28493783,2336073,4954066,9145623,8274658,20219125
Ghana,2042,14229442,28980569,2428777,4995449,9233993,8336538,20644031
Ghana,2043,14356307,29469018,2523404,5034549,9321758,8401397,21067621
Ghana,2044,14478214,29959222,2620898,5070749,9407465,8469264,21489958
Ghana,2045,14593835,30450824,2722049,5103944,9489891,8539995,21910829
Ghana,2046,14718944,30924674,2829727,5140732,9578212,8612114,22312560
Ghana,2047,14835794,31403501,2938500,5170509,9665285,8688125,22715376
Ghana,2048,14944275,31886493,3048486,5194580,9749695,8767798,23118695
Ghana,2049,15044746,32372764,3159364,5214735,9830011,8850184,23522580
Ghana,2050,15137192,32861495,3271256,5232500,9904692,8934429,23927066
Ghana,2051,15234308,33336072,3387615,5251294,9983014,9019970,24316102
Ghana,2052,15322560,33815983,3502186,5266049,10056511,9106909,24709074
Ghana,2053,15401624,34300011,3616335,5277780,10123844,9195042,25104969
Ghana,2054,15471453,34786715,3731448,5287516,10183937,9283702,25503013
Ghana,2055,15532355,35274559,3848689,5296205,10236150,9372077,25902482
Ghana,2056,15597215,35746171,3972296,5306914,10290301,9459936,26286235
Ghana,2057,15654318,36221084,4094311,5316914,10337404,9546292,26674792
Ghana,2058,15703637,36697915,4216237,5326306,10377331,9630987,27066928
Ghana,2059,15745753,37174806,4339592,5335183,10410570,9713439,27461367
Ghana,2060,15781611,37649755,4465563,5343879,10437732,9792876,27856879
Ghana,2061,15826660,38101482,4599900,5358226,10468434,9869016,28232466
Ghana,2062,15865970,38553665,4733726,5370372,10495598,9941466,28612199
Ghana,2063,15900179,39005768,4866969,5380777,10519402,10009797,28995971
Ghana,2064,15930283,39457786,4998712,5390076,10540207,10073064,29384722
Ghana,2065,15957056,39908809,5129069,5399041,10558015,10130539,29778270
Ghana,2066,15995236,40334395,5267647,5413829,10581407,10182073,30152322
Ghana,2067,16029429,40762246,5401936,5424514,10604915,10227861,30534385
Ghana,2068,16059958,41188249,5535440,5432092,10627866,10268636,30919613
Ghana,2069,16087016,41607604,5672401,5437693,10649323,10305248,31302356
Ghana,2070,16110598,42016973,5815870,5442404,10668194,10338259,31678714
Ghana,2071,16142935,42392505,5977216,5450475,10692460,10367932,32024573
Ghana,2072,16171344,42763269,6139805,5455292,10716052,10394102,32369167
Ghana,2073,16195320,43127130,6305897,5457409,10737911,10417986,32709144
Ghana,2074,16214124,43481832,6478036,5457214,10756910,10440886,33040946
Ghana,2075,16227263,43825718,6657986,5455185,10772078,10463539,33362179
Ghana,2076,16246565,44135324,6857065,5455395,10791170,10486522,33648802
Ghana,2077,16259903,44439038,7058750,5452352,10807551,10509374,33929664
Ghana,2078,16267022,44738282,7261647,5446604,10820418,10532383,34205899
Ghana,2079,16267951,45035648,7462928,5438850,10829101,10555374,34480274
Ghana,2080,16262764,45332125,7661311,5429724,10833040,10578022,34754103
Ghana,2081,16262835,45605798,7867217,5422802,10840033,10601407,35004391
Ghana,2082,16257081,45882637,8065479,5413904,10843177,10624334,35258303
Ghana,2083,16245079,46160574,8258068,5403136,10841943,10646583,35513991
Ghana,2084,16226458,46437316,8446979,5390411,10836047,10667460,35769856
Ghana,2085,16201179,46710803,8633877,5375854,10825325,10686281,36024522
Ghana,2086,16182172,46960658,8825957,5364471,10817701,10704344,36256314
Ghana,2087,16156534,47212503,9010649,5349791,10806743,10720127,36492376
Ghana,2088,16124851,47463824,9190201,5332728,10792123,10733550,36730274
Ghana,2089,16088247,47711860,9366788,5314645,10773602,10744238,36967622
Ghana,2090,16047551,47954217,9542393,5296655,10750896,10751785,37202432
Ghana,2091,16012866,48171410,9726653,5281449,10731417,10757648,37413762
Ghana,2092,15975227,48387265,9904724,5266223,10709004,10760035,37627230
Ghana,2093,15934367,48599489,10079172,5250982,10683385,10759266,37840223
Ghana,2094,15889907,48805850,10252608,5235393,10654514,10755568,38050282
Ghana,2095,15841762,49004197,10427336,5219226,10622536,10748943,38255254
Ghana,2096,15801904,49173025,10613106,5207538,10594366,10740422,38432603
Ghana,2097,15758960,49339258,10794728,5193849,10565111,10729071,38610187
Ghana,2098,15713228,49500891,10974436,5178462,10534766,10715176,38785715
Ghana,2099,15665764,49655549,11154191,5162492,10503272,10698733,38956816
Ghana,2100,15617893,49800889,11335823,5147586,10470307,10679607,39121282
Greece,1950,2264001,4894003,510790,786000,1478001,1510002,3384001
Greece,1951,2255158,4970418,517675,804446,1450712,1530071,3440347
Greece,1952,2223033,5066006,525554,785392,1437641,1550909,3515097
Greece,1953,2194988,5155752,532257,760229,1434759,1564071,3591681
Greece,1954,2183735,5227708,537082,743698,1440037,1564984,3662724
Greece,1955,2188663,5282036,540425,740378,1448285,1553615,3728421
Greece,1956,2179427,5339681,551536,719195,1460232,1535532,3804149
Greece,1957,2198712,5368108,559985,728804,1469908,1500906,3867202
Greece,1958,2230108,5381966,567194,754398,1475710,1457574,3924392
Greece,1959,2254574,5398461,574619,778680,1475894,1416179,3982282
Greece,1960,2262553,5426203,583032,789679,1472874,1383456,4042747
Greece,1961,2280948,5435141,595719,813224,1467724,1348299,4086842
Greece,1962,2275709,5462945,609678,809774,1465935,1325950,4136995
Greece,1963,2256516,5501348,624741,787645,1468871,1314863,4186485
Greece,1964,2241379,5534635,640179,764510,1476869,1310699,4223936
Greece,1965,2239524,5555196,655784,752913,1486611,1311064,4244132
Greece,1966,2224132,5567633,694663,734965,1489167,1300822,4266811
Greece,1967,2227114,5561854,735587,735186,1491928,1296933,4264921
Greece,1968,2241231,5545044,779390,748204,1493027,1298500,4246544
Greece,1969,2253512,5529201,827759,761613,1491899,1303907,4225294
Greece,1970,2257649,5520346,881800,767188,1490461,1311631,4208715
Greece,1971,2265219,5535836,911628,776089,1489130,1328704,4207132
Greece,1972,2259475,5567071,943212,770592,1488883,1344450,4222621
Greece,1973,2246992,5612167,975980,756035,1490957,1360747,4251420
Greece,1974,2239487,5665806,1008883,743150,1496337,1379469,4286337
Greece,1975,2243148,5725208,1041561,739097,1504051,1401522,4323686
Greece,1976,2241158,5806745,1076852,729031,1512127,1421106,4385639
Greece,1977,2252597,5890879,1111904,732152,1520445,1440934,4449945
Greece,1978,2269408,5977141,1145564,743266,1526142,1460548,4516593
Greece,1979,2279339,6066155,1176178,752691,1526648,1478426,4587729
Greece,1980,2276100,6155892,1202512,754498,1521602,1492992,4662900
Greece,1981,2282243,6225393,1220088,765739,1516504,1506223,4719170
Greece,1982,2272473,6296805,1234888,761376,1511097,1516314,4780491
Greece,1983,2252119,6367132,1247910,745413,1506706,1523659,4843473
Greece,1984,2228902,6433323,1260206,724434,1504468,1528925,4904398
Greece,1985,2205915,6496311,1272513,702496,1503419,1532960,4963351
Greece,1986,2177064,6561480,1284830,671817,1505247,1540093,5021387
Greece,1987,2143868,6625041,1299372,641590,1502278,1548950,5076091
Greece,1988,2106480,6689588,1319785,613492,1492988,1561084,5128504
Greece,1989,2066053,6759013,1349103,589396,1476657,1576468,5182545
Greece,1990,2025386,6834956,1388195,570938,1454448,1593259,5241697
Greece,1991,1987569,6933900,1420423,549721,1437848,1612271,5321629
Greece,1992,1955824,7038168,1457425,542144,1413680,1627453,5410715
Greece,1993,1925933,7144642,1498847,543780,1382153,1639025,5505617
Greece,1994,1892494,7248765,1543559,547803,1344691,1647545,5601220
Greece,1995,1853426,7345604,1590345,549415,1304011,1652620,5692984
Greece,1996,1833457,7408408,1639047,562704,1270753,1652010,5756398
Greece,1997,1805187,7467963,1687973,565405,1239782,1650074,5817889
Greece,1998,1773237,7520904,1736252,560756,1212481,1644323,5876581
Greece,1999,1744254,7563595,1782417,554727,1189527,1631128,5932467
Greece,2000,1721440,7595135,1825544,551774,1169666,1608648,5986487
Greece,2001,1710523,7601010,1872865,551105,1159418,1581706,6019304
Greece,2002,1703808,7596536,1916455,550488,1153320,1547791,6048745
Greece,2003,1701320,7586966,1955281,551165,1150155,1509023,6077943
Greece,2004,1701571,7580984,1987921,553569,1148002,1469342,6111642
Greece,2005,1703491,7583639,2014074,557727,1145764,1431442,6152197
Greece,2006,1702758,7597098,2038914,560213,1142545,1390870,6206228
Greece,2007,1708155,7617223,2055519,569217,1138938,1350836,6266387
Greece,2008,1714807,7637038,2067802,580316,1134491,1312442,6324596
Greece,2009,1715927,7646263,2081638,586901,1129026,1277214,6369049
Greece,2010,1707543,7638104,2100358,584861,1122682,1246187,6391917
Greece,2011,1707953,7593064,2121788,589661,1118292,1208233,6384831
Greece,2012,1693493,7536025,2148739,576219,1117274,1178881,6357144
Greece,2013,1670337,7471833,2179130,550912,1119425,1156919,6314914
Greece,2014,1648147,7407328,2209251,524263,1123884,1139563,6267765
Greece,2015,1631737,7348355,2237708,503532,1128205,1125135,6223220
Greece,2016,1604494,7321157,2258065,474002,1130492,1122009,6199148
Greece,2017,1586310,7297289,2276174,457990,1128320,1118770,6178519
Greece,2018,1571955,7275701,2294505,451769,1120186,1116075,6159626
Greece,2019,1552972,7254765,2316866,447677,1105295,1115465,6139300
Greece,2020,1525550,7231780,2345242,440308,1085242,1117474,6114306
Greece,2021,1497583,7200036,2377700,435775,1061808,1122250,6077786
Greece,2022,1462432,7167489,2414742,428283,1034149,1128816,6038673
Greece,2023,1423072,7133550,2454980,418576,1004496,1135606,5997944
Greece,2024,1385293,7096802,2495747,409753,975540,1140311,5956491
Greece,2025,1352390,7056396,2535838,403923,948467,1141407,5914989
Greece,2026,1324179,7011990,2575889,400507,923672,1140896,5871094
Greece,2027,1300228,6965455,2614009,398643,901585,1137256,5828199
Greece,2028,1280448,6914851,2652238,398314,882134,1129560,5785291
Greece,2029,1263383,6858220,2693933,398643,864740,1116847,5741373
Greece,2030,1248142,6794197,2741286,399139,849003,1098697,5695500
Greece,2031,1237355,6724043,2790414,401219,836136,1077309,5646734
Greece,2032,1228402,6648379,2843303,402627,825775,1050738,5597641
Greece,2033,1221465,6568083,2898781,403609,817856,1020859,5547224
Greece,2034,1216697,6484870,2954817,404642,812055,990697,5494173
Greece,2035,1213908,6399808,3010358,405997,807911,962342,5437466
Greece,2036,1213888,6318895,3058519,407402,806486,938456,5380439
Greece,2037,1215560,6237816,3104566,409256,806304,916855,5320961
Greece,2038,1218254,6155304,3150200,411220,807034,897350,5257954
Greece,2039,1221045,6070244,3197198,412715,808330,879516,5190728
Greece,2040,1223341,5982412,3246116,413314,810027,863173,5119239
Greece,2041,1227024,5898281,3288476,413715,813309,851213,5047068
Greece,2042,1229755,5813614,3330763,413301,816454,841428,4972186
Greece,2043,1231511,5729375,3371803,412085,819426,833589,4895786
Greece,2044,1232220,5646230,3410771,410122,822098,827316,4818914
Greece,2045,1231567,5564219,3447778,407337,824230,822256,4741963
Greece,2046,1230837,5490339,3474462,403782,827055,821065,4669274
Greece,2047,1228697,5419114,3497624,399962,828735,821209,4597905
Greece,2048,1224913,5351157,3516916,395825,829088,822147,4529010
Greece,2049,1219353,5288042,3530947,391335,828018,823348,4464694
Greece,2050,1212011,5230734,3538823,386423,825588,824463,4406271
Greece,2051,1204330,5186256,3532155,381002,823328,828065,4358191
Greece,2052,1195529,5148715,3517705,376254,819275,831557,4317158
Greece,2053,1185607,5116164,3497611,371988,813619,834623,4281541
Greece,2054,1174606,5085125,3475511,367978,806628,836942,4248183
Greece,2055,1162562,5052672,3454542,363992,798570,838186,4214486
Greece,2056,1151797,5026057,3425271,360624,791173,840918,4185139
Greece,2057,1140730,4999739,3394976,357884,782846,842756,4156983
Greece,2058,1129431,4972285,3365323,355603,773828,843250,4129035
Greece,2059,1118112,4942576,3337544,353664,764448,842016,4100560
Greece,2060,1106993,4909841,3312461,351991,755002,838849,4070992
Greece,2061,1098589,4880430,3281435,351482,747107,836308,4044122
Greece,2062,1090777,4849253,3251817,351188,739589,832264,4016989
Greece,2063,1083725,4816322,3223602,351099,732626,826696,3989626
Greece,2064,1077412,4781615,3196980,351162,726250,819655,3961960
Greece,2065,1071635,4744424,3172999,351297,720338,811154,3933270
Greece,2066,1068602,4711321,3143015,352261,716341,803706,3907615
Greece,2067,1066395,4678498,3112915,353187,713208,795419,3883079
Greece,2068,1064807,4643865,3085187,354003,710804,786349,3857516
Greece,2069,1063562,4605097,3062678,354627,708935,776764,3828333
Greece,2070,1062377,4560930,3047092,354980,707397,766919,3794011
Greece,2071,1063005,4518069,3030088,355546,707459,759155,3758914
Greece,2072,1063916,4472480,3017267,355969,707947,751746,3720734
Greece,2073,1064892,4425481,3007529,356172,708720,744687,3680794
Greece,2074,1065558,4379175,2999100,356023,709535,737974,3641201
Greece,2075,1065495,4334484,2991450,355357,710138,731568,3602916
Greece,2076,1066261,4297475,2976949,354517,711744,727669,3569806
Greece,2077,1066658,4264476,2960461,353575,713083,724626,3539850
Greece,2078,1066419,4234409,2943283,352416,714003,722181,3512228
Greece,2079,1065238,4205604,2927308,350899,714339,720029,3485575
Greece,2080,1062816,4176656,2914180,348865,713951,717921,3458735
Greece,2081,1061179,4155790,2893587,346770,714409,718232,3437558
Greece,2082,1058794,4137136,2872853,344709,714085,718977,3418159
Greece,2083,1055354,4119166,2853679,342530,712824,719706,3399460
Greece,2084,1050759,4100872,2837016,340145,710614,720082,3380790
Greece,2085,1045086,4081922,2822978,337500,707586,719935,3361987
Greece,2086,1040651,4070866,2800620,335149,705502,721693,3349173
Greece,2087,1035560,4060013,2779483,333020,702540,723096,3336917
Greece,2088,1029831,4048765,2759949,331026,698805,723930,3324835
Greece,2089,1023490,4036235,2742702,329065,694425,723972,3312263
Greece,2090,1016502,4021396,2728666,327019,689483,723017,3298379
Greece,2091,1011321,4012307,2707277,325626,685695,723370,3288937
Greece,2092,1005921,4002045,2687449,324404,681517,722979,3279066
Greece,2093,1000327,3990017,2669800,323291,677036,721686,3268331
Greece,2094,994546,3975596,2654982,322224,672322,719368,3256228
Greece,2095,988511,3958047,2643866,321123,667388,715928,3242119
Greece,2096,984717,3945613,2625752,320795,663922,713656,3231957
Greece,2097,981160,3932084,2608890,320562,660598,710727,3221357
Greece,2098,977709,3916666,2594218,320327,657382,707037,3209629
Greece,2099,974141,3898337,2583012,319989,654152,702516,3195821
Greece,2100,970259,3876134,2576424,319498,650761,697098,3179036
Grenada,1950,36548,36145,3988,15214,21334,12149,23996
Grenada,1951,36178,36464,3982,14775,21403,12352,24112
Grenada,1952,35833,37264,4040,14130,21703,12718,24546
Grenada,1953,35851,38139,4113,13811,22040,13114,25025
Grenada,1954,36351,38917,4164,13979,22372,13450,25467
Grenada,1955,37291,39550,4183,14567,22724,13684,25866
Grenada,1956,38129,40398,4273,14751,23378,14002,26396
Grenada,1957,39499,40848,4301,15559,23940,14123,26725
Grenada,1958,41125,41056,4312,16635,24490,14117,26939
Grenada,1959,42723,41193,4336,17627,25096,14071,27122
Grenada,1960,44124,41355,4390,18270,25854,14044,27311
Grenada,1961,45151,41635,4474,18888,26263,14155,27480
Grenada,1962,45846,42016,4563,19060,26786,14305,27711
Grenada,1963,46300,42420,4630,18816,27484,14467,27953
Grenada,1964,46661,42737,4668,18303,28358,14633,28104
Grenada,1965,46984,42914,4683,17639,29345,14805,28109
Grenada,1966,47123,43013,4739,16682,30441,15018,27995
Grenada,1967,47155,43010,4796,15595,31560,15247,27763
Grenada,1968,47071,42949,4848,14494,32577,15517,27432
Grenada,1969,46865,42914,4903,13538,33327,15878,27036
Grenada,1970,46533,42946,4947,12821,33712,16400,26546
Grenada,1971,44711,44306,5168,11728,32983,17516,26790
Grenada,1972,43214,45377,5343,11570,31644,18473,26904
Grenada,1973,41958,46182,5490,12019,29939,19216,26966
Grenada,1974,40726,46811,5615,12534,28192,19767,27044
Grenada,1975,39369,47345,5734,12699,26670,20176,27169
Grenada,1976,38440,47179,5818,13152,25288,20255,26924
Grenada,1977,37231,47049,5904,12916,24315,20303,26746
Grenada,1978,36059,47001,6013,12256,23803,20293,26708
Grenada,1979,35424,47000,6144,11708,23716,20185,26815
Grenada,1980,35598,47095,6312,11716,23882,20053,27042
Grenada,1981,35519,48717,6336,11715,23804,20936,27781
Grenada,1982,36098,50616,6377,12256,23842,21823,28793
Grenada,1983,37036,52548,6401,13172,23864,22590,29958
Grenada,1984,37807,54276,6356,14040,23767,23121,31155
Grenada,1985,38065,55619,6222,14532,23533,23328,32291
Grenada,1986,38364,55386,6393,15287,23077,22018,33368
Grenada,1987,38213,54606,6561,15537,22676,20591,34015
Grenada,1988,37781,53499,6782,15384,22397,19284,34215
Grenada,1989,37447,52305,7117,15071,22376,18252,34053
Grenada,1990,37475,51211,7597,14800,22675,17549,33662
Grenada,1991,37696,51129,7629,14296,23400,17404,33725
Grenada,1992,38001,51459,7738,13672,24329,17525,33934
Grenada,1993,38262,52162,7881,13004,25258,17946,34216
Grenada,1994,38335,53093,7977,12367,25968,18577,34516
Grenada,1995,38174,54102,7979,11820,26354,19284,34818
Grenada,1996,37723,55020,8053,11016,26707,19654,35366
Grenada,1997,37345,55745,8032,10650,26695,19899,35846
Grenada,1998,36935,56415,7959,10586,26349,20160,36255
Grenada,1999,36365,57177,7900,10584,25781,20578,36599
Grenada,2000,35599,58128,7892,10455,25144,21200,36928
Grenada,2001,34839,59143,7867,10433,24406,21779,37364
Grenada,2002,33860,60366,7874,10193,23667,22479,37887
Grenada,2003,32766,61704,7905,9805,22961,23223,38481
Grenada,2004,31749,62994,7913,9451,22298,23869,39125
Grenada,2005,30924,64144,7881,9267,21657,24321,39823
Grenada,2006,30171,65224,7864,9128,21043,24479,40745
Grenada,2007,29663,66113,7810,9171,20492,24431,41682
Grenada,2008,29336,66857,7737,9350,19986,24213,42644
Grenada,2009,29071,67567,7658,9549,19522,23889,43678
Grenada,2010,28798,68294,7585,9696,19102,23507,44787
Grenada,2011,28668,68832,7575,9966,18702,22847,45985
Grenada,2012,28506,69404,7571,10062,18444,22122,47282
Grenada,2013,28351,69981,7577,10031,18320,21381,48600
Grenada,2014,28273,70485,7602,9967,18306,20677,49808
Grenada,2015,28291,70887,7645,9936,18355,20047,50840
Grenada,2016,28304,71263,7750,9867,18437,19406,51857
Grenada,2017,28402,71547,7876,9811,18591,18842,52705
Grenada,2018,28537,71781,8021,9759,18778,18370,53411
Grenada,2019,28633,72003,8189,9683,18950,17989,54014
Grenada,2020,28657,72271,8380,9570,19087,17702,54569
Grenada,2021,28588,72559,8614,9418,19170,17418,55141
Grenada,2022,28449,72874,8847,9238,19211,17218,55656
Grenada,2023,28237,73207,9112,9033,19204,17108,56099
Grenada,2024,27967,73506,9421,8817,19150,17092,56414
Grenada,2025,27642,73751,9793,8597,19045,17170,56581
Grenada,2026,27250,73949,10238,8369,18881,17250,56699
Grenada,2027,26817,74083,10730,8147,18670,17403,56680
Grenada,2028,26343,74205,11237,7937,18406,17605,56600
Grenada,2029,25837,74387,11690,7738,18099,17818,56569
Grenada,2030,25317,74665,12042,7558,17759,18003,56662
Grenada,2031,24792,75023,12297,7409,17383,18095,56928
Grenada,2032,24263,75450,12467,7273,16990,18142,57308
Grenada,2033,23743,75907,12575,7151,16592,18151,57756
Grenada,2034,23235,76322,12693,7045,16190,18125,58197
Grenada,2035,22749,76660,12846,6961,15788,18064,58596
Grenada,2036,22328,76894,13023,6931,15397,17885,59009
Grenada,2037,21938,77040,13229,6894,15044,17659,59381
Grenada,2038,21576,77109,13463,6851,14725,17399,59710
Grenada,2039,21248,77108,13714,6811,14437,17115,59993
Grenada,2040,20952,77043,13977,6778,14174,16811,60232
Grenada,2041,20723,76879,14249,6784,13939,16418,60461
Grenada,2042,20516,76654,14545,6762,13754,16009,60645
Grenada,2043,20334,76354,14867,6721,13613,15600,60754
Grenada,2044,20166,75948,15246,6668,13498,15208,60740
Grenada,2045,20009,75442,15694,6611,13398,14849,60593
Grenada,2046,19864,74834,16197,6559,13305,14448,60386
Grenada,2047,19726,74138,16746,6489,13237,14077,60061
Grenada,2048,19589,73361,17348,6407,13182,13745,59616
Grenada,2049,19435,72508,18016,6312,13123,13467,59041
Grenada,2050,19262,71566,18753,6211,13051,13240,58326
Grenada,2051,19074,70563,19545,6107,12967,13001,57562
Grenada,2052,18866,69486,20391,5993,12873,12810,56676
Grenada,2053,18642,68393,21246,5874,12768,12667,55726
Grenada,2054,18392,67350,22043,5751,12641,12565,54785
Grenada,2055,18125,66390,22740,5627,12498,12499,53891
Grenada,2056,17840,65535,23318,5510,12330,12400,53135
Grenada,2057,17542,64766,23790,5391,12151,12327,52439
Grenada,2058,17229,64072,24169,5271,11958,12273,51799
Grenada,2059,16906,63409,24509,5155,11751,12235,51174
Grenada,2060,16576,62753,24827,5046,11530,12198,50555
Grenada,2061,16261,62132,25059,4961,11300,12109,50023
Grenada,2062,15946,61518,25256,4875,11071,12009,49509
Grenada,2063,15637,60928,25420,4793,10844,11908,49020
Grenada,2064,15331,60346,25538,4715,10616,11803,48543
Grenada,2065,15033,59787,25613,4646,10387,11690,48097
Grenada,2066,14768,59278,25582,4606,10162,11520,47758
Grenada,2067,14515,58791,25496,4560,9955,11336,47455
Grenada,2068,14278,58305,25393,4511,9767,11148,47157
Grenada,2069,14054,57769,25301,4462,9592,10957,46812
Grenada,2070,13840,57180,25243,4418,9422,10775,46405
Grenada,2071,13663,56545,25180,4398,9265,10540,46005
Grenada,2072,13494,55867,25141,4364,9130,10306,45561
Grenada,2073,13336,55141,25135,4323,9013,10081,45060
Grenada,2074,13188,54378,25141,4277,8911,9869,44509
Grenada,2075,13044,53588,25174,4232,8812,9676,43912
Grenada,2076,12910,52775,25215,4197,8713,9453,43322
Grenada,2077,12783,51947,25267,4150,8633,9246,42701
Grenada,2078,12658,51100,25322,4097,8561,9060,42040
Grenada,2079,12529,50257,25392,4041,8488,8899,41358
Grenada,2080,12396,49411,25467,3980,8416,8764,40647
Grenada,2081,12257,48561,25548,3925,8332,8606,39955
Grenada,2082,12112,47732,25614,3861,8251,8469,39263
Grenada,2083,11970,46929,25667,3797,8173,8359,38570
Grenada,2084,11815,46148,25704,3730,8085,8270,37878
Grenada,2085,11655,45397,25737,3662,7993,8200,37197
Grenada,2086,11489,44686,25740,3601,7888,8105,36581
Grenada,2087,11321,44017,25711,3536,7785,8026,35991
Grenada,2088,11146,43375,25662,3470,7676,7957,35418
Grenada,2089,10965,42755,25607,3404,7561,7900,34855
Grenada,2090,10781,42159,25544,3341,7440,7849,34310
Grenada,2091,10603,41617,25414,3291,7312,7771,33846
Grenada,2092,10426,41108,25259,3238,7188,7691,33417
Grenada,2093,10252,40618,25095,3185,7067,7616,33002
Grenada,2094,10078,40136,24921,3134,6944,7544,32592
Grenada,2095,9904,39651,24754,3088,6816,7472,32179
Grenada,2096,9749,39215,24524,3057,6692,7372,31843
Grenada,2097,9600,38783,24293,3023,6577,7269,31514
Grenada,2098,9455,38346,24070,2987,6468,7167,31179
Grenada,2099,9315,37887,23860,2952,6363,7063,30824
Grenada,2100,9180,37406,23672,2922,6258,6963,30443
Guadeloupe (including Saint-Barthélemy and Saint-Martin),1950,83001,118003,8999,36000,47001,36001,82002
Guadeloupe (including Saint-Barthélemy and Saint-Martin),1951,84955,118931,9186,37274,47681,36386,82545
Guadeloupe (including Saint-Barthélemy and Saint-Martin),1952,86770,120901,9595,37467,49303,37111,83790
Guadeloupe (including Saint-Barthélemy and Saint-Martin),1953,89256,123180,10129,37590,51666,37874,85306
Guadeloupe (including Saint-Barthélemy and Saint-Martin),1954,92645,125527,10707,38074,54571,38512,87015
Guadeloupe (including Saint-Barthélemy and Saint-Martin),1955,96785,128028,11251,39109,57676,39033,88995
Guadeloupe (including Saint-Barthélemy and Saint-Martin),1956,100796,131163,11917,39650,61146,39309,91854
Guadeloupe (including Saint-Barthélemy and Saint-Martin),1957,105442,134079,12537,40917,64525,39573,94506
Guadeloupe (including Saint-Barthélemy and Saint-Martin),1958,110233,136859,13139,42568,67665,40021,96838
Guadeloupe (including Saint-Barthélemy and Saint-Martin),1959,114612,139660,13770,44172,70440,40862,98798
Guadeloupe (including Saint-Barthélemy and Saint-Martin),1960,118203,142554,14404,45363,72840,42162,100392
Guadeloupe (including Saint-Barthélemy and Saint-Martin),1961,122452,144727,14230,46941,75511,44195,100532
Guadeloupe (including Saint-Barthélemy and Saint-Martin),1962,125798,147002,13961,47992,77806,46691,100311
Guadeloupe (including Saint-Barthélemy and Saint-Martin),1963,128466,149336,13649,48576,79890,49537,99799
Guadeloupe (including Saint-Barthélemy and Saint-Martin),1964,130833,151688,13312,48948,81885,52557,99131
Guadeloupe (including Saint-Barthélemy and Saint-Martin),1965,133053,154168,12950,49299,83754,55640,98528
Guadeloupe (including Saint-Barthélemy and Saint-Martin),1966,134258,156878,13388,49631,84627,56823,100055
Guadeloupe (including Saint-Barthélemy and Saint-Martin),1967,135391,159551,13825,49901,85490,58116,101435
Guadeloupe (including Saint-Barthélemy and Saint-Martin),1968,136307,162188,14288,50042,86265,59584,102604
Guadeloupe (including Saint-Barthélemy and Saint-Martin),1969,136818,164762,14766,49914,86904,61180,103582
Guadeloupe (including Saint-Barthélemy and Saint-Martin),1970,136826,167283,15225,49481,87345,62823,104460
Guadeloupe (including Saint-Barthélemy and Saint-Martin),1971,137729,168133,15891,49372,88357,61805,106328
Guadeloupe (including Saint-Barthélemy and Saint-Martin),1972,138289,168834,16599,48521,89768,60680,108154
Guadeloupe (including Saint-Barthélemy and Saint-Martin),1973,138359,169510,17355,47176,91183,59838,109672
Guadeloupe (including Saint-Barthélemy and Saint-Martin),1974,137916,170193,18176,45636,92280,59595,110598
Guadeloupe (including Saint-Barthélemy and Saint-Martin),1975,136879,171014,19073,44035,92844,60235,110779
Guadeloupe (including Saint-Barthélemy and Saint-Martin),1976,132298,175110,19792,41749,90549,62654,112456
Guadeloupe (including Saint-Barthélemy and Saint-Martin),1977,127538,179085,20505,39791,87747,64749,114336
Guadeloupe (including Saint-Barthélemy and Saint-Martin),1978,122550,183451,21223,37947,84603,66602,116849
Guadeloupe (including Saint-Barthélemy and Saint-Martin),1979,117455,188640,22000,36118,81337,68280,120360
Guadeloupe (including Saint-Barthélemy and Saint-Martin),1980,112663,194624,22890,34680,77983,69833,124791
Guadeloupe (including Saint-Barthélemy and Saint-Martin),1981,111565,198573,23487,35423,76142,70417,128156
Guadeloupe (including Saint-Barthélemy and Saint-Martin),1982,110124,203887,24285,34585,75539,71264,132623
Guadeloupe (including Saint-Barthélemy and Saint-Martin),1983,108914,209783,25195,33089,75825,72230,137553
Guadeloupe (including Saint-Barthélemy and Saint-Martin),1984,108624,215250,26097,31933,76691,72956,142294
Guadeloupe (including Saint-Barthélemy and Saint-Martin),1985,109385,219847,26939,31495,77890,73301,146546
Guadeloupe (including Saint-Barthélemy and Saint-Martin),1986,107694,226934,27833,29120,78574,74861,152073
Guadeloupe (including Saint-Barthélemy and Saint-Martin),1987,107409,232814,28637,29092,78317,75347,157467
Guadeloupe (including Saint-Barthélemy and Saint-Martin),1988,107440,238225,29415,30546,76894,75268,162957
Guadeloupe (including Saint-Barthélemy and Saint-Martin),1989,106704,243875,30246,32104,74600,75186,168689
Guadeloupe (including Saint-Barthélemy and Saint-Martin),1990,105034,249717,31127,32843,72191,75380,174337
Guadeloupe (including Saint-Barthélemy and Saint-Martin),1991,104961,252873,32235,34129,70832,74246,178627
Guadeloupe (including Saint-Barthélemy and Saint-Martin),1992,104137,256016,33312,34426,69711,73170,182846
Guadeloupe (including Saint-Barthélemy and Saint-Martin),1993,102597,259445,34387,33965,68632,72244,187201
Guadeloupe (including Saint-Barthélemy and Saint-Martin),1994,101145,262848,35477,33426,67719,71374,191474
Guadeloupe (including Saint-Barthélemy and Saint-Martin),1995,100445,265873,36619,33262,67183,70640,195233
Guadeloupe (including Saint-Barthélemy and Saint-Martin),1996,99570,269433,37974,32856,66714,70136,199297
Guadeloupe (including Saint-Barthélemy and Saint-Martin),1997,99902,272204,39338,32892,67010,69053,203151
Guadeloupe (including Saint-Barthélemy and Saint-Martin),1998,100883,274545,40661,33272,67611,67475,207070
Guadeloupe (including Saint-Barthélemy and Saint-Martin),1999,101867,276752,41963,33669,68198,65550,211202
Guadeloupe (including Saint-Barthélemy and Saint-Martin),2000,102570,278793,43283,33808,68762,63551,215242
Guadeloupe (including Saint-Barthélemy and Saint-Martin),2001,103135,280438,44647,33738,69397,62101,218337
Guadeloupe (including Saint-Barthélemy and Saint-Martin),2002,103764,281569,46026,33683,70081,60586,220983
Guadeloupe (including Saint-Barthélemy and Saint-Martin),2003,104250,282519,47422,33545,70705,59237,223282
Guadeloupe (including Saint-Barthélemy and Saint-Martin),2004,104512,283522,48851,33267,71245,58331,225191
Guadeloupe (including Saint-Barthélemy and Saint-Martin),2005,104514,284681,50357,32804,71710,58108,226573
Guadeloupe (including Saint-Barthélemy and Saint-Martin),2006,104015,285979,52263,32353,71662,56763,229216
Guadeloupe (including Saint-Barthélemy and Saint-Martin),2007,103301,287221,54388,31586,71715,55877,231344
Guadeloupe (including Saint-Barthélemy and Saint-Martin),2008,102168,288411,56766,30592,71576,55466,232945
Guadeloupe (including Saint-Barthélemy and Saint-Martin),2009,100722,289194,59417,29576,71146,55462,233732
Guadeloupe (including Saint-Barthélemy and Saint-Martin),2010,99157,289213,62348,28721,70436,55942,233271
Guadeloupe (including Saint-Barthélemy and Saint-Martin),2011,96543,290392,64512,27908,68635,58094,232298
Guadeloupe (including Saint-Barthélemy and Saint-Martin),2012,94171,290704,66727,27441,66730,60125,230579
Guadeloupe (including Saint-Barthélemy and Saint-Martin),2013,91946,290399,68993,27211,64735,61882,228517
Guadeloupe (including Saint-Barthélemy and Saint-Martin),2014,89744,289793,71347,26982,62762,63149,226644
Guadeloupe (including Saint-Barthélemy and Saint-Martin),2015,87519,289081,73818,26573,60946,63849,225232
Guadeloupe (including Saint-Barthélemy and Saint-Martin),2016,85667,288244,76064,26333,59334,64825,223419
Guadeloupe (including Saint-Barthélemy and Saint-Martin),2017,83692,287458,78418,25733,57959,65224,222234
Guadeloupe (including Saint-Barthélemy and Saint-Martin),2018,81698,286614,80861,24907,56791,65128,221486
Guadeloupe (including Saint-Barthélemy and Saint-Martin),2019,79900,285534,83364,24150,55750,64689,220845
Guadeloupe (including Saint-Barthélemy and Saint-Martin),2020,78403,284120,85904,23667,54736,64021,220099
Guadeloupe (including Saint-Barthélemy and Saint-Martin),2021,76819,282914,88346,23138,53681,63159,219755
Guadeloupe (including Saint-Barthélemy and Saint-Martin),2022,75698,281345,90726,23045,52653,61972,219373
Guadeloupe (including Saint-Barthélemy and Saint-Martin),2023,74911,279459,93157,23276,51635,60596,218863
Guadeloupe (including Saint-Barthélemy and Saint-Martin),2024,74229,277318,95818,23599,50630,59202,218116
Guadeloupe (including Saint-Barthélemy and Saint-Martin),2025,73556,274930,98812,23872,49684,57893,217037
Guadeloupe (including Saint-Barthélemy and Saint-Martin),2026,73213,272394,101723,24421,48792,56692,215702
Guadeloupe (including Saint-Barthélemy and Saint-Martin),2027,72822,269711,104905,24749,48073,55606,214105
Guadeloupe (including Saint-Barthélemy and Saint-Martin),2028,72466,266901,108226,24907,47559,54604,212297
Guadeloupe (including Saint-Barthélemy and Saint-Martin),2029,72267,263988,111473,25004,47263,53611,210377
Guadeloupe (including Saint-Barthélemy and Saint-Martin),2030,72261,261010,114532,25119,47142,52591,208419
Guadeloupe (including Saint-Barthélemy and Saint-Martin),2031,72458,258267,117092,25289,47169,51580,206687
Guadeloupe (including Saint-Barthélemy and Saint-Martin),2032,72753,255586,119394,25342,47411,50584,205002
Guadeloupe (including Saint-Barthélemy and Saint-Martin),2033,73114,252900,121542,25309,47805,49620,203280
Guadeloupe (including Saint-Barthélemy and Saint-Martin),2034,73445,250139,123681,25199,48246,48715,201424
Guadeloupe (including Saint-Barthélemy and Saint-Martin),2035,73691,247286,125871,25024,48667,47896,199390
Guadeloupe (including Saint-Barthélemy and Saint-Martin),2036,73811,244717,127772,24751,49060,47164,197553
Guadeloupe (including Saint-Barthélemy and Saint-Martin),2037,73865,242098,129646,24464,49401,46494,195604
Guadeloupe (including Saint-Barthélemy and Saint-Martin),2038,73810,239588,131370,24156,49654,45933,193655
Guadeloupe (including Saint-Barthélemy and Saint-Martin),2039,73619,237412,132764,23819,49800,45560,191852
Guadeloupe (including Saint-Barthélemy and Saint-Martin),2040,73269,235681,133724,23442,49827,45406,190275
Guadeloupe (including Saint-Barthélemy and Saint-Martin),2041,72766,234705,133944,23026,49740,45461,189244
Guadeloupe (including Saint-Barthélemy and Saint-Martin),2042,72158,234179,133677,22638,49520,45711,188468
Guadeloupe (including Saint-Barthélemy and Saint-Martin),2043,71435,234011,133032,22267,49168,46101,187910
Guadeloupe (including Saint-Barthélemy and Saint-Martin),2044,70605,234022,132201,21897,48708,46534,187488
Guadeloupe (including Saint-Barthélemy and Saint-Martin),2045,69678,234076,131299,21527,48151,46936,187140
Guadeloupe (including Saint-Barthélemy and Saint-Martin),2046,68752,234487,129945,21224,47528,47309,187178
Guadeloupe (including Saint-Barthélemy and Saint-Martin),2047,67776,234961,128477,20920,46856,47641,187320
Guadeloupe (including Saint-Barthélemy and Saint-Martin),2048,66766,235482,126917,20619,46147,47905,187577
Guadeloupe (including Saint-Barthélemy and Saint-Martin),2049,65755,236044,125257,20340,45415,48067,187977
Guadeloupe (including Saint-Barthélemy and Saint-Martin),2050,64756,236629,123515,20096,44660,48105,188524
Guadeloupe (including Saint-Barthélemy and Saint-Martin),2051,63866,237558,121297,19951,43915,48029,189529
Guadeloupe (including Saint-Barthélemy and Saint-Martin),2052,63025,238535,118945,19815,43210,47811,190724
Guadeloupe (including Saint-Barthélemy and Saint-Martin),2053,62244,239339,116714,19695,42549,47464,191875
Guadeloupe (including Saint-Barthélemy and Saint-Martin),2054,61519,239677,114891,19595,41924,47019,192658
Guadeloupe (including Saint-Barthélemy and Saint-Martin),2055,60855,239385,113665,19527,41328,46500,192885
Guadeloupe (including Saint-Barthélemy and Saint-Martin),2056,60319,238750,112672,19548,40771,45910,192840
Guadeloupe (including Saint-Barthélemy and Saint-Martin),2057,59871,237563,112185,19567,40304,45247,192316
Guadeloupe (including Saint-Barthélemy and Saint-Martin),2058,59508,235937,112094,19583,39925,44541,191396
Guadeloupe (including Saint-Barthélemy and Saint-Martin),2059,59207,233996,112290,19595,39612,43820,190176
Guadeloupe (including Saint-Barthélemy and Saint-Martin),2060,58944,231788,112763,19601,39343,43101,188687
Guadeloupe (including Saint-Barthélemy and Saint-Martin),2061,58787,229594,113167,19667,39120,42394,187200
Guadeloupe (including Saint-Barthélemy and Saint-Martin),2062,58672,227251,113720,19683,38989,41710,185541
Guadeloupe (including Saint-Barthélemy and Saint-Martin),2063,58576,224761,114469,19656,38920,41052,183709
Guadeloupe (including Saint-Barthélemy and Saint-Martin),2064,58479,222165,115365,19592,38887,40429,181736
Guadeloupe (including Saint-Barthélemy and Saint-Martin),2065,58374,219542,116357,19510,38864,39859,179683
Guadeloupe (including Saint-Barthélemy and Saint-Martin),2066,58280,217211,117104,19430,38850,39351,177860
Guadeloupe (including Saint-Barthélemy and Saint-Martin),2067,58181,214967,117827,19318,38863,38901,176066
Guadeloupe (including Saint-Barthélemy and Saint-Martin),2068,58070,212839,118496,19183,38887,38520,174319
Guadeloupe (including Saint-Barthélemy and Saint-Martin),2069,57922,210809,119144,19023,38899,38211,172598
Guadeloupe (including Saint-Barthélemy and Saint-Martin),2070,57701,208815,119857,18836,38865,37965,170850
Guadeloupe (including Saint-Barthélemy and Saint-Martin),2071,57444,207207,120255,18642,38802,37798,169409
Guadeloupe (including Saint-Barthélemy and Saint-Martin),2072,57149,205755,120564,18440,38709,37691,168064
Guadeloupe (including Saint-Barthélemy and Saint-Martin),2073,56789,204349,120923,18222,38567,37628,166721
Guadeloupe (including Saint-Barthélemy and Saint-Martin),2074,56361,202910,121411,17994,38367,37589,165321
Guadeloupe (including Saint-Barthélemy and Saint-Martin),2075,55876,201445,122011,17760,38116,37573,163872
Guadeloupe (including Saint-Barthélemy and Saint-Martin),2076,55395,200337,122269,17553,37842,37607,162730
Guadeloupe (including Saint-Barthélemy and Saint-Martin),2077,54878,199192,122627,17352,37526,37641,161551
Guadeloupe (including Saint-Barthélemy and Saint-Martin),2078,54330,198057,123013,17160,37170,37671,160386
Guadeloupe (including Saint-Barthélemy and Saint-Martin),2079,53762,196979,123357,16974,36788,37685,159294
Guadeloupe (including Saint-Barthélemy and Saint-Martin),2080,53180,195962,123648,16799,36381,37661,158301
Guadeloupe (including Saint-Barthélemy and Saint-Martin),2081,52670,195379,123409,16688,35982,37638,157741
Guadeloupe (including Saint-Barthélemy and Saint-Martin),2082,52154,194825,123149,16573,35581,37564,157261
Guadeloupe (including Saint-Barthélemy and Saint-Martin),2083,51620,194182,122955,16451,35169,37424,156758
Guadeloupe (including Saint-Barthélemy and Saint-Martin),2084,51095,193421,122855,16336,34759,37228,156193
Guadeloupe (including Saint-Barthélemy and Saint-Martin),2085,50595,192559,122801,16237,34358,36997,155562
Guadeloupe (including Saint-Barthélemy and Saint-Martin),2086,50187,191853,122478,16199,33988,36741,155112
Guadeloupe (including Saint-Barthélemy and Saint-Martin),2087,49796,191012,122234,16149,33647,36428,154584
Guadeloupe (including Saint-Barthélemy and Saint-Martin),2088,49453,190101,121985,16100,33353,36086,154015
Guadeloupe (including Saint-Barthélemy and Saint-Martin),2089,49151,189096,121743,16054,33097,35726,153370
Guadeloupe (including Saint-Barthélemy and Saint-Martin),2090,48862,187904,121623,16010,32852,35346,152558
Guadeloupe (including Saint-Barthélemy and Saint-Martin),2091,48647,186798,121301,16009,32638,34971,151827
Guadeloupe (including Saint-Barthélemy and Saint-Martin),2092,48462,185597,120994,15994,32468,34584,151013
Guadeloupe (including Saint-Barthélemy and Saint-Martin),2093,48295,184271,120770,15962,32333,34192,150079
Guadeloupe (including Saint-Barthélemy and Saint-Martin),2094,48125,182787,120669,15916,32209,33798,148989
Guadeloupe (including Saint-Barthélemy and Saint-Martin),2095,47937,181148,120737,15858,32079,33412,147736
Guadeloupe (including Saint-Barthélemy and Saint-Martin),2096,47801,179745,120508,15824,31977,33076,146669
Guadeloupe (including Saint-Barthélemy and Saint-Martin),2097,47683,178335,120272,15776,31907,32767,145568
Guadeloupe (including Saint-Barthélemy and Saint-Martin),2098,47563,176915,120056,15709,31854,32488,144427
Guadeloupe (including Saint-Barthélemy and Saint-Martin),2099,47412,175466,119922,15619,31793,32230,143236
Guadeloupe (including Saint-Barthélemy and Saint-Martin),2100,47209,173950,119930,15498,31711,31992,141958
Guam,1950,16175,42674,802,7601,8574,18561,24113
Guam,1951,17349,42086,827,8051,9298,17088,24998
Guam,1952,18368,41654,855,8249,10119,15911,25743
Guam,1953,19326,41260,885,8359,10967,15191,26069
Guam,1954,20235,40904,914,8505,11730,14973,25931
Guam,1955,21065,40634,942,8779,12286,15102,25532
Guam,1956,21978,40308,972,9221,12757,14039,26269
Guam,1957,23001,39928,997,9614,13387,13056,26872
Guam,1958,24173,39499,1025,9968,14205,12313,27186
Guam,1959,25444,39116,1059,10293,15151,11904,27212
Guam,1960,26714,38938,1090,10591,16123,11808,27130
Guam,1961,27221,39734,1117,10809,16412,12251,27483
Guam,1962,27657,40798,1149,10921,16736,12848,27950
Guam,1963,28163,41937,1186,10942,17221,13540,28397
Guam,1964,28773,43043,1235,10928,17845,14238,28805
Guam,1965,29423,44128,1279,10942,18481,14817,29311
Guam,1966,30034,45254,1319,11008,19026,15257,29997
Guam,1967,30577,46469,1358,11043,19534,15840,30629
Guam,1968,31216,47600,1401,11077,20139,16547,31053
Guam,1969,31953,48640,1447,11125,20828,17320,31320
Guam,1970,32704,49689,1484,11194,21510,18025,31664
Guam,1971,32876,51251,1599,11174,21702,18187,33064
Guam,1972,33031,52830,1726,11291,21740,18380,34450
Guam,1973,33304,54298,1862,11507,21797,18680,35618
Guam,1974,33723,55636,2018,11747,21976,19100,36536
Guam,1975,34244,56928,2180,11937,22307,19528,37400
Guam,1976,34519,58555,2311,11928,22591,19859,38696
Guam,1977,34769,60254,2454,12041,22728,20205,40049
Guam,1978,35043,61968,2619,12230,22813,20624,41344
Guam,1979,35381,63659,2804,12452,22929,21101,42558
Guam,1980,35803,65326,3004,12652,23151,21547,43779
Guam,1981,35986,67340,3159,12612,23374,22078,45262
Guam,1982,36253,69332,3321,12771,23482,22549,46783
Guam,1983,36602,71287,3513,13064,23538,22957,48330
Guam,1984,37006,73220,3735,13404,23602,23290,49930
Guam,1985,37440,75148,3984,13683,23757,23510,51638
Guam,1986,37715,77325,4192,13702,24013,24021,53304
Guam,1987,37976,79544,4399,13878,24098,24546,54998
Guam,1988,38250,81798,4625,14155,24095,25050,56748
Guam,1989,38562,84075,4885,14502,24060,25492,58583
Guam,1990,38972,86329,5181,14914,24058,25793,60536
Guam,1991,40123,87940,5495,15453,24670,25487,62453
Guam,1992,41380,89497,5815,16047,25333,25118,64379
Guam,1993,42693,90981,6144,16659,26034,24725,66256
Guam,1994,43944,92395,6463,17187,26757,24382,68013
Guam,1995,45011,93780,6770,17511,27500,24145,69635
Guam,1996,45961,95000,7099,17727,28234,24071,70929
Guam,1997,46662,96237,7404,17716,28946,24107,72130
Guam,1998,47101,97475,7701,17496,29605,24192,73283
Guam,1999,47316,98635,8002,17172,30144,24289,74346
Guam,2000,47354,99660,8315,16863,30491,24404,75256
Guam,2001,47478,100196,8727,16663,30815,24391,75805
Guam,2002,47468,100575,9132,16468,31000,24465,76110
Guam,2003,47341,100852,9521,16289,31052,24611,76241
Guam,2004,47101,101137,9861,16092,31009,24816,76321
Guam,2005,46739,101508,10155,15836,30903,25069,76439
Guam,2006,46296,101908,10444,15555,30741,25364,76544
Guam,2007,45741,102426,10688,15216,30525,25709,76717
Guam,2008,45113,102997,10925,14846,30267,26071,76926
Guam,2009,44465,103546,11220,14498,29967,26409,77137
Guam,2010,43848,104011,11585,14218,29630,26695,77316
Guam,2011,43188,104437,12053,13913,29275,26947,77490
Guam,2012,42589,104800,12584,13713,28876,27139,77661
Guam,2013,42053,105152,13170,13599,28454,27281,77871
Guam,2014,41577,105611,13779,13541,28036,27403,78208
Guam,2015,41173,106219,14405,13519,27654,27512,78707
Guam,2016,40879,106990,15027,13553,27326,27615,79375
Guam,2017,40618,107926,15685,13552,27066,27707,80219
Guam,2018,40396,108943,16379,13536,26860,27765,81178
Guam,2019,40232,109918,17095,13528,26704,27768,82150
Guam,2020,40117,110780,17830,13544,26573,27702,83078
Guam,2021,40035,111536,18555,13561,26474,27584,83952
Guam,2022,39989,112194,19281,13582,26407,27404,84790
Guam,2023,39975,112743,20030,13602,26373,27174,85569
Guam,2024,39969,113200,20836,13613,26356,26926,86274
Guam,2025,39954,113573,21716,13606,26348,26672,86901
Guam,2026,39960,113867,22636,13599,26361,26429,87438
Guam,2027,39948,114093,23613,13567,26381,26190,87903
Guam,2028,39927,114258,24627,13521,26406,25961,88297
Guam,2029,39882,114409,25637,13458,26424,25759,88650
Guam,2030,39826,114566,26617,13387,26439,25597,88969
Guam,2031,39749,114769,27521,13297,26452,25492,89277
Guam,2032,39651,114989,28383,13205,26446,25428,89561
Guam,2033,39527,115224,29210,13112,26415,25398,89826
Guam,2034,39373,115454,30027,13013,26360,25386,90068
Guam,2035,39186,115673,30837,12902,26284,25377,90296
Guam,2036,38983,115943,31561,12786,26197,25398,90545
Guam,2037,38750,116210,32264,12670,26080,25425,90785
Guam,2038,38487,116485,32944,12552,25935,25450,91035
Guam,2039,38201,116773,33587,12434,25767,25467,91306
Guam,2040,37898,117091,34167,12314,25584,25472,91619
Guam,2041,37599,117483,34619,12203,25396,25483,92000
Guam,2042,37284,117902,35007,12092,25192,25478,92424
Guam,2043,36962,118328,35350,11986,24976,25451,92877
Guam,2044,36632,118731,35679,11883,24749,25399,93332
Guam,2045,36301,119087,36022,11784,24517,25320,93767
Guam,2046,35992,119457,36280,11699,24293,25233,94224
Guam,2047,35684,119794,36525,11617,24067,25118,94676
Guam,2048,35384,120062,36799,11540,23844,24973,95089
Guam,2049,35088,120252,37116,11467,23621,24809,95443
Guam,2050,34800,120344,37503,11397,23403,24625,95719
Guam,2051,34546,120398,37863,11343,23203,24444,95954
Guam,2052,34306,120367,38276,11289,23017,24246,96121
Guam,2053,34075,120249,38751,11233,22842,24033,96216
Guam,2054,33844,120040,39289,11174,22670,23812,96228
Guam,2055,33625,119735,39895,11116,22509,23583,96152
Guam,2056,33432,119402,40480,11066,22366,23370,96032
Guam,2057,33242,118995,41113,11008,22234,23155,95840
Guam,2058,33059,118536,41781,10945,22114,22939,95597
Guam,2059,32871,118024,42485,10878,21993,22728,95296
Guam,2060,32679,117451,43235,10805,21874,22518,94933
Guam,2061,32502,116914,43919,10732,21770,22336,94578
Guam,2062,32321,116361,44609,10655,21666,22161,94200
Guam,2063,32133,115775,45315,10574,21559,21992,93783
Guam,2064,31932,115162,46052,10490,21442,21831,93331
Guam,2065,31718,114507,46825,10400,21318,21673,92834
Guam,2066,31515,113929,47492,10310,21205,21548,92381
Guam,2067,31299,113343,48161,10220,21079,21432,91911
Guam,2068,31078,112755,48821,10133,20945,21317,91438
Guam,2069,30839,112163,49479,10042,20797,21205,90958
Guam,2070,30588,111571,50129,9948,20640,21088,90483
Guam,2071,30357,111107,50610,9862,20495,21000,90107
Guam,2072,30116,110657,51058,9776,20340,20909,89748
Guam,2073,29863,110201,51498,9688,20175,20811,89390
Guam,2074,29600,109724,51957,9602,19998,20704,89020
Guam,2075,29335,109190,52444,9519,19816,20581,88609
Guam,2076,29101,108772,52764,9447,19654,20480,88292
Guam,2077,28868,108325,53088,9379,19489,20369,87956
Guam,2078,28630,107837,53429,9311,19319,20243,87594
Guam,2079,28392,107307,53797,9246,19146,20104,87203
Guam,2080,28150,106718,54191,9180,18970,19949,86769
Guam,2081,27949,106227,54429,9129,18820,19816,86411
Guam,2082,27748,105703,54674,9076,18672,19672,86031
Guam,2083,27547,105136,54934,9020,18527,19517,85619
Guam,2084,27347,104516,55227,8964,18383,19350,85166
Guam,2085,27141,103832,55563,8904,18237,19175,84657
Guam,2086,26974,103241,55754,8857,18117,19025,84216
Guam,2087,26812,102619,55944,8808,18004,18868,83751
Guam,2088,26647,101964,56159,8757,17890,18711,83253
Guam,2089,26481,101261,56402,8704,17777,18547,82714
Guam,2090,26305,100511,56696,8647,17658,18379,82132
Guam,2091,26162,99874,56829,8598,17564,18242,81632
Guam,2092,26017,99226,56956,8547,17470,18107,81119
Guam,2093,25868,98559,57111,8495,17373,17971,80588
Guam,2094,25707,97858,57300,8438,17269,17834,80024
Guam,2095,25535,97110,57530,8377,17158,17692,79418
Guam,2096,25393,96499,57592,8323,17070,17586,78913
Guam,2097,25247,95887,57663,8269,16978,17483,78404
Guam,2098,25092,95258,57747,8209,16883,17377,77881
Guam,2099,24925,94616,57864,8145,16780,17270,77346
Guam,2100,24746,93941,58023,8078,16668,17159,76782
Guatemala,1950,1329738,1705784,79435,544162,785576,641010,1064774
Guatemala,1951,1384030,1746081,82220,579489,804541,650284,1095797
Guatemala,1952,1443410,1783205,84922,619631,823779,657249,1125956
Guatemala,1953,1501609,1823821,87735,655448,846161,664706,1159115
Guatemala,1954,1557336,1869721,90596,685038,872298,673771,1195950
Guatemala,1955,1612086,1919827,93387,710655,901431,684468,1235359
Guatemala,1956,1681753,1957787,96696,745922,935831,691079,1266708
Guatemala,1957,1745303,2004954,100177,765987,979316,701542,1303412
Guatemala,1958,1806894,2057163,103688,777689,1029205,714450,1342713
Guatemala,1959,1869627,2111085,107211,787812,1081815,728753,1382332
Guatemala,1960,1934056,2165913,110778,801586,1132470,744426,1421487
Guatemala,1961,2001224,2219531,115388,812356,1188868,760766,1458765
Guatemala,1962,2070691,2273690,119868,827985,1242706,778434,1495256
Guatemala,1963,2140229,2330988,124293,848137,1292092,799062,1531926
Guatemala,1964,2206166,2395547,128827,870218,1335948,825166,1570381
Guatemala,1965,2266984,2469200,133532,892774,1374210,858024,1611176
Guatemala,1966,2334505,2539457,139191,920239,1414266,892167,1647290
Guatemala,1967,2396959,2618674,144976,945313,1451646,932816,1685858
Guatemala,1968,2455778,2705173,150664,968978,1486800,978413,1726760
Guatemala,1969,2513773,2795785,155954,993345,1520428,1026309,1769476
Guatemala,1970,2572643,2888422,160727,1020395,1552248,1074686,1813736
Guatemala,1971,2645138,2969203,166139,1055322,1589816,1115551,1853652
Guatemala,1972,2717462,3053033,171072,1086812,1630650,1157930,1895103
Guatemala,1973,2789873,3138953,175704,1116411,1673462,1200458,1938495
Guatemala,1974,2862474,3225928,180305,1145813,1716661,1241115,1984813
Guatemala,1975,2935304,3313342,185082,1176863,1758441,1278797,2034545
Guatemala,1976,3020794,3387047,191373,1214628,1806166,1303082,2083965
Guatemala,1977,3106734,3461034,197748,1249291,1857443,1324555,2136479
Guatemala,1978,3192927,3536913,204066,1281943,1910984,1345701,2191212
Guatemala,1979,3279473,3616439,210233,1313701,1965772,1369694,2246745
Guatemala,1980,3366655,3700534,216270,1346054,2020601,1398657,2301877
Guatemala,1981,3462376,3780489,223623,1382792,2079584,1423687,2356802
Guatemala,1982,3557880,3866000,230939,1414623,2143257,1453223,2412777
Guatemala,1983,3652079,3957012,238381,1442608,2209471,1487735,2469277
Guatemala,1984,3743606,4053068,246223,1467449,2276157,1527127,2525941
Guatemala,1985,3831500,4153873,254687,1490340,2341160,1571459,2582414
Guatemala,1986,3921216,4252264,265124,1514404,2406812,1612171,2640093
Guatemala,1987,4005532,4357521,276055,1530355,2475177,1657592,2699929
Guatemala,1988,4085936,4469212,287427,1542483,2543453,1707861,2761351
Guatemala,1989,4165802,4585487,299176,1557347,2608455,1762342,2823145
Guatemala,1990,4247545,4704978,311290,1579828,2667717,1820627,2884351
Guatemala,1991,4329665,4827541,326064,1602599,2727066,1875500,2952041
Guatemala,1992,4418801,4949026,340717,1638866,2779935,1931330,3017696
Guatemala,1993,4510533,5072989,355170,1683732,2826801,1989634,3083355
Guatemala,1994,4599100,5203753,369444,1728381,2870719,2051860,3151893
Guatemala,1995,4682147,5342788,383554,1766975,2915172,2118478,3224310
Guatemala,1996,4770914,5475942,399818,1814360,2956554,2174790,3301152
Guatemala,1997,4850769,5620570,416295,1843454,3007315,2235645,3384925
Guatemala,1998,4926406,5774376,432719,1859999,3066407,2299564,3474812
Guatemala,1999,5006261,5932227,448715,1874563,3131698,2363057,3569170
Guatemala,2000,5094856,6091722,464165,1895158,3199698,2424495,3667227
Guatemala,2001,5178338,6265661,480947,1909869,3268469,2482688,3782973
Guatemala,2002,5271241,6440350,497257,1931725,3339516,2536305,3904045
Guatemala,2003,5367433,6619794,513251,1957535,3409898,2588576,4031218
Guatemala,2004,5456896,6810764,529265,1979138,3477758,2644297,4166467
Guatemala,2005,5533951,7016547,545530,1991122,3542829,2706260,4310287
Guatemala,2006,5600357,7235699,560952,1999889,3600468,2771173,4464526
Guatemala,2007,5650374,7472736,577176,1991903,3658471,2840977,4631759
Guatemala,2008,5688437,7723982,593947,1973489,3714948,2915079,4808903
Guatemala,2009,5723144,7982246,610818,1956264,3766880,2991685,4990561
Guatemala,2010,5759411,8243289,627717,1948268,3811143,3069699,5173590
Guatemala,2011,5782162,8520292,646465,1931574,3850588,3152459,5367833
Guatemala,2012,5812155,8794116,664785,1935629,3876526,3233408,5560708
Guatemala,2013,5844346,9067829,684039,1954326,3890020,3312645,5755184
Guatemala,2014,5870814,9346487,706258,1976372,3894442,3390272,5956215
Guatemala,2015,5888528,9631352,732549,1994029,3894499,3465454,6165898
Guatemala,2016,5913433,9907744,761292,2022669,3890764,3531663,6376081
Guatemala,2017,5928356,10191234,793913,2039671,3888685,3595701,6595533
Guatemala,2018,5938246,10477785,829315,2047878,3890368,3655246,6822539
Guatemala,2019,5951173,10760915,865754,2053914,3897259,3706790,7054125
Guatemala,2020,5971048,11037418,902346,2062710,3908338,3748578,7288840
Guatemala,2021,5998878,11308320,936798,2073561,3925317,3780528,7527792
Guatemala,2022,6031425,11574297,971342,2082430,3948995,3803661,7770636
Guatemala,2023,6067215,11836251,1006249,2090305,3976910,3819408,8016843
Guatemala,2024,6102288,12097260,1042084,2096670,4005618,3830365,8266895
Guatemala,2025,6134010,12359153,1079339,2101366,4032644,3838519,8520634
Guatemala,2026,6163711,12621879,1116516,2104040,4059671,3842986,8778893
Guatemala,2027,6191307,12884169,1154716,2106477,4084830,3844189,9039980
Guatemala,2028,6215722,13146307,1194476,2108231,4107491,3845284,9301023
Guatemala,2029,6236185,13408167,1236413,2108812,4127373,3850420,9557747
Guatemala,2030,6252252,13669370,1281104,2107812,4144440,3862100,9807270
Guatemala,2031,6266522,13929667,1325984,2106559,4159963,3879314,10050353
Guatemala,2032,6276332,14189182,1373442,2103927,4172405,3903288,10285894
Guatemala,2033,6281801,14447099,1424042,2100053,4181748,3931966,10515133
Guatemala,2034,6283597,14702051,1478428,2095373,4188224,3961610,10740441
Guatemala,2035,6282184,14952873,1537190,2090235,4191949,3989702,10963171
Guatemala,2036,6280423,15200609,1596323,2085794,4194629,4016298,11184311
Guatemala,2037,6275855,15443923,1659464,2080824,4195031,4041449,11402474
Guatemala,2038,6268502,15681971,1727324,2075355,4193147,4064775,11617196
Guatemala,2039,6258409,15913698,1800800,2069334,4189075,4085941,11827757
Guatemala,2040,6245692,16138148,1880632,2062828,4182864,4104643,12033505
Guatemala,2041,6234440,16356701,1961245,2057873,4176567,4120576,12236125
Guatemala,2042,6220919,16568288,2047341,2051763,4169156,4133338,12434950
Guatemala,2043,6205377,16772162,2139383,2044784,4160593,4143151,12629011
Guatemala,2044,6188181,16967462,2237840,2037366,4150815,4150408,12817054
Guatemala,2045,6169555,17153580,2343066,2029900,4139655,4155377,12998203
Guatemala,2046,6153180,17333311,2448489,2023878,4129302,4158547,13174764
Guatemala,2047,6135788,17504080,2559852,2017358,4118430,4159246,13344834
Guatemala,2048,6117319,17666658,2676298,2010424,4106895,4157789,13508869
Guatemala,2049,6097541,17822280,2796684,2003061,4094480,4154499,13667781
Guatemala,2050,6076245,17971219,2920823,1995311,4080934,4149575,13821644
Guatemala,2051,6057954,18117943,3039568,1989162,4068792,4144223,13973720
Guatemala,2052,6038410,18259061,3160491,1982072,4056338,4137385,14121676
Guatemala,2053,6017586,18392308,3285766,1974232,4043354,4129227,14263081
Guatemala,2054,5995563,18514563,3418387,1965954,4029609,4119897,14394666
Guatemala,2055,5972340,18623797,3560272,1957513,4014827,4109509,14514288
Guatemala,2056,5952561,18728464,3698231,1950568,4001993,4100100,14628364
Guatemala,2057,5931948,18821651,3843268,1943285,3988663,4089749,14731902
Guatemala,2058,5910197,18903855,3994973,1935561,3974636,4078551,14825304
Guatemala,2059,5886837,18976144,4152445,1927134,3959703,4066533,14909611
Guatemala,2060,5861531,19038944,4315359,1917868,3943663,4053681,14985263
Guatemala,2061,5840164,19102330,4467593,1910335,3929829,4042453,15059877
Guatemala,2062,5816875,19158503,4622717,1901341,3915534,4030552,15127951
Guatemala,2063,5791791,19206368,4781605,1891235,3900556,4017951,15188417
Guatemala,2064,5765193,19244258,4945570,1880598,3884595,4004539,15239719
Guatemala,2065,5737123,19271111,5115551,1869845,3867278,3990209,15280902
Guatemala,2066,5712710,19301119,5272162,1860375,3852335,3978159,15322960
Guatemala,2067,5687552,19322179,5431811,1851182,3836370,3965247,15356932
Guatemala,2068,5661200,19336190,5592935,1842030,3819170,3951502,15384688
Guatemala,2069,5633014,19346147,5753037,1832435,3800579,3936912,15409235
Guatemala,2070,5602588,19353333,5911147,1822081,3780507,3921388,15431945
Guatemala,2071,5577011,19372594,6045271,1813898,3763113,3908380,15464214
Guatemala,2072,5549716,19391715,6174212,1804680,3745036,3894669,15497046
Guatemala,2073,5520836,19407946,6300666,1794647,3726189,3880077,15527869
Guatemala,2074,5490696,19417106,6428599,1784258,3706438,3864299,15552807
Guatemala,2075,5459337,19415981,6561286,1773832,3685505,3847064,15568917
Guatemala,2076,5433182,19423339,6673609,1765382,3667800,3832456,15590883
Guatemala,2077,5406761,19424149,6786075,1757098,3649663,3816761,15607388
Guatemala,2078,5379647,19417250,6900303,1748784,3630863,3799910,15617340
Guatemala,2079,5351153,19401334,7018262,1740028,3611125,3781777,15619557
Guatemala,2080,5320725,19374796,7142149,1730547,3590178,3762178,15612618
Guatemala,2081,5296422,19358101,7243529,1723534,3572888,3745585,15612516
Guatemala,2082,5270972,19334884,7346148,1715527,3555445,3728084,15606800
Guatemala,2083,5244231,19303721,7451739,1706667,3537564,3709539,15594182
Guatemala,2084,5216243,19263448,7561595,1697297,3518946,3689849,15573599
Guatemala,2085,5186890,19213066,7677014,1687667,3499223,3668936,15544130
Guatemala,2086,5163282,19175173,7768428,1680005,3483277,3651592,15523581
Guatemala,2087,5139441,19131924,7859810,1672371,3467070,3633663,15498261
Guatemala,2088,5114910,19082570,7952543,1664600,3450310,3615091,15467479
Guatemala,2089,5088952,19025930,8048733,1656332,3432620,3595701,15430229
Guatemala,2090,5060857,18960214,8151086,1647270,3413587,3575204,15385010
Guatemala,2091,5038597,18908524,8228710,1640389,3398208,3558424,15350100
Guatemala,2092,5015440,18853846,8305523,1632822,3382618,3541395,15312451
Guatemala,2093,4990996,18794202,8384072,1624549,3366447,3523822,15270380
Guatemala,2094,4964981,18727558,8466860,1615664,3349317,3505376,15222182
Guatemala,2095,4937009,18651951,8556415,1606220,3330789,3485735,15166216
Guatemala,2096,4914766,18592789,8619864,1598726,3316040,3470091,15122698
Guatemala,2097,4892025,18531125,8682561,1591064,3300961,3454168,15076957
Guatemala,2098,4868287,18465198,8747004,1583117,3285170,3437679,15027519
Guatemala,2099,4842869,18392972,8816129,1574616,3268253,3420253,14972719
Guatemala,2100,4815010,18312128,8893252,1565257,3249753,3401473,14910655
Guinea,1950,1147960,1782152,163542,449427,698533,568759,1213393
Guinea,1951,1180478,1800628,160773,470484,709994,574107,1226521
Guinea,1952,1215224,1814826,155859,497405,717819,578076,1236750
Guinea,1953,1245764,1832782,149835,520863,724901,583351,1249431
Guinea,1954,1271200,1856925,143188,538827,732373,590780,1266145
Guinea,1955,1293707,1886425,136003,553336,740371,600180,1286245
Guinea,1956,1331377,1898019,134264,578476,752901,603785,1294234
Guinea,1957,1361117,1920582,132354,588220,772897,611422,1309160
Guinea,1958,1387814,1949183,129993,589539,798275,621127,1328056
Guinea,1959,1415522,1979237,126945,589560,825962,630808,1348429
Guinea,1960,1445397,2008837,123175,593968,851429,639643,1369194
Guinea,1961,1479226,2030307,124119,596680,882546,644953,1385354
Guinea,1962,1515249,2051100,124315,602929,912320,649408,1401692
Guinea,1963,1551527,2074060,123918,612706,938821,654829,1419231
Guinea,1964,1584515,2103976,123168,623755,960760,664095,1439881
Guinea,1965,1612688,2142943,122175,635101,977587,678764,1464179
Guinea,1966,1649112,2175061,124696,651438,997674,693246,1481815
Guinea,1967,1679690,2216874,126922,663093,1016597,712985,1503889
Guinea,1968,1704435,2264081,128675,671282,1033153,736241,1527840
Guinea,1969,1723807,2310499,129697,677975,1045832,760357,1550142
Guinea,1970,1737349,2352527,129894,684658,1052691,783655,1568872
Guinea,1971,1757518,2373396,132926,696952,1060566,799936,1573460
Guinea,1972,1772670,2390571,134850,705899,1066771,815720,1574851
Guinea,1973,1783484,2405098,135778,712632,1070852,830125,1574973
Guinea,1974,1790756,2418904,135885,718428,1072328,842114,1576790
Guinea,1975,1795705,2433523,135286,725409,1070296,851379,1582144
Guinea,1976,1811075,2432276,138250,738623,1072452,851475,1580801
Guinea,1977,1823473,2434418,140593,746417,1077056,849985,1584433
Guinea,1978,1836771,2441971,142392,752404,1084367,848563,1593408
Guinea,1979,1856077,2457270,143731,761646,1094431,849439,1607831
Guinea,1980,1885531,2481725,144646,779527,1106004,854109,1627616
Guinea,1981,1931989,2508621,149174,801732,1130257,859484,1649137
Guinea,1982,1985740,2550851,154014,822974,1162766,870622,1680229
Guinea,1983,2046713,2604771,159012,845837,1200876,886269,1718502
Guinea,1984,2112825,2666363,163956,871691,1241134,904980,1761383
Guinea,1985,2182509,2733536,168722,902118,1280391,926164,1807372
Guinea,1986,2259928,2794366,175503,933288,1326640,945721,1848645
Guinea,1987,2335910,2863165,182408,959690,1376220,968639,1894526
Guinea,1988,2418334,2946610,189938,987023,1431311,997347,1949263
Guinea,1989,2518928,3053048,198676,1024310,1494618,1034981,2018067
Guinea,1990,2646235,3185946,208913,1080294,1565941,1083086,2102860
Guinea,1991,2806237,3347412,220680,1144201,1662036,1143302,2204110
Guinea,1992,2985986,3538422,234430,1214803,1771183,1215094,2323328
Guinea,1993,3172176,3741883,249177,1288147,1884029,1292380,2449503
Guinea,1994,3342488,3938097,263706,1353171,1989317,1367926,2570171
Guinea,1995,3477990,4115830,277353,1398690,2079300,1437572,2678258
Guinea,1996,3605785,4240780,285987,1450813,2154972,1490583,2750197
Guinea,1997,3703774,4342445,291769,1487176,2216598,1535842,2806603
Guinea,1998,3777264,4430528,295505,1509292,2267972,1576293,2854235
Guinea,1999,3838247,4517310,298212,1524316,2313931,1615865,2901445
Guinea,2000,3896867,4611124,300555,1540407,2356460,1657417,2953707
Guinea,2001,3972621,4694145,304373,1567483,2405138,1695268,2998877
Guinea,2002,4044964,4785129,307252,1589929,2455035,1735344,3049785
Guinea,2003,4116030,4884501,309317,1610751,2505279,1777821,3106680
Guinea,2004,4187424,4992184,310621,1632916,2554508,1822692,3169492
Guinea,2005,4260582,5107941,311222,1659749,2600833,1869934,3238007
Guinea,2006,4345228,5218675,317525,1691678,2653550,1914361,3304314
Guinea,2007,4431196,5341899,323632,1720787,2710409,1962612,3379287
Guinea,2008,4518591,5475342,329209,1749064,2769527,2013722,3461620
Guinea,2009,4606290,5616493,333741,1777627,2828663,2066479,3550014
Guinea,2010,4693317,5763812,337041,1807732,2885585,2120184,3643628
Guinea,2011,4786302,5905185,343683,1839659,2946643,2170542,3734643
Guinea,2012,4876438,6055845,349186,1866370,3010068,2222862,3832983
Guinea,2013,4966152,6215931,354532,1890872,3075280,2277607,3938324
Guinea,2014,5058828,6385656,361025,1917246,3141582,2335341,4050315
Guinea,2015,5157061,6565081,369391,1949417,3207644,2396354,4168727
Guinea,2016,5264064,6748593,383267,1982894,3281170,2458870,4289723
Guinea,2017,5374119,6944388,398669,2016935,3357184,2525074,4419314
Guinea,2018,5486270,7151362,414976,2052360,3433910,2594521,4556841
Guinea,2019,5598476,7368402,431302,2088910,3509566,2666705,4701697
Guinea,2020,5709274,7594370,447182,2126509,3582765,2741121,4853249
Guinea,2021,5825111,7819064,465485,2166167,3658944,2814869,5004195
Guinea,2022,5937971,8053944,483216,2202666,3735305,2891012,5162932
Guinea,2023,6048464,8298073,500607,2237156,3811308,2968969,5329104
Guinea,2024,6157734,8550286,517907,2271311,3886423,3047846,5502440
Guinea,2025,6266519,8809767,535314,2306731,3959788,3127007,5682760
Guinea,2026,6381392,9067608,554772,2344689,4036703,3204675,5862933
Guinea,2027,6494473,9333544,573900,2380628,4113845,3282652,6050892
Guinea,2028,6605822,9607285,592818,2415305,4190517,3360802,6246483
Guinea,2029,6715339,9888831,611605,2449343,4265996,3439034,6449797
Guinea,2030,6823004,10177965,630411,2483495,4339509,3517229,6660736
Guinea,2031,6935621,10465815,651114,2519720,4415901,3594042,6871773
Guinea,2032,7045475,10762070,671507,2553411,4492064,3670789,7091281
Guinea,2033,7152739,11065940,692007,2585338,4567401,3747593,7318347
Guinea,2034,7257635,11376552,713065,2616360,4641275,3824642,7551910
Guinea,2035,7360268,11693220,735070,2647304,4712964,3902008,7791212
Guinea,2036,7466364,12007581,760454,2679531,4786833,3978940,8028641
Guinea,2037,7569523,12328756,786325,2709872,4859651,4056177,8272579
Guinea,2038,7669804,12656096,813117,2738908,4930896,4133609,8522487
Guinea,2039,7767308,12988914,841290,2767243,5000065,4210991,8777923
Guinea,2040,7862149,13326527,871252,2795478,5066671,4288086,9038441
Guinea,2041,7960016,13660738,905315,2824986,5135030,4364763,9295975
Guinea,2042,8054935,14000234,940545,2853284,5201651,4441062,9559172
Guinea,2043,8146872,14344477,977306,2880589,5266283,4516901,9827576
Guinea,2044,8235809,14692932,1015955,2907031,5328778,4592127,10100805
Guinea,2045,8321787,15044958,1056849,2932833,5388954,4666545,10378413
Guinea,2046,8411008,15391584,1102547,2960237,5450771,4740097,10651487
Guinea,2047,8496764,15742536,1149811,2985510,5511254,4812825,10929711
Guinea,2048,8579196,16096973,1199027,3009077,5570119,4884544,11212429
Guinea,2049,8658519,16453964,1250551,3031469,5627050,4954944,11499020
Guinea,2050,8734856,16812720,1304760,3053201,5681655,5023794,11788926
Guinea,2051,8814395,17165545,1362873,3076198,5738197,5091796,12073749
Guinea,2052,8890510,17520963,1422782,3097371,5793139,5158223,12362740
Guinea,2053,8963266,17878278,1484961,3117143,5846123,5223159,12655119
Guinea,2054,9032754,18236800,1549870,3135983,5896771,5286693,12950107
Guinea,2055,9099073,18595836,1617942,3154323,5944750,5348842,13246994
Guinea,2056,9168515,18948307,1689733,3173902,5994613,5410734,13537573
Guinea,2057,9234793,19301827,1763658,3192526,6042267,5471121,13830706
Guinea,2058,9297722,19655835,1840121,3210193,6087529,5530079,14125756
Guinea,2059,9357073,20009873,1919456,3226755,6130318,5587643,14422230
Guinea,2060,9412790,20363293,2002039,3242214,6170576,5643760,14719533
Guinea,2061,9472600,20709257,2086713,3259571,6213029,5699874,15009383
Guinea,2062,9528341,21055725,2173467,3274628,6253713,5754615,15301110
Guinea,2063,9580282,21401564,2262967,3287844,6292438,5807833,15593731
Guinea,2064,9628872,21745457,2355853,3299899,6328973,5859210,15886247
Guinea,2065,9674371,22086364,2452712,3311363,6363008,5908517,16177847
Guinea,2066,9723844,22419474,2551075,3324278,6399566,5957882,16461592
Guinea,2067,9770169,22750740,2651882,3336108,6434061,6005166,16745574
Guinea,2068,9813140,23079443,2755823,3346886,6466254,6050508,17028935
Guinea,2069,9852401,23404993,2863605,3356456,6495945,6094081,17310912
Guinea,2070,9887803,23726723,2975838,3364793,6523010,6135939,17590784
Guinea,2071,9927350,24039760,3089163,3374877,6552473,6178201,17861559
Guinea,2072,9962791,24350497,3205250,3382877,6579914,6218762,18131735
Guinea,2073,9994347,24658179,3324507,3389184,6605163,6257645,18400534
Guinea,2074,10022449,24962018,3447162,3394406,6628043,6294772,18667246
Guinea,2075,10047352,25261275,3573572,3399024,6648328,6330054,18931221
Guinea,2076,10076200,25553027,3699367,3405076,6671124,6366122,19186905
Guinea,2077,10101987,25841623,3826983,3410330,6691657,6400333,19441290
Guinea,2078,10124430,26126302,3957216,3414670,6709760,6432717,19693585
Guinea,2079,10143068,26406444,4090876,3417735,6725333,6463251,19943193
Guinea,2080,10157705,26681281,4228689,3419358,6738347,6491855,20189426
Guinea,2081,10176710,26947732,4365156,3422875,6753835,6521079,20426653
Guinea,2082,10191404,27211017,4503595,3423968,6767436,6548470,20662547
Guinea,2083,10202125,27469960,4644762,3423142,6778983,6573994,20895966
Guinea,2084,10209470,27723202,4789310,3421213,6788257,6597516,21125686
Guinea,2085,10213747,27969652,4937931,3418797,6794950,6618919,21350733
Guinea,2086,10221859,28208752,5084176,3417621,6804238,6641340,21567412
Guinea,2087,10227280,28442957,5231958,3416089,6811191,6661629,21781328
Guinea,2088,10229594,28671533,5382190,3413983,6815611,6679898,21991635
Guinea,2089,10228135,28893952,5535807,3410742,6817393,6696246,22197706
Guinea,2090,10222590,29109460,5693688,3406042,6816548,6710661,22398799
Guinea,2091,10221685,29317366,5847665,3403406,6818279,6726151,22591215
Guinea,2092,10216678,29521006,6003114,3398594,6818084,6739847,22781159
Guinea,2093,10207927,29719153,6160908,3392045,6815882,6751686,22967467
Guinea,2094,10196064,29910413,6321847,3384493,6811571,6761475,23148938
Guinea,2095,10181489,30093573,6486772,3376583,6804906,6769035,23324538
Guinea,2096,10171178,30270718,6646634,3370104,6801074,6777884,23492834
Guinea,2097,10158722,30442376,6807324,3363466,6795256,6784654,23657722
Guinea,2098,10144089,30607550,6969840,3356854,6787235,6789337,23818213
Guinea,2099,10126871,30765567,7135226,3349973,6776898,6791933,23973634
Guinea,2100,10106614,30915696,7304592,3342316,6764298,6792404,24123292
Guinea-Bissau,1950,200976,315645,18809,81899,119077,96918,218727
Guinea-Bissau,1951,207213,317986,18907,84961,122252,96422,221564
Guinea-Bissau,1952,213960,319255,18814,89050,124910,95767,223488
Guinea-Bissau,1953,219930,321134,18628,92503,127427,95522,225612
Guinea-Bissau,1954,224753,324281,18370,94905,129848,95948,228333
Guinea-Bissau,1955,228677,328671,18034,96552,132125,97079,231592
Guinea-Bissau,1956,234787,330749,18112,99838,134949,97776,232973
Guinea-Bissau,1957,239128,334847,18155,100476,138652,99411,235436
Guinea-Bissau,1958,242514,339933,18150,99658,142856,101611,238322
Guinea-Bissau,1959,245671,344993,18115,98614,147057,103960,241033
Guinea-Bissau,1960,248805,349547,18057,98272,150533,106245,243302
Guinea-Bissau,1961,252147,352740,18528,97581,154566,108117,244623
Guinea-Bissau,1962,255743,355277,18949,97832,157911,109846,245431
Guinea-Bissau,1963,259376,357909,19301,98954,160422,111671,246238
Guinea-Bissau,1964,262633,361775,19553,100503,162130,113969,247806
Guinea-Bissau,1965,265472,367393,19697,102313,163159,116935,250458
Guinea-Bissau,1966,269937,372350,20176,105138,164799,119709,252641
Guinea-Bissau,1967,273727,379158,20577,107209,166518,123133,256025
Guinea-Bissau,1968,277239,387263,20974,108903,168336,127017,260246
Guinea-Bissau,1969,281071,395832,21435,110818,170253,131053,264779
Guinea-Bissau,1970,285474,404352,22001,113416,172058,135053,269299
Guinea-Bissau,1971,292022,411221,23013,117014,175008,138438,272783
Guinea-Bissau,1972,298969,418437,24084,120418,178551,141933,276504
Guinea-Bissau,1973,305826,425314,25140,123630,182196,145161,280153
Guinea-Bissau,1974,311788,431067,26090,126499,185289,147637,283430
Guinea-Bissau,1975,316343,435238,26889,129035,187308,149105,286133
Guinea-Bissau,1976,322834,433597,27725,133073,189761,150116,283481
Guinea-Bissau,1977,327977,430586,28191,136166,191811,150076,280510
Guinea-Bissau,1978,332873,427305,28317,138923,193950,149491,277814
Guinea-Bissau,1979,339108,425214,28140,142276,196832,149131,276083
Guinea-Bissau,1980,347866,425321,27667,147017,200849,149532,275789
Guinea-Bissau,1981,357567,428624,28316,151215,206352,149353,279271
Guinea-Bissau,1982,369441,434290,28937,156233,213208,150264,284026
Guinea-Bissau,1983,382741,441857,29515,161802,220939,152128,289729
Guinea-Bissau,1984,396171,450719,29983,167273,228898,154736,295983
Guinea-Bissau,1985,408780,460407,30322,172254,236526,157958,302449
Guinea-Bissau,1986,422396,468351,30879,177630,244766,160909,307442
Guinea-Bissau,1987,434416,477866,31335,180798,253618,164764,313102
Guinea-Bissau,1988,445366,488679,31697,182559,262807,169413,319266
Guinea-Bissau,1989,456077,500464,31979,184167,271910,174713,325751
Guinea-Bissau,1990,466974,513111,32195,186648,280326,180617,332494
Guinea-Bissau,1991,478796,525537,32822,189187,289609,186702,338835
Guinea-Bissau,1992,490684,538756,33360,192274,298410,193314,345442
Guinea-Bissau,1993,502047,552728,33794,195715,306332,200363,352365
Guinea-Bissau,1994,511953,567482,34106,198929,313024,207780,359702
Guinea-Bissau,1995,519915,582930,34277,201652,318263,215482,367448
Guinea-Bissau,1996,530502,593716,34842,206037,324465,222149,371567
Guinea-Bissau,1997,539063,605366,35298,208550,330513,229165,376201
Guinea-Bissau,1998,546410,617859,35646,209935,336475,236444,381415
Guinea-Bissau,1999,553669,631210,35915,211279,342390,243919,387291
Guinea-Bissau,2000,561473,645631,36125,213452,348021,251685,393946
Guinea-Bissau,2001,569031,661893,36588,215590,353441,258309,403584
Guinea-Bissau,2002,576884,679654,36985,217787,359097,265409,414245
Guinea-Bissau,2003,584976,698860,37366,220308,364668,272973,425887
Guinea-Bissau,2004,593226,719321,37798,223420,369806,280833,438488
Guinea-Bissau,2005,601747,740782,38309,227553,374194,288787,451995
Guinea-Bissau,2006,612148,761178,39343,232971,379177,296106,465072
Guinea-Bissau,2007,622808,782708,40442,238315,384493,303301,479407
Guinea-Bissau,2008,633977,805300,41564,243802,390175,310365,494935
Guinea-Bissau,2009,645883,828925,42640,249600,396283,317331,511594
Guinea-Bissau,2010,658661,853574,43645,255954,402707,324241,529333
Guinea-Bissau,2011,674307,876839,45008,263577,410730,330238,546601
Guinea-Bissau,2012,690109,901741,46289,269926,420183,336439,565302
Guinea-Bissau,2013,706101,927786,47608,275400,430701,342731,585055
Guinea-Bissau,2014,722201,954416,49127,280446,441755,349009,605407
Guinea-Bissau,2015,738198,981392,50936,285494,452704,355279,626113
Guinea-Bissau,2016,755598,1006798,53302,290838,464760,360958,645840
Guinea-Bissau,2017,772364,1033045,55874,295031,477333,366814,666231
Guinea-Bissau,2018,788456,1060320,58492,298470,489986,373058,687262
Guinea-Bissau,2019,803799,1088977,60947,301596,502203,380026,708951
Guinea-Bissau,2020,818330,1119242,63122,304820,513510,387937,731305
Guinea-Bissau,2021,833298,1149478,65363,308060,525238,396309,753169
Guinea-Bissau,2022,847355,1181322,67332,311099,536256,405580,775742
Guinea-Bissau,2023,860419,1214707,69121,314025,546394,415710,798997
Guinea-Bissau,2024,872441,1249560,70879,316863,555578,426598,822962
Guinea-Bissau,2025,883430,1285763,72672,319702,563728,438135,847628
Guinea-Bissau,2026,895258,1321165,74776,323177,572081,449706,871459
Guinea-Bissau,2027,905887,1358129,76878,325967,579920,461947,896182
Guinea-Bissau,2028,915587,1396416,78979,328370,587217,474534,921882
Guinea-Bissau,2029,924745,1435712,81075,330807,593938,486987,948725
Guinea-Bissau,2030,933647,1475763,83170,333673,599974,498990,976773
Guinea-Bissau,2031,943897,1514622,85601,337317,606580,510103,1004519
Guinea-Bissau,2032,953808,1554369,87995,340730,613078,520755,1033614
Guinea-Bissau,2033,963456,1594810,90468,344072,619384,530899,1063911
Guinea-Bissau,2034,972891,1635764,93170,347468,625423,540543,1095221
Guinea-Bissau,2035,982174,1677090,96209,351099,631075,549685,1127405
Guinea-Bissau,2036,993166,1716542,99953,355646,637520,557873,1158669
Guinea-Bissau,2037,1003819,1756589,103956,359601,644218,565587,1191002
Guinea-Bissau,2038,1014246,1797132,108174,363175,651071,572897,1224235
Guinea-Bissau,2039,1024535,1838103,112530,366610,657925,579930,1258173
Guinea-Bissau,2040,1034723,1879457,117016,370159,664564,586793,1292664
Guinea-Bissau,2041,1046461,1919091,122005,374365,672096,593220,1325871
Guinea-Bissau,2042,1057808,1959411,127028,377908,679900,599589,1359822
Guinea-Bissau,2043,1068790,2000164,132254,381002,687788,605941,1394223
Guinea-Bissau,2044,1079396,2041084,137888,383878,695518,612330,1428754
Guinea-Bissau,2045,1089587,2082013,144080,386762,702825,618802,1463211
Guinea-Bissau,2046,1100904,2121131,151046,390046,710858,625270,1495861
Guinea-Bissau,2047,1111625,2160562,158361,392864,718761,631900,1528662
Guinea-Bissau,2048,1121717,2200307,165995,395332,726385,638715,1561592
Guinea-Bissau,2049,1131126,2240424,173889,397549,733577,645755,1594669
Guinea-Bissau,2050,1139801,2280911,182024,399626,740175,653028,1627883
Guinea-Bissau,2051,1149364,2319958,190564,402081,747283,660481,1659477
Guinea-Bissau,2052,1158024,2359676,199158,403967,754057,668196,1691480
Guinea-Bissau,2053,1165844,2399912,207865,405454,760390,676090,1723822
Guinea-Bissau,2054,1172938,2440467,216738,406759,766179,684024,1756443
Guinea-Bissau,2055,1179380,2481199,225821,408077,771303,691890,1789309
Guinea-Bissau,2056,1186644,2520569,235140,409761,776883,699759,1820810
Guinea-Bissau,2057,1193207,2560353,244453,411199,782008,707544,1852809
Guinea-Bissau,2058,1199104,2600501,253752,412482,786622,715190,1885311
Guinea-Bissau,2059,1204388,2641025,262985,413700,790688,722629,1918396
Guinea-Bissau,2060,1209128,2681881,272156,414959,794169,729802,1952079
Guinea-Bissau,2061,1214932,2721344,281353,416772,798160,736786,1984558
Guinea-Bissau,2062,1220159,2761289,290319,418317,801842,743478,2017811
Guinea-Bissau,2063,1224876,2801515,299176,419668,805208,749849,2051666
Guinea-Bissau,2064,1229142,2841823,308043,420894,808248,755865,2085958
Guinea-Bissau,2065,1233014,2882025,317040,422091,810923,761502,2120523
Guinea-Bissau,2066,1238097,2920234,326402,423875,814222,766870,2153364
Guinea-Bissau,2067,1242639,2958670,335669,425162,817477,771889,2186781
Guinea-Bissau,2068,1246734,2997028,345057,426107,820627,776577,2220451
Guinea-Bissau,2069,1250480,3034937,354825,426911,823569,780927,2254010
Guinea-Bissau,2070,1253939,3072155,365156,427755,826184,784959,2287196
Guinea-Bissau,2071,1258371,3106946,376528,428965,829406,788875,2318071
Guinea-Bissau,2072,1262458,3141381,388126,429968,832490,792493,2348888
Guinea-Bissau,2073,1266144,3175375,400064,430789,835355,795880,2379495
Guinea-Bissau,2074,1269317,3208890,412423,431395,837922,799138,2409752
Guinea-Bissau,2075,1271909,3241857,425290,431795,840114,802323,2439534
Guinea-Bissau,2076,1275305,3272174,439336,432534,842771,805582,2466592
Guinea-Bissau,2077,1277977,3302380,453544,432736,845241,808807,2493573
Guinea-Bissau,2078,1279996,3332417,467894,432536,847460,811994,2520423
Guinea-Bissau,2079,1281474,3362225,482345,432129,849345,815102,2547123
Guinea-Bissau,2080,1282471,3391741,496884,431674,850797,818105,2573636
Guinea-Bissau,2081,1283941,3419130,512379,431356,852585,821202,2597928
Guinea-Bissau,2082,1284920,3446561,527602,430912,854008,824202,2622359
Guinea-Bissau,2083,1285355,3473935,542660,430355,855000,827092,2646843
Guinea-Bissau,2084,1285168,3501200,557643,429655,855513,829851,2671349
Guinea-Bissau,2085,1284338,3528253,572628,428817,855521,832448,2695805
Guinea-Bissau,2086,1284097,3553284,588169,428276,855821,835080,2718204
Guinea-Bissau,2087,1283208,3578470,603340,427455,855753,837542,2740928
Guinea-Bissau,2088,1281734,3603618,618256,426427,855307,839806,2763812
Guinea-Bissau,2089,1279799,3628525,633022,425311,854488,841813,2786712
Guinea-Bissau,2090,1277487,3653002,647737,424208,853279,843522,2809480
Guinea-Bissau,2091,1275889,3675478,662895,423435,852454,845183,2830295
Guinea-Bissau,2092,1273934,3697882,677633,422556,851378,846548,2851334
Guinea-Bissau,2093,1271639,3720009,692134,421600,850039,847600,2872409
Guinea-Bissau,2094,1269004,3741665,706590,420581,848423,848314,2893351
Guinea-Bissau,2095,1266039,3762664,721162,419524,846515,848673,2913991
Guinea-Bissau,2096,1263905,3781362,736362,418858,845047,848910,2932452
Guinea-Bissau,2097,1261430,3799851,751278,417965,843465,848818,2951033
Guinea-Bissau,2098,1258661,3817924,766091,416894,841767,848425,2969499
Guinea-Bissau,2099,1255655,3835392,780964,415734,839921,847775,2987617
Guinea-Bissau,2100,1252472,3852067,796050,414585,837887,846888,3005179
Guyana,1950,162193,227848,16518,68539,93654,73264,154584
Guyana,1951,170239,231715,16720,73659,96580,74648,157067
Guyana,1952,178796,237051,16971,78477,100319,76620,160431
Guyana,1953,187836,243354,17274,83004,104832,79097,164257
Guyana,1954,197498,250048,17626,87361,110137,81847,168201
Guyana,1955,207842,256728,17985,91721,116121,84600,172128
Guyana,1956,220138,261785,18401,96227,123911,86003,175782
Guyana,1957,232510,267008,18741,100254,132256,87590,179418
Guyana,1958,244534,272658,19026,103827,140707,89706,182952
Guyana,1959,255826,279002,19264,106874,148952,92565,186437
Guyana,1960,266209,286134,19476,109322,156887,96173,189961
Guyana,1961,277020,292172,20082,111790,165230,99183,192989
Guyana,1962,287162,298403,20720,113466,173696,102522,195881
Guyana,1963,296395,304787,21393,114447,181948,106294,198493
Guyana,1964,304458,311337,22050,114962,189496,110611,200726
Guyana,1965,311131,318156,22581,115209,195922,115504,202652
Guyana,1966,316784,324766,22971,115755,201029,118910,205856
Guyana,1967,321580,330961,23330,116400,205180,122704,208257
Guyana,1968,325557,336815,23774,117013,208544,127031,209784
Guyana,1969,328907,342551,24287,117456,211451,131890,210661
Guyana,1970,331869,348353,24712,117708,214161,137153,211200
Guyana,1971,331371,357189,25124,117842,213529,142334,214855
Guyana,1972,330787,365679,25482,118146,212641,147186,218493
Guyana,1973,330456,373519,25941,118602,211854,151631,221888
Guyana,1974,330710,380618,26519,118912,211798,155370,225248
Guyana,1975,331603,387202,27036,118424,213179,158163,229039
Guyana,1976,332209,394474,27418,115320,216889,161174,233300
Guyana,1977,333322,401341,27761,112979,220343,163470,237871
Guyana,1978,333955,407926,28244,110987,222968,165531,242395
Guyana,1979,333194,414225,28835,109138,224056,167740,246485
Guyana,1980,330671,420174,29308,107307,223364,170191,249983
Guyana,1981,326039,426246,29447,105457,220582,173800,252446
Guyana,1982,321005,430563,29678,105040,215965,176998,253565
Guyana,1983,315702,432952,30294,105381,210321,179723,253229
Guyana,1984,309863,434264,31092,105370,204493,181961,252303
Guyana,1985,303169,435722,31544,104170,198999,183683,252039
Guyana,1986,295997,437936,30526,103820,192177,180094,257842
Guyana,1987,287682,440436,29388,100671,187011,176221,264215
Guyana,1988,279326,442687,28718,95837,183489,172244,270443
Guyana,1989,272656,444259,28750,91557,181099,168288,275971
Guyana,1990,268707,445348,29254,89883,178824,164577,280771
Guyana,1991,267167,447535,29587,89664,177503,161877,285658
Guyana,1992,268156,450226,29752,91424,176732,159474,290752
Guyana,1993,270799,452915,29770,94653,176146,157386,295529
Guyana,1994,273363,455306,29673,97764,175599,155732,299574
Guyana,1995,274692,457107,29492,99613,175079,154587,302520
Guyana,1996,274040,457914,29907,102819,171221,152946,304968
Guyana,1997,272432,457890,30188,102931,169501,150460,307430
Guyana,1998,270978,456628,30346,100862,170116,146841,309787
Guyana,1999,270908,453982,30388,98181,172727,142126,311856
Guyana,2000,272432,450508,30361,95937,176495,136893,313615
Guyana,2001,272106,449518,30639,91843,180263,132988,316530
Guyana,2002,272796,448131,30957,89047,183749,129576,318555
Guyana,2003,273633,446982,31242,87144,186489,127173,319809
Guyana,2004,273473,446821,31358,85345,188128,126387,320434
Guyana,2005,271817,447893,31236,83235,188582,127550,320343
Guyana,2006,266278,451478,31845,81190,185088,129634,321844
Guyana,2007,260074,455523,32272,79075,180999,131702,323821
Guyana,2008,253677,459989,32648,77056,176621,133614,326375
Guyana,2009,248092,464427,33174,75544,172548,135231,329196
Guyana,2010,243938,468603,34015,74734,169204,136809,331794
Guyana,2011,239557,474923,34620,73813,165744,141692,333231
Guyana,2012,236270,481331,35490,73737,162533,147261,334070
Guyana,2013,233757,487788,36536,74211,159546,152909,334879
Guyana,2014,231496,494272,37625,74768,156728,157702,336570
Guyana,2015,229208,500625,38681,75166,154042,161045,339580
Guyana,2016,227493,505827,39983,76414,151079,162259,343568
Guyana,2017,225561,511030,41268,76611,148950,161907,349123
Guyana,2018,223698,515947,42580,76090,147608,160338,355609
Guyana,2019,222285,520233,43990,75391,146894,158188,362045
Guyana,2020,221441,523812,45529,74921,146520,155939,367873
Guyana,2021,220519,526975,47528,74366,146153,153281,373694
Guyana,2022,220130,529424,49592,73898,146232,150328,379096
Guyana,2023,220064,531372,51683,73519,146545,147323,384049
Guyana,2024,219940,533211,53763,73088,146852,144549,388662
Guyana,2025,219529,535164,55808,72529,147000,142212,392952
Guyana,2026,218689,537080,58092,71928,146761,140034,397046
Guyana,2027,217671,539027,60290,71261,146410,138252,400775
Guyana,2028,216441,541019,62421,70520,145921,136922,404097
Guyana,2029,215062,542980,64512,69740,145322,136051,406929
Guyana,2030,213550,544865,66567,68955,144595,135639,409226
Guyana,2031,211826,546562,68809,68307,143519,135407,411155
Guyana,2032,209977,548240,70949,67548,142429,135567,412673
Guyana,2033,208021,549870,72998,66716,141305,135987,413883
Guyana,2034,205980,551386,74967,65856,140124,136432,414954
Guyana,2035,203874,552755,76860,65027,138847,136763,415992
Guyana,2036,201667,553762,78923,64373,137294,136652,417110
Guyana,2037,199445,554657,80826,63627,135818,136314,418343
Guyana,2038,197218,555415,82600,62832,134386,135804,419611
Guyana,2039,194995,556035,84258,62030,132965,135217,420818
Guyana,2040,192782,556519,85818,61279,131503,134621,421898
Guyana,2041,190511,556606,87613,60709,129802,133648,422958
Guyana,2042,188309,556589,89227,60077,128232,132538,424051
Guyana,2043,186170,556508,90629,59406,126764,131354,425154
Guyana,2044,184076,556406,91782,58723,125353,130152,426254
Guyana,2045,182014,556344,92653,58066,123948,128997,427347
Guyana,2046,179897,555898,93757,57583,122314,127527,428371
Guyana,2047,177843,555383,94657,56985,120858,126027,429356
Guyana,2048,175852,554956,95249,56314,119538,124546,430410
Guyana,2049,173923,554828,95296,55619,118304,123117,431711
Guyana,2050,172050,555111,94745,54960,117090,121788,433323
Guyana,2051,170061,555345,94216,54422,115639,120244,435101
Guyana,2052,168149,555994,93072,53806,114343,118720,437274
Guyana,2053,166301,556546,91829,53143,113158,117256,439290
Guyana,2054,164494,556287,91217,52460,112034,115889,440398
Guyana,2055,162700,554824,91659,51795,110905,114653,440171
Guyana,2056,160754,551774,93699,51235,109519,113245,438529
Guyana,2057,158849,547739,96552,50591,108258,111882,435857
Guyana,2058,156974,543057,99886,49897,107077,110596,432461
Guyana,2059,155132,538207,103237,49196,105936,109403,428804
Guyana,2060,153317,533454,106338,48529,104788,108332,425122
Guyana,2061,151355,528288,109864,47964,103391,107097,421191
Guyana,2062,149451,523231,113113,47353,102098,105896,417335
Guyana,2063,147593,518285,116078,46717,100876,104747,413538
Guyana,2064,145769,513485,118737,46076,99693,103666,409819
Guyana,2065,143969,508850,121097,45462,98507,102673,406177
Guyana,2066,142071,503992,123669,44971,97100,101502,402490
Guyana,2067,140221,499366,125843,44410,95811,100336,399030
Guyana,2068,138409,494972,127625,43804,94605,99197,395775
Guyana,2069,136654,490823,128987,43195,93459,98100,392723
Guyana,2070,134937,486921,129933,42620,92317,97071,389850
Guyana,2071,133151,482965,130876,42160,90991,95880,387085
Guyana,2072,131426,479283,131361,41645,89781,94676,384607
Guyana,2073,129762,475746,131522,41101,88661,93494,382252
Guyana,2074,128148,472174,131568,40552,87596,92355,379819
Guyana,2075,126580,468451,131613,40036,86544,91295,377156
Guyana,2076,124933,464287,132088,39621,85312,90090,374197
Guyana,2077,123348,460052,132488,39153,84195,88889,371163
Guyana,2078,121822,455756,132817,38656,83166,87724,368032
Guyana,2079,120349,451430,133055,38154,82195,86621,364809
Guyana,2080,118919,447096,133205,37677,81242,85602,361494
Guyana,2081,117397,442353,133806,37289,80108,84454,357899
Guyana,2082,115934,437649,134283,36848,79086,83330,354319
Guyana,2083,114524,432988,134638,36375,78149,82252,350736
Guyana,2084,113169,428399,134855,35898,77271,81241,347158
Guyana,2085,111859,423905,134937,35448,76411,80317,343588
Guyana,2086,110420,419009,135559,35061,75359,79256,339753
Guyana,2087,109045,414268,135975,34632,74413,78221,336047
Guyana,2088,107724,409680,136208,34178,73546,77239,332441
Guyana,2089,106461,405242,136263,33728,72733,76323,328919
Guyana,2090,105240,400926,136183,33305,71935,75498,325428
Guyana,2091,103882,396263,136624,32935,70947,74541,321722
Guyana,2092,102587,391785,136849,32536,70051,73611,318174
Guyana,2093,101344,387467,136905,32121,69223,72728,314739
Guyana,2094,100149,383287,136817,31710,68439,71902,311385
Guyana,2095,98993,379224,136597,31322,67671,71145,308079
Guyana,2096,97734,374914,136779,30996,66738,70283,304631
Guyana,2097,96524,370761,136769,30636,65888,69435,301326
Guyana,2098,95368,366759,136602,30260,65108,68623,298136
Guyana,2099,94255,362866,136300,29885,64370,67856,295010
Guyana,2100,93183,359057,135887,29536,63647,67142,291915
Haiti,1950,1276226,1826377,118680,477404,798822,599186,1227191
Haiti,1951,1299715,1856640,119011,491039,808676,610398,1246242
Haiti,1952,1326702,1885825,119053,511638,815064,622211,1263614
Haiti,1953,1351890,1919095,119065,531682,820208,635900,1283195
Haiti,1954,1374277,1957601,118972,549200,825077,651338,1306263
Haiti,1955,1395346,2000083,118645,565444,829902,667889,1332194
Haiti,1956,1431297,2028711,119717,592785,838512,679412,1349299
Haiti,1957,1461256,2065752,120801,607066,854190,693715,1372037
Haiti,1958,1489759,2106608,121916,614137,875622,708718,1397890
Haiti,1959,1521159,2146787,123151,620422,900737,722121,1424666
Haiti,1960,1557143,2184428,124588,631218,925925,733025,1451403
Haiti,1961,1599396,2215588,128380,642437,956959,739740,1475848
Haiti,1962,1646371,2244073,132149,656797,989574,743995,1500078
Haiti,1963,1695583,2272206,135941,673677,1021906,747690,1524516
Haiti,1964,1742411,2304333,139896,690084,1052327,753930,1550403
Haiti,1965,1784339,2342741,144053,704444,1079895,764637,1578104
Haiti,1966,1831245,2376399,149840,722554,1108691,774685,1601714
Haiti,1967,1872076,2417728,155726,733823,1138253,789320,1628408
Haiti,1968,1908032,2464644,161558,740155,1167877,808123,1656521
Haiti,1969,1941116,2513974,167118,744607,1196509,830244,1683730
Haiti,1970,1972059,2564284,172299,749704,1222355,855255,1709029
Haiti,1971,2005035,2609205,178915,755888,1249147,879488,1729717
Haiti,1972,2035203,2656312,185045,760050,1275153,906855,1749457
Haiti,1973,2063748,2706158,190751,764376,1299372,936504,1769654
Haiti,1974,2092271,2759582,196091,771575,1320696,967048,1792534
Haiti,1975,2122306,2816966,201085,784085,1338221,997580,1819386
Haiti,1976,2157358,2872737,208150,800203,1357155,1023425,1849312
Haiti,1977,2196113,2930625,214681,821887,1374226,1047977,1882648
Haiti,1978,2238604,2991189,220756,848572,1390032,1071979,1919210
Haiti,1979,2285231,3054593,226442,879400,1405831,1096440,1958153
Haiti,1980,2336722,3120362,231752,914110,1422612,1121953,1998409
Haiti,1981,2401988,3178207,238476,958472,1443516,1143540,2034667
Haiti,1982,2471666,3238848,244753,1001209,1470457,1166495,2072353
Haiti,1983,2544965,3301216,250511,1041239,1503726,1189773,2111443
Haiti,1984,2619777,3364815,255737,1076395,1543382,1211914,2152901
Haiti,1985,2693887,3429832,260476,1105803,1588084,1232361,2197471
Haiti,1986,2776719,3484648,266176,1139411,1637308,1244961,2239687
Haiti,1987,2852603,3546270,271695,1154599,1698004,1258013,2288257
Haiti,1988,2923805,3612676,276867,1157292,1766513,1272155,2340521
Haiti,1989,2993197,3681639,281464,1156347,1836850,1288535,2393104
Haiti,1990,3061391,3752891,285450,1158574,1902817,1308490,2444401
Haiti,1991,3121315,3830286,291790,1152886,1968429,1330841,2499445
Haiti,1992,3182237,3907525,297213,1156161,2026076,1355102,2552423
Haiti,1993,3240349,3988263,302093,1166056,2074293,1384033,2604230
Haiti,1994,3290447,4077542,306922,1177202,2113245,1421354,2656188
Haiti,1995,3330454,4177388,311964,1185891,2144563,1468797,2708591
Haiti,1996,3367317,4278857,319379,1197766,2169551,1518997,2759860
Haiti,1997,3395011,4390227,326713,1206065,2188946,1578453,2811774
Haiti,1998,3415446,4509014,334023,1211156,2204290,1644013,2865001
Haiti,1999,3432401,4630704,341293,1214830,2217571,1710218,2920486
Haiti,2000,3448049,4752605,348546,1218649,2229400,1773344,2979261
Haiti,2001,3465969,4868758,357840,1225953,2240016,1828613,3040145
Haiti,2002,3480694,4987170,366869,1227603,2253091,1880946,3106224
Haiti,2003,3493736,5107157,375659,1226097,2267639,1929136,3178021
Haiti,2004,3506607,5228331,384240,1224671,2281936,1971782,3256549
Haiti,2005,3520163,5350598,392643,1226034,2294129,2008197,3342401
Haiti,2006,3533068,5471880,404509,1227429,2305639,2034805,3437075
Haiti,2007,3548370,5592334,416185,1232003,2316367,2053711,3538623
Haiti,2008,3564380,5713365,427284,1238552,2325828,2067709,3645656
Haiti,2009,3578191,5837474,437205,1244326,2333865,2081065,3756409
Haiti,2010,3588169,5965739,445709,1247660,2340509,2096380,3869359
Haiti,2011,3599912,6088999,456143,1254091,2345821,2107497,3981502
Haiti,2012,3606341,6217564,465305,1253345,2352996,2120862,4096702
Haiti,2013,3609149,6348439,474188,1247755,2361394,2135668,4212771
Haiti,2014,3611256,6477057,484153,1241440,2369816,2150108,4326949
Haiti,2015,3614058,6600987,496016,1237543,2376515,2163243,4437744
Haiti,2016,3616525,6719916,510893,1233430,2383095,2172441,4547475
Haiti,2017,3620786,6833361,527082,1232271,2388515,2180400,4652961
Haiti,2018,3625346,6943490,544109,1233167,2392179,2187931,4755559
Haiti,2019,3627609,7053968,561279,1233741,2393868,2196082,4857886
Haiti,2020,3626279,7166627,578279,1232550,2393729,2205389,4961238
Haiti,2021,3625900,7275943,596108,1233907,2391993,2211592,5064351
Haiti,2022,3621443,7387994,613561,1230799,2390644,2218662,5169332
Haiti,2023,3614035,7500969,631159,1224469,2389566,2226460,5274509
Haiti,2024,3605747,7611899,649593,1217281,2388466,2234467,5377432
Haiti,2025,3597531,7719217,669297,1211065,2386466,2242417,5476800
Haiti,2026,3589025,7822114,691353,1205285,2383740,2247660,5574454
Haiti,2027,3580635,7921986,713954,1199521,2381114,2252494,5669492
Haiti,2028,3571820,8019451,736936,1193904,2377916,2257007,5762444
Haiti,2029,3561499,8115796,760063,1188034,2373465,2261168,5854628
Haiti,2030,3549097,8211625,783242,1181815,2367282,2264931,5946694
Haiti,2031,3536515,8303900,807549,1176828,2359687,2265389,6038511
Haiti,2032,3522302,8395279,831707,1170676,2351626,2264880,6130399
Haiti,2033,3506614,8485787,855439,1163640,2342974,2263926,6221861
Haiti,2034,3489882,8575456,878191,1156226,2333656,2263066,6312390
Haiti,2035,3472318,8664105,899834,1148921,2323397,2262629,6401476
Haiti,2036,3455300,8748774,921892,1143045,2312255,2259968,6488806
Haiti,2037,3437456,8832363,942773,1136043,2301413,2257331,6575032
Haiti,2038,3418903,8913615,963621,1128325,2290578,2254636,6658979
Haiti,2039,3399780,8990947,985916,1120381,2279399,2251472,6739475
Haiti,2040,3380120,9063261,1010704,1112695,2267425,2247601,6815660
Haiti,2041,3360942,9128343,1039196,1106216,2254726,2240880,6887463
Haiti,2042,3341621,9189102,1069017,1099328,2242293,2233054,6956048
Haiti,2043,3321950,9244367,1101371,1092093,2229857,2224591,7019776
Haiti,2044,3301600,9292629,1137846,1084448,2217152,2215990,7076639
Haiti,2045,3280355,9333073,1179332,1076477,2203878,2207581,7125492
Haiti,2046,3259713,9363096,1226816,1069832,2189881,2197167,7165929
Haiti,2047,3238197,9386558,1277970,1061789,2176408,2186534,7200024
Haiti,2048,3216027,9404824,1331348,1052814,2163213,2175937,7228887
Haiti,2049,3193581,9419835,1384863,1043600,2149981,2165451,7254384
Haiti,2050,3170997,9432730,1437408,1034725,2136272,2155141,7277589
Haiti,2051,3148449,9442340,1490023,1026558,2121891,2143656,7298684
Haiti,2052,3126190,9450354,1540691,1018541,2107649,2131869,7318485
Haiti,2053,3103885,9456587,1589812,1010599,2093286,2120090,7336497
Haiti,2054,3081043,9460901,1637833,1002463,2078580,2108540,7352361
Haiti,2055,3057384,9463148,1685060,994032,2063352,2097343,7365805
Haiti,2056,3034328,9462058,1731333,986833,2047495,2085209,7376849
Haiti,2057,3010594,9460268,1775349,978641,2031953,2072988,7387280
Haiti,2058,2986379,9457048,1817682,969783,2016596,2060842,7396206
Haiti,2059,2962073,9451400,1858991,960804,2001269,2048754,7402646
Haiti,2060,2937832,9442718,1899788,952149,1985683,2036719,7405999
Haiti,2061,2914046,9430475,1940259,944353,1969693,2023822,7406653
Haiti,2062,2890705,9416185,1978941,936663,1954042,2010535,7405650
Haiti,2063,2867620,9400029,2015965,929071,1938549,1997117,7402912
Haiti,2064,2844498,9382474,2051255,921452,1923046,1983734,7398740
Haiti,2065,2821175,9363686,2084944,913791,1907384,1970498,7393188
Haiti,2066,2798420,9341404,2118604,907190,1891230,1956291,7385113
Haiti,2067,2775716,9319016,2149457,900086,1875630,1941832,7377184
Haiti,2068,2753119,9295741,2178349,892640,1860479,1927393,7368348
Haiti,2069,2730779,9270553,2206243,885117,1845662,1913143,7357410
Haiti,2070,2708744,9242897,2233799,877765,1830979,1899225,7343672
Haiti,2071,2686862,9209750,2264261,871110,1815752,1884447,7325303
Haiti,2072,2665509,9175459,2293030,864289,1801220,1869650,7305809
Haiti,2073,2644595,9140244,2320143,857379,1787216,1855073,7285171
Haiti,2074,2623974,9104616,2345405,850423,1773551,1840845,7263771
Haiti,2075,2603512,9068780,2368900,843501,1760011,1827053,7241727
Haiti,2076,2582633,9028052,2395999,837034,1745599,1812280,7215772
Haiti,2077,2562188,8988321,2420046,830370,1731818,1797631,7190690
Haiti,2078,2542114,8949019,2441756,823593,1718521,1783351,7165668
Haiti,2079,2522356,8909364,2462012,816813,1705543,1769598,7139766
Haiti,2080,2502810,8868762,2481587,810135,1692675,1756462,7112300
Haiti,2081,2482704,8822807,2505740,803798,1678906,1742615,7080192
Haiti,2082,2463122,8777319,2527639,797452,1665670,1729075,7048244
Haiti,2083,2443929,8732033,2547748,791114,1652815,1715967,7016066
Haiti,2084,2425019,8686826,2566348,784810,1640209,1703311,6983515
Haiti,2085,2406304,8641558,2583724,778596,1627708,1691118,6950440
Haiti,2086,2387227,8592047,2604674,772794,1614433,1678250,6913797
Haiti,2087,2368613,8543699,2623031,766942,1601671,1665550,6878149
Haiti,2088,2350385,8496126,2639309,761070,1589315,1653162,6842964
Haiti,2089,2332490,8448953,2654007,755227,1577263,1641137,6807816
Haiti,2090,2314857,8401849,2667573,749472,1565385,1629499,6772350
Haiti,2091,2296887,8350945,2684521,744078,1552809,1617249,6733696
Haiti,2092,2279398,8301403,2698945,738617,1540781,1605102,6696301
Haiti,2093,2262302,8252816,2711378,733123,1529179,1593198,6659618
Haiti,2094,2245542,8204785,2722346,727647,1517895,1581602,6623183
Haiti,2095,2229035,8156935,2732338,722253,1506782,1570343,6586592
Haiti,2096,2212271,8105552,2745646,717164,1495107,1558479,6547073
Haiti,2097,2195998,8055637,2756571,712033,1483965,1546724,6508913
Haiti,2098,2180115,8006755,2765686,706892,1473223,1535215,6471540
Haiti,2099,2164518,7958524,2773526,701760,1462758,1524036,6434488
Haiti,2100,2149092,7910607,2780603,696656,1452436,1513224,6397383
High-income countries,1950,187299575,432445800,53150583,71075904,116223671,108901658,323544142
High-income countries,1951,190500555,435662808,54466997,72664230,117836325,108716702,326946106
High-income countries,1952,193016987,439994378,55847600,72761831,120255156,108923532,331070846
High-income countries,1953,195919931,444353627,57166769,72715695,123204236,109237124,335116503
High-income countries,1954,199438762,448436892,58386384,72948137,126490625,109534590,338902302
High-income countries,1955,203330179,452378905,59532061,73508026,129822153,109845079,342533826
High-income countries,1956,206461890,456863247,60999844,73143580,133318310,110528514,346334733
High-income countries,1957,210338886,460854976,62296113,73804481,136534405,111087674,349767302
High-income countries,1958,214348571,464874801,63514364,74976730,139371841,111739489,353135312
High-income countries,1959,217901219,469445121,64741480,76152994,141748225,112771566,356673555
High-income countries,1960,220746459,474786868,66024282,76988418,143758041,114362157,360424711
High-income countries,1961,223546651,479993202,67599732,78111243,145435408,116632898,363360304
High-income countries,1962,225471818,486129163,69181714,78654666,146817152,119452228,366676935
High-income countries,1963,226708589,492888359,70786666,78686998,148021591,122649612,370238747
High-income countries,1964,227658061,499735415,72416992,78473361,149184700,125946669,373788746
High-income countries,1965,228527927,506365856,74077692,78221450,150306477,129167434,377198422
High-income countries,1966,229622087,512142265,76044531,78037360,151584727,132237491,379904774
High-income countries,1967,230433734,517906524,78009401,77505917,152927817,135265537,382640987
High-income countries,1968,231023598,523693355,79974687,76801092,154222506,138143642,385549713
High-income countries,1969,231424302,529622310,81934325,76093519,155330783,140744209,388878101
High-income countries,1970,231654640,535780019,83884466,75495796,156158844,143015570,392764449
High-income countries,1971,231248165,542369633,86125136,74579494,156668671,145460001,396909632
High-income countries,1972,230919117,549037398,88249728,74157072,156762045,147367588,401669810
High-income countries,1973,230500498,555816234,90312271,74030241,156470257,148874926,406941308
High-income countries,1974,229740884,562789054,92363004,73864975,155875909,150240934,412548120
High-income countries,1975,228519782,569985018,94410407,73427835,155091947,151633308,418351710
High-income countries,1976,227577085,576264415,96834032,73205442,154371643,152988016,423276399
High-income countries,1977,226015819,582915444,99277950,72457745,153558074,154516627,428398817
High-income countries,1978,224051255,589885214,101621107,71376176,152675079,156091237,433793977
High-income countries,1979,222067678,597085002,103631408,70351819,151715859,157462197,439622805
High-income countries,1980,220300328,604454945,105183892,69687717,150612611,158466372,445988573
High-income countries,1981,218624648,611941565,106468611,69098560,149526088,159151354,452790211
High-income countries,1982,217332998,619510890,107225398,68992362,148340636,159408878,460102012
High-income countries,1983,216290916,626994946,107777621,69231526,147059390,159307709,467687237
High-income countries,1984,215226053,634233703,108579087,69502852,145723201,158968829,475264874
High-income countries,1985,214013182,641115563,109884110,69606702,144406480,158467124,482648439
High-income countries,1986,213414162,646697322,111883730,70081554,143332608,157829901,488867421
High-income countries,1987,212517620,652185518,114288218,70042574,142475046,157095606,495089912
High-income countries,1988,211501238,657550647,116955362,69656585,141844653,156263116,501287531
High-income countries,1989,210636976,662765026,119644320,69232656,141404320,155311316,507453710
High-income countries,1990,210042878,667847336,122219129,68989541,141053337,154241137,513606199
High-income countries,1991,209826506,672500064,124883351,68710514,141115992,153081581,519418483
High-income countries,1992,209892101,677041523,127412598,68650298,141241803,151822067,525219456
High-income countries,1993,210059322,681590789,129834096,68711925,141347397,150570295,531020494
High-income countries,1994,210028719,686364687,132183684,68666615,141362104,149451022,536913665
High-income countries,1995,209653423,691457428,134484113,68391850,141261573,148532829,542924599
High-income countries,1996,209383186,696203283,136947408,68285787,141097399,148022068,548181215
High-income countries,1997,208675219,701430655,139311835,67677327,140997892,147597124,553833531
High-income countries,1998,207718342,706933094,141629270,66769378,140948964,147196988,559736106
High-income countries,1999,206795804,712415452,143959760,65891841,140903963,146786196,565629256
High-income countries,2000,206024620,717745935,146359669,65249613,140775007,146396205,571349730
High-income countries,2001,204752031,723354291,149022378,64289738,140462293,146729041,576625250
High-income countries,2002,203749769,728718345,151701084,63900809,139848960,147043240,581675105
High-income countries,2003,202907470,734038115,154415171,63936470,138971000,147305465,586732650
High-income countries,2004,202055690,739631737,157157872,64153866,137901824,147498177,592133560
High-income countries,2005,201157883,745604775,159939186,64404964,136752919,147606761,597998014
High-income countries,2006,200775165,751277472,162943433,65028395,135746770,147982780,603294692
High-income countries,2007,200374162,757359428,165901974,65571264,134802898,148233673,609125755
High-income countries,2008,199980487,763389957,168976298,65990146,133990341,148257390,615132567
High-income countries,2009,199602461,768742518,172410128,66253777,133348684,147966427,620776091
High-income countries,2010,199191429,773037265,176363699,66360751,132830678,147357008,625680257
High-income countries,2011,199094360,775990039,180662886,66760218,132334142,147174090,628815949
High-income countries,2012,198640319,778240559,185414286,66554268,132086051,146757774,631482785
High-income countries,2013,198071316,779818732,190493946,65990982,132080334,146029881,633788851
High-income countries,2014,197664091,780916032,195668770,65428168,132235923,144962017,635954015
High-income countries,2015,197534087,781721683,200805187,65104559,132429528,143588784,638132899
High-income countries,2016,197305958,782688348,205865052,64453493,132852465,142803436,639884912
High-income countries,2017,197558382,783257846,210767792,64487860,133070522,141697218,641560628
High-income countries,2018,198048558,783527358,215615116,64972913,133075645,140371266,643156092
High-income countries,2019,198377868,783636173,220591470,65491298,132886570,139048031,644588142
High-income countries,2020,198348886,783599581,225826971,65747114,132601772,137887015,645712566
High-income countries,2021,198767735,782938674,230985052,66220034,132547701,137563902,645374772
High-income countries,2022,198705182,782430068,236248399,66319894,132385288,137550396,644879672
High-income countries,2023,198345091,781889765,241650202,66133703,132211388,137674797,644214968
High-income countries,2024,197993338,781051907,247198057,65882667,132110671,137723694,643328213
High-income countries,2025,197790352,779789995,252911670,65708945,132081407,137587318,642202677
High-income countries,2026,197799928,778476201,258366744,65462328,132337600,137947800,640528401
High-income countries,2027,197894369,776927673,263861312,65332944,132561425,138242427,638685246
High-income countries,2028,198024037,775187336,269380993,65293264,132730773,138389386,636797950
High-income countries,2029,198048485,773394635,274894693,65246664,132801821,138346386,635048249
High-income countries,2030,197889526,771612892,280393769,65121384,132768142,138102684,633510208
High-income countries,2031,197895881,770103015,285264945,64970015,132925866,138231421,631871594
High-income countries,2032,197749963,768733527,289964778,64846134,132903829,138211901,630521626
High-income countries,2033,197474162,767414131,294562069,64729772,132744390,138046685,629367446
High-income countries,2034,197111301,766012188,299150239,64617009,132494292,137796193,628215995
High-income countries,2035,196684421,764431346,303806680,64493741,132190680,137507076,626924270
High-income countries,2036,196527015,763118974,307751694,64402266,132124749,137742643,625376331
High-income countries,2037,196296486,761796356,311609394,64355873,131940613,138016689,623779667
High-income countries,2038,196008499,760432882,315402673,64337108,131671391,138230920,622201962
High-income countries,2039,195672380,759044064,319116909,64324954,131347426,138280425,620763639
High-income countries,2040,195295229,757625264,322758836,64299061,130996168,138108335,619516929
High-income countries,2041,195238088,756598564,325550004,64325071,130913017,138264788,618333776
High-income countries,2042,195139475,755716681,328104244,64373796,130765679,138292305,617424376
High-income countries,2043,195020647,754880041,330510529,64435477,130585170,138165671,616714370
High-income countries,2044,194883510,753931246,332936464,64495439,130388071,137886117,616045129
High-income countries,2045,194714011,752717063,335558980,64533245,130180766,137454350,615262713
High-income countries,2046,194872355,751766332,337496795,64609000,130263355,137411457,614354875
High-income countries,2047,195002778,750785082,339402507,64700009,130302769,137296081,613489001
High-income countries,2048,195098950,749682121,341373239,64791190,130307760,137069802,612612319
High-income countries,2049,195146209,748411546,343466259,64865431,130280778,136718910,611692636
High-income countries,2050,195130727,746936141,345731426,64903095,130227632,136242421,610693720
High-income countries,2051,195416933,745845201,347218503,64960066,130456867,136168321,609676880
High-income countries,2052,195655518,744780857,348640909,65036631,130618887,136058381,608722476
High-income countries,2053,195838925,743648846,350105951,65113568,130725357,135879394,607769452
High-income countries,2054,195946027,742336724,351753450,65165134,130780893,135614906,606721818
High-income countries,2055,195953405,740744942,353712447,65163367,130790038,135254738,605490204
High-income countries,2056,196229469,739497322,354995122,65175068,131054401,135304579,604192743
High-income countries,2057,196426113,738225296,356322482,65190598,131235515,135347964,602877332
High-income countries,2058,196538580,736914848,357719541,65195182,131343398,135340049,601574799
High-income countries,2059,196554000,735580122,359191708,65172338,131381662,135246857,600333265
High-income countries,2060,196452464,734187612,360798333,65100131,131352333,135044693,599142919
High-income countries,2061,196604577,733441676,361468667,65039602,131564975,135234874,598206802
High-income countries,2062,196677252,732883481,361998469,64999004,131678248,135402087,597481394
High-income countries,2063,196656943,732382650,362537515,64958974,131697969,135497042,596885608
High-income countries,2064,196527043,731804458,363242913,64897868,131629175,135486080,596318378
High-income countries,2065,196273305,731032235,364250558,64792400,131480905,135347868,595684367
High-income countries,2066,196292315,730881678,364352221,64718143,131574172,135577046,595304632
High-income countries,2067,196234864,730812915,364438880,64668668,131566196,135760418,595052497
High-income countries,2068,196095510,730674012,364667046,64625773,131469737,135854445,594819567
High-income countries,2069,195860723,730269507,365243349,64567895,131292828,135826043,594443464
High-income countries,2070,195511885,729427495,366357026,64470471,131041414,135649831,593777664
High-income countries,2071,195482442,729093415,366629832,64430055,131052387,135824001,593269414
High-income countries,2072,195389906,728591916,367122146,64407634,130982272,135936309,592655607
High-income countries,2073,195221687,727861588,367911362,64385264,130836423,135939888,591921700
High-income countries,2074,194966867,726908013,369006793,64346416,130620451,135805378,591102635
High-income countries,2075,194616587,725717851,370433537,64273814,130342773,135517354,590200497
High-income countries,2076,194611878,725299688,370744249,64268508,130343370,135568578,589731110
High-income countries,2077,194560392,724904175,371080529,64280871,130279521,135551180,589352995
High-income countries,2078,194454480,724409181,371570287,64294292,130160188,135433363,588975818
High-income countries,2079,194272751,723650815,372395834,64286510,129986241,135194316,588456499
High-income countries,2080,193987573,722472567,373739356,64233043,129754530,134816530,587656037
High-income countries,2081,194051791,721966380,374055741,64248564,129803227,134780643,587185737
High-income countries,2082,194062970,721358697,374522924,64262517,129800453,134697368,586661329
High-income countries,2083,194004093,720543090,375268084,64260244,129743849,134529269,586013821
High-income countries,2084,193855390,719439590,376395942,64227638,129627752,134253577,585186013
High-income countries,2085,193594996,717972782,378007404,64147901,129447095,133856315,584116467
High-income countries,2086,193664506,717291624,378512443,64125509,129538997,133808478,583483146
High-income countries,2087,193679841,716550282,379139795,64109765,129570076,133728974,582821308
High-income countries,2088,193623172,715663558,379992946,64084698,129538474,133585206,582078352
High-income countries,2089,193464706,714531529,381201618,64029146,129435560,133351731,581179798
High-income countries,2090,193170029,713033312,382920333,63919020,129251009,133005628,580027684
High-income countries,2091,193201749,712418156,383435727,63870799,129330950,133011656,579406500
High-income countries,2092,193165972,711768189,384057368,63826049,129339923,132995306,578772883
High-income countries,2093,193035960,710951991,384940537,63766033,129269927,132913602,578038389
High-income countries,2094,192785220,709852055,386225625,63671769,129113451,132734434,577117621
High-income countries,2095,192389874,708367246,388033941,63523429,128866445,132435623,575931623
High-income countries,2096,192340572,707878325,388489565,63450288,128890284,132484248,575394077
High-income countries,2097,192215315,707316555,389078683,63378318,128836997,132497257,574819298
High-income countries,2098,191994713,706571709,389925730,63291399,128703314,132436627,574135082
High-income countries,2099,191656110,705528969,391162734,63172462,128483648,132271193,573257776
High-income countries,2100,191174970,704067341,392929356,63003613,128171357,131975350,572091991
Honduras,1950,653122,831625,61977,274278,378844,288509,543116
Honduras,1951,679583,847081,61897,290720,388863,294809,552272
Honduras,1952,706687,863108,61939,306722,399965,301631,561477
Honduras,1953,733252,881223,62027,320555,412697,309181,572042
Honduras,1954,759356,901723,61931,332512,426844,317113,584610
Honduras,1955,785602,924241,61508,344081,441521,325126,599115
Honduras,1956,818642,940293,62603,359593,459049,330283,610010
Honduras,1957,850138,959845,63515,370256,479882,336312,623533
Honduras,1958,881200,981600,64304,378364,502836,342999,638601
Honduras,1959,912449,1004651,65092,386099,526350,350436,654215
Honduras,1960,943817,1028859,65961,395248,548569,358928,669931
Honduras,1961,978278,1050099,68030,404961,573317,366720,683379
Honduras,1962,1012827,1072687,70138,414938,597889,375654,697033
Honduras,1963,1047244,1097270,72193,425673,621571,386136,711134
Honduras,1964,1081054,1124886,74105,437284,643770,398847,726039
Honduras,1965,1114154,1156052,75804,450127,664027,414186,741866
Honduras,1966,1151102,1185425,78280,465488,685614,429547,755878
Honduras,1967,1187410,1218410,80594,480374,707036,447608,770802
Honduras,1968,1223378,1254541,82808,495013,728365,467790,786751
Honduras,1969,1259351,1293186,84980,509578,749773,489271,803915
Honduras,1970,1295501,1334005,87153,524505,770996,511562,822443
Honduras,1971,1336288,1371891,89946,542234,794054,532087,839804
Honduras,1972,1375978,1413372,92763,556305,819673,553997,859375
Honduras,1973,1415642,1457721,95631,568450,847192,576663,881058
Honduras,1974,1456615,1504056,98583,581153,875462,599291,904765
Honduras,1975,1499593,1552026,101642,596502,903091,621514,930512
Honduras,1976,1545949,1599702,105507,613029,932920,641871,957831
Honduras,1977,1594614,1648740,109481,631517,963097,661630,987110
Honduras,1978,1644796,1699912,113396,651507,993289,681476,1018436
Honduras,1979,1695041,1754596,117028,671657,1023384,702598,1051998
Honduras,1980,1744560,1813454,120272,691286,1053274,725719,1087735
Honduras,1981,1798051,1871207,123680,713785,1084266,747789,1123418
Honduras,1982,1849834,1934026,126797,732273,1117561,772212,1161814
Honduras,1983,1900746,2000713,129890,747957,1152789,798464,1202249
Honduras,1984,1951997,2069544,133346,762803,1189194,825744,1243800
Honduras,1985,2004073,2139714,137402,778494,1225579,853672,1286042
Honduras,1986,2057691,2209853,142614,794571,1263120,880631,1329222
Honduras,1987,2111540,2281879,148385,809829,1301711,908530,1373349
Honduras,1988,2165583,2356251,154527,825018,1340565,937422,1418829
Honduras,1989,2219548,2433826,160763,840767,1378781,967505,1466321
Honduras,1990,2273262,2515123,166943,857546,1415716,998917,1516206
Honduras,1991,2326355,2600119,173477,874100,1452255,1030485,1569634
Honduras,1992,2379910,2688038,179888,892590,1487320,1062857,1625181
Honduras,1993,2433227,2779221,186357,911997,1521230,1096340,1682881
Honduras,1994,2485350,2874116,193159,930674,1554676,1131406,1742710
Honduras,1995,2535720,2972893,200438,947556,1588164,1168262,1804631
Honduras,1996,2586443,3073273,208133,965578,1620865,1204838,1868435
Honduras,1997,2633700,3178913,216269,978454,1655246,1243502,1935411
Honduras,1998,2678419,3288888,224719,987559,1690860,1283302,2005586
Honduras,1999,2722059,3401854,233308,995300,1726759,1322838,2079016
Honduras,2000,2765144,3517207,241932,1003492,1761652,1361349,2155858
Honduras,2001,2805700,3636994,250367,1009513,1796187,1399084,2237910
Honduras,2002,2845503,3758847,258807,1016326,1829177,1435405,2323442
Honduras,2003,2883093,3883441,267287,1023128,1859965,1470898,2412543
Honduras,2004,2916062,4012244,275847,1027967,1888095,1506709,2505535
Honduras,2005,2942939,4145931,284560,1029539,1913400,1543463,2602468
Honduras,2006,2966566,4281679,293161,1030280,1936286,1579791,2701888
Honduras,2007,2983243,4422737,301992,1026287,1956956,1616887,2805850
Honduras,2008,2993695,4567775,311188,1018670,1975025,1654248,2913527
Honduras,2009,2999310,4714776,320935,1009353,1989957,1691094,3023682
Honduras,2010,3000814,4862545,331419,999747,2001067,1726938,3135607
Honduras,2011,2997880,5011514,342206,987995,2009885,1761989,3249525
Honduras,2012,2991273,5160787,353586,976935,2014338,1795749,3365038
Honduras,2013,2981500,5310314,365971,967179,2014321,1827887,3482427
Honduras,2014,2969458,5459894,379864,959550,2009908,1857875,3602019
Honduras,2015,2956275,5608981,395573,954683,2001592,1885210,3723771
Honduras,2016,2943347,5756968,412552,951241,1992106,1910065,3846903
Honduras,2017,2931847,5902214,431006,953105,1978742,1931492,3970722
Honduras,2018,2921146,6045192,450829,958324,1962822,1949568,4095624
Honduras,2019,2910121,6186728,471839,963862,1946259,1964439,4222289
Honduras,2020,2898405,6326850,494010,967771,1930634,1976064,4350786
Honduras,2021,2894683,6458346,515789,977486,1917197,1982589,4475757
Honduras,2022,2887922,6590664,538739,979734,1908188,1986965,4603699
Honduras,2023,2880241,6721475,562923,976778,1903463,1988360,4733115
Honduras,2024,2874419,6847830,588296,972400,1902019,1985665,4862165
Honduras,2025,2871447,6968472,614930,969387,1902060,1978604,4989868
Honduras,2026,2870243,7085786,641396,965156,1905087,1968465,5117321
Honduras,2027,2871722,7197599,668815,962194,1909528,1954388,5243211
Honduras,2028,2874303,7304919,697591,960164,1914139,1938239,5366680
Honduras,2029,2875101,7409857,728317,957541,1917560,1922846,5487011
Honduras,2030,2872487,7513451,761413,953296,1919191,1910002,5603449
Honduras,2031,2869286,7615223,794436,948485,1920801,1899928,5715295
Honduras,2032,2862997,7715471,829500,942738,1920259,1892377,5823094
Honduras,2033,2853713,7813982,866627,936081,1917632,1887410,5926572
Honduras,2034,2842252,7909986,905682,929003,1913249,1884718,6025268
Honduras,2035,2829119,8002880,946687,921804,1907315,1883996,6118884
Honduras,2036,2816375,8093703,986465,914856,1901519,1886075,6207628
Honduras,2037,2801913,8181751,1027805,907912,1894001,1890403,6291348
Honduras,2038,2785817,8266429,1071272,900986,1884831,1895813,6370616
Honduras,2039,2768216,8347016,1117576,894027,1874189,1900552,6446464
Honduras,2040,2749321,8422881,1167215,887053,1862268,1903420,6519461
Honduras,2041,2732127,8495132,1216087,881139,1850988,1905318,6589814
Honduras,2042,2713852,8563053,1267641,875001,1838851,1905193,6657860
Honduras,2043,2694688,8626276,1321972,868711,1825977,1903123,6723153
Honduras,2044,2674877,8684463,1379096,862377,1812500,1899440,6785023
Honduras,2045,2654589,8737288,1439086,856122,1798467,1894339,6842949
Honduras,2046,2636943,8786211,1497330,851140,1785803,1888675,6897536
Honduras,2047,2618828,8830388,1557780,845691,1773137,1881438,6948950
Honduras,2048,2600430,8869643,1620443,839977,1760453,1872751,6996892
Honduras,2049,2581909,8903846,1685309,834257,1747652,1862776,7041070
Honduras,2050,2563332,8932777,1752546,828747,1734585,1851635,7081142
Honduras,2051,2547465,8959340,1816483,824239,1723226,1840690,7118650
Honduras,2052,2531702,8981540,1881675,819767,1711935,1828763,7152777
Honduras,2053,2515923,8998758,1948832,815292,1700631,1816060,7182698
Honduras,2054,2499889,9010305,2018834,810676,1689213,1802854,7207451
Honduras,2055,2483439,9015704,2092271,805846,1677593,1789334,7226370
Honduras,2056,2469828,9018716,2162101,802068,1667760,1776961,7241755
Honduras,2057,2455713,9016947,2234053,797681,1658032,1764519,7252428
Honduras,2058,2441170,9010338,2308116,792852,1648318,1752017,7258321
Honduras,2059,2426354,8998963,2384079,787861,1638493,1739403,7259560
Honduras,2060,2411290,8982843,2461879,782902,1628388,1726642,7256201
Honduras,2061,2398607,8967165,2533720,778627,1619980,1715421,7251744
Honduras,2062,2385835,8948140,2605825,774450,1611385,1704232,7243908
Honduras,2063,2372742,8925595,2678537,770247,1602495,1693073,7232522
Honduras,2064,2358943,8899323,2752356,765740,1593203,1681916,7217407
Honduras,2065,2344184,8869104,2827680,760744,1583440,1670704,7198400
Honduras,2066,2331856,8840597,2895455,756622,1575234,1661078,7179519
Honduras,2067,2318537,8809992,2962963,751735,1566802,1651556,7158436
Honduras,2068,2304341,8777277,3030115,746293,1558048,1642027,7135250
Honduras,2069,2289548,8742638,3096528,740682,1548866,1632345,7110293
Honduras,2070,2274268,8706116,3162104,735162,1539106,1622387,7083729
Honduras,2071,2260999,8674711,3217385,730173,1530826,1613991,7060720
Honduras,2072,2247666,8642705,3270202,725633,1522033,1605428,7037277
Honduras,2073,2234016,8610079,3320885,721365,1512651,1596651,7013428
Honduras,2074,2219672,8576901,3369811,717030,1502642,1587593,6989308
Honduras,2075,2204417,8542821,3417622,712389,1492028,1578153,6964668
Honduras,2076,2191789,8514662,3454019,708846,1482943,1570098,6944564
Honduras,2077,2178518,8487438,3487329,704885,1473633,1561853,6925585
Honduras,2078,2164696,8459459,3519250,700595,1464101,1553282,6906177
Honduras,2079,2150528,8428430,3551971,696194,1454334,1544217,6884213
Honduras,2080,2136058,8392660,3587225,691824,1444234,1534498,6858162
Honduras,2081,2124276,8360310,3613961,688369,1435907,1526095,6834215
Honduras,2082,2112554,8325283,3640991,684969,1427585,1517307,6807976
Honduras,2083,2100707,8287176,3668990,681562,1419145,1508067,6779109
Honduras,2084,2088449,8245916,3698400,678010,1410439,1498320,6747596
Honduras,2085,2075573,8201223,3729793,674220,1401353,1488009,6713214
Honduras,2086,2065360,8161129,3751963,671361,1393999,1479074,6682055
Honduras,2087,2054898,8119750,3773798,668238,1386660,1469885,6649865
Honduras,2088,2044111,8076557,3796017,664876,1379235,1460441,6616116
Honduras,2089,2032917,8030912,3819428,661322,1371595,1450736,6580176
Honduras,2090,2021157,7982119,3845035,657597,1363560,1440717,6541402
Honduras,2091,2011822,7938872,3861229,654624,1357198,1432381,6506491
Honduras,2092,2002384,7895109,3876711,651594,1350790,1424102,6471007
Honduras,2093,1992608,7850156,3892493,648438,1344170,1415759,6434397
Honduras,2094,1982228,7803410,3909544,645055,1337173,1407194,6396216
Honduras,2095,1971007,7754232,3928853,641362,1329645,1398264,6355968
Honduras,2096,1962115,7711587,3938381,638424,1323691,1390984,6320603
Honduras,2097,1952873,7669227,3947180,635282,1317591,1383732,6285495
Honduras,2098,1943113,7626354,3956321,631899,1311214,1376390,6249964
Honduras,2099,1932686,7582076,3966961,628264,1304422,1368809,6213267
Honduras,2100,1921417,7535509,3980301,624356,1297061,1360846,6174663
Hong Kong,1950,599200,1325500,49298,316200,283000,448200,877300
Hong Kong,1951,647576,1365153,50587,356486,291090,443356,921797
Hong Kong,1952,687118,1420359,52625,369676,317442,441223,979136
Hong Kong,1953,738675,1470601,54833,379640,359035,434943,1035658
Hong Kong,1954,805773,1511404,57362,392997,412776,423396,1088008
Hong Kong,1955,882930,1546592,60581,410607,472323,408390,1138202
Hong Kong,1956,947577,1596801,64563,413182,534395,400513,1196288
Hong Kong,1957,1026727,1633148,68790,430201,596526,386037,1247111
Hong Kong,1958,1109590,1663570,73362,453466,656124,369878,1293692
Hong Kong,1959,1184303,1696808,78422,475117,709186,359131,1337677
Hong Kong,1960,1244262,1736859,84066,489624,754638,358057,1378802
Hong Kong,1961,1292839,1780314,88878,506560,786279,372404,1407910
Hong Kong,1962,1326988,1829522,93801,517285,809703,395282,1434240
Hong Kong,1963,1350980,1882350,98832,521080,829900,424082,1458268
Hong Kong,1964,1370333,1936692,103934,518712,851621,456245,1480447
Hong Kong,1965,1386622,1993409,109182,510287,876335,490572,1502837
Hong Kong,1966,1411317,2039635,117424,498551,912766,527819,1511816
Hong Kong,1967,1425070,2096613,126350,474836,950234,574328,1522285
Hong Kong,1968,1429226,2161634,135845,444126,985100,626666,1534968
Hong Kong,1969,1426185,2229804,146107,414857,1011328,679789,1550015
Hong Kong,1970,1417633,2297919,157560,393806,1023827,730505,1567414
Hong Kong,1971,1398596,2368591,170642,368807,1029789,779007,1589584
Hong Kong,1972,1381367,2432727,184218,362607,1018760,821946,1610781
Hong Kong,1973,1364896,2498673,198473,369690,995206,862239,1636434
Hong Kong,1974,1346467,2578393,214236,380053,966414,905538,1672855
Hong Kong,1975,1325595,2677960,232447,387533,938062,955161,1722799
Hong Kong,1976,1316264,2794959,245352,409698,906566,999661,1795298
Hong Kong,1977,1299072,2936873,260926,413970,885102,1048980,1887893
Hong Kong,1978,1277400,3090305,278472,405441,871959,1096287,1994018
Hong Kong,1979,1257355,3235295,296670,394093,863262,1131022,2104273
Hong Kong,1980,1241514,3359383,314570,388437,853077,1147211,2212172
Hong Kong,1981,1236440,3451523,332525,390105,846335,1146898,2304625
Hong Kong,1982,1236190,3522668,349051,391321,844869,1127919,2394749
Hong Kong,1983,1240693,3579076,364143,393390,847303,1095283,2483793
Hong Kong,1984,1246566,3632778,378817,394664,851902,1058123,2574655
Hong Kong,1985,1251506,3691669,394447,394138,857368,1023530,2668139
Hong Kong,1986,1242144,3766939,415434,391097,851047,1010256,2756683
Hong Kong,1987,1231826,3846608,437923,387405,844421,996330,2850278
Hong Kong,1988,1221327,3926842,461522,382984,838343,980766,2946076
Hong Kong,1989,1211084,4002513,485624,378051,833033,963387,3039126
Hong Kong,1990,1200199,4071333,509927,371906,828293,945011,3126322
Hong Kong,1991,1187674,4137160,529254,362974,824700,926899,3210261
Hong Kong,1992,1176978,4193942,548369,355821,821157,908178,3285764
Hong Kong,1993,1166876,4248055,568424,348721,818155,889435,3358620
Hong Kong,1994,1156061,4308431,590594,340627,815434,872149,3436282
Hong Kong,1995,1144753,4380034,615314,332960,811793,858313,3521721
Hong Kong,1996,1146488,4457058,638264,336276,810212,872715,3584343
Hong Kong,1997,1142326,4550996,663148,330144,812182,890264,3660732
Hong Kong,1998,1136515,4648908,688413,318495,818020,905767,3743141
Hong Kong,1999,1131243,4736202,712119,305204,826039,915099,3821103
Hong Kong,2000,1124315,4806122,733217,291533,832782,917650,3888472
Hong Kong,2001,1095546,4867358,759402,269009,826537,919117,3948241
Hong Kong,2002,1066667,4909582,783242,252086,814581,916540,3993042
Hong Kong,2003,1037551,4940683,804337,239634,797917,911014,4029669
Hong Kong,2004,1008295,4972271,822031,230119,778176,904527,4067744
Hong Kong,2005,979931,5011392,836438,222528,757403,898722,4112670
Hong Kong,2006,942847,5066246,851283,214090,728757,906901,4159345
Hong Kong,2007,911577,5124768,862052,214671,696906,909984,4214784
Hong Kong,2008,884375,5183621,872327,220694,663681,906759,4276862
Hong Kong,2009,859906,5235750,887616,228012,631894,897296,4338454
Hong Kong,2010,838463,5275373,911385,234390,604073,883206,4392167
Hong Kong,2011,823377,5304928,937510,248682,574695,877172,4427756
Hong Kong,2012,807276,5326866,972257,255242,552034,869522,4457344
Hong Kong,2013,795732,5339415,1013424,258198,537534,857336,4482079
Hong Kong,2014,795763,5341340,1057460,263772,531991,837483,4503857
Hong Kong,2015,809985,5333082,1102634,275074,534911,809364,4523718
Hong Kong,2016,818794,5332691,1151358,278130,540664,785037,4547654
Hong Kong,2017,846144,5318055,1200684,295743,550401,752940,4565115
Hong Kong,2018,884996,5291822,1252069,322227,562769,715855,4575967
Hong Kong,2019,924439,5258496,1307841,347881,576558,678932,4579564
Hong Kong,2020,958199,5220382,1369071,365547,592652,646185,4574197
Hong Kong,2021,990702,5175163,1432324,382982,607720,622991,4552172
Hong Kong,2022,1013893,5129836,1499527,390961,622932,606626,4523210
Hong Kong,2023,1030396,5084219,1570186,391323,639073,596487,4487732
Hong Kong,2024,1046676,5035973,1643210,389546,657130,590958,4445015
Hong Kong,2025,1066211,4984237,1718062,389499,676712,588932,4395305
Hong Kong,2026,1084330,4938298,1790676,385278,699052,596684,4341614
Hong Kong,2027,1105698,4889889,1863627,385568,720130,608814,4281075
Hong Kong,2028,1127397,4841744,1935669,388618,738779,623750,4217994
Hong Kong,2029,1144080,4798843,2005072,390213,753867,639552,4159291
Hong Kong,2030,1152869,4763635,2070745,387272,765597,654700,4108935
Hong Kong,2031,1160195,4736128,2125873,382839,777356,672297,4063831
Hong Kong,2032,1159115,4717956,2176183,374296,784819,689282,4028674
Hong Kong,2033,1151430,4706278,2222995,362867,788563,705740,4000538
Hong Kong,2034,1140687,4695851,2268512,351390,789297,722216,3973635
Hong Kong,2035,1128911,4683119,2314711,341564,787347,738730,3944389
Hong Kong,2036,1115102,4676662,2354053,329037,786065,759439,3917223
Hong Kong,2037,1102007,4668023,2392216,321996,780011,780100,3887923
Hong Kong,2038,1088496,4657084,2430774,319009,769487,799327,3857757
Hong Kong,2039,1073011,4645403,2470097,317607,755404,815531,3829872
Hong Kong,2040,1055563,4633865,2509636,316089,739474,827570,3806295
Hong Kong,2041,1042792,4624563,2540831,316964,725828,839343,3785220
Hong Kong,2042,1028680,4615850,2571475,318066,710614,847633,3768217
Hong Kong,2043,1014691,4606669,2601383,319475,695216,852220,3754449
Hong Kong,2044,1002735,4594158,2631723,321820,680915,852911,3741247
Hong Kong,2045,993782,4575560,2664450,325413,668369,849341,3726219
Hong Kong,2046,992007,4555315,2691088,331007,661000,845757,3709558
Hong Kong,2047,992751,4531826,2718015,336952,655799,839185,3692641
Hong Kong,2048,996051,4505046,2745305,343254,652797,829503,3675543
Hong Kong,2049,1001374,4476311,2772223,349687,651687,816893,3659418
Hong Kong,2050,1008296,4446470,2798375,356042,652254,801547,3644923
Hong Kong,2051,1020539,4420530,2815107,362682,657857,787674,3632856
Hong Kong,2052,1034225,4396564,2828249,369335,664890,772535,3624029
Hong Kong,2053,1048967,4373403,2839392,375805,673162,756898,3616505
Hong Kong,2054,1064045,4349235,2851081,381758,682287,741974,3607261
Hong Kong,2055,1078750,4322586,2865517,386782,691968,728424,3594162
Hong Kong,2056,1096103,4299154,2873970,390851,705252,720021,3579133
Hong Kong,2057,1112998,4276898,2881565,394802,718196,714386,3562512
Hong Kong,2058,1128897,4256437,2888126,398300,730597,711131,3545306
Hong Kong,2059,1143058,4238681,2893314,400860,742198,709616,3529065
Hong Kong,2060,1154794,4223566,2897773,401940,752854,709172,3514394
Hong Kong,2061,1167715,4217863,2891084,401776,765939,713673,3504190
Hong Kong,2062,1178402,4217403,2880834,401264,777138,720428,3496975
Hong Kong,2063,1186334,4220919,2868725,400134,786200,728570,3492349
Hong Kong,2064,1191309,4227977,2855317,398193,793116,737232,3490745
Hong Kong,2065,1193410,4238508,2840548,395224,798186,745756,3492752
Hong Kong,2066,1196043,4259767,2813765,391125,804918,757786,3501981
Hong Kong,2067,1196258,4286062,2783622,387462,808796,770201,3515861
Hong Kong,2068,1194097,4314829,2752645,384057,810040,782400,3532429
Hong Kong,2069,1189699,4342031,2724736,380719,808980,793728,3548303
Hong Kong,2070,1183250,4364465,2702940,377170,806080,803495,3560970
Hong Kong,2071,1178231,4388866,2677080,373417,804814,815127,3573739
Hong Kong,2072,1172064,4409490,2655574,370882,801182,825683,3583807
Hong Kong,2073,1164790,4426560,2638372,369221,795569,834616,3591944
Hong Kong,2074,1156628,4441286,2624249,368085,788543,841433,3599853
Hong Kong,2075,1147935,4454095,2612633,367165,780770,845692,3608403
Hong Kong,2076,1142826,4470524,2593999,367240,775586,850694,3619830
Hong Kong,2077,1137786,4486382,2576148,368054,769732,853905,3632477
Hong Kong,2078,1133125,4500299,2560284,369457,763668,855105,3645194
Hong Kong,2079,1129013,4509752,2548924,371270,757743,854069,3655683
Hong Kong,2080,1125434,4512357,2544611,373259,752175,850473,3661884
Hong Kong,2081,1126458,4515119,2536352,376351,750107,847688,3667431
Hong Kong,2082,1128300,4513929,2532131,379648,748652,843422,3670507
Hong Kong,2083,1130735,4507968,2533148,382967,747768,837563,3670405
Hong Kong,2084,1133570,4497825,2539195,386147,747423,830350,3667475
Hong Kong,2085,1136796,4484588,2549314,389070,747726,822068,3662520
Hong Kong,2086,1143625,4474000,2554617,392306,751319,815690,3658310
Hong Kong,2087,1150660,4462116,2562422,395347,755313,809134,3652982
Hong Kong,2088,1157872,4449289,2572313,398148,759724,802619,3646670
Hong Kong,2089,1164947,4435320,2584666,400571,764376,796369,3638951
Hong Kong,2090,1171443,4419546,2600456,402371,769072,790383,3629163
Hong Kong,2091,1179752,4407016,2612152,403661,776091,787225,3619791
Hong Kong,2092,1187452,4394553,2625324,404860,782592,785118,3609435
Hong Kong,2093,1194115,4382072,2640443,405739,788376,783802,3598270
Hong Kong,2094,1199398,4370298,2657080,406055,793343,783083,3587215
Hong Kong,2095,1203224,4360118,2674370,405599,797625,782822,3577296
Hong Kong,2096,1208069,4356747,2684495,404540,803529,785430,3571317
Hong Kong,2097,1211363,4355481,2694580,403378,807985,788922,3566559
Hong Kong,2098,1212998,4355861,2704994,401969,811029,792936,3562925
Hong Kong,2099,1212965,4357279,2716100,400164,812801,797077,3560202
Hong Kong,2100,1211368,4359572,2727700,397767,813601,801043,3558529
Hungary,1950,2327816,6280842,729065,824763,1503053,1542481,4738361
Hungary,1951,2385157,6345862,749555,864600,1520557,1531013,4814849
Hungary,1952,2450275,6381958,765664,915602,1534673,1513726,4868232
Hungary,1953,2496222,6415917,780703,945790,1550432,1498410,4917507
Hungary,1954,2518892,6454649,795081,951816,1567076,1486134,4968515
Hungary,1955,2525301,6495258,807882,942808,1582493,1475760,5019498
Hungary,1956,2555890,6494344,825320,961246,1594644,1453387,5040957
Hungary,1957,2558749,6512101,842375,941778,1616971,1439453,5072648
Hungary,1958,2549756,6535571,859372,902839,1646917,1431677,5103894
Hungary,1959,2540478,6554834,877751,858665,1681813,1428151,5126683
Hungary,1960,2533075,6568934,899008,816918,1716157,1428917,5140017
Hungary,1961,2499266,6604216,927046,751255,1748011,1446297,5157919
Hungary,1962,2473154,6632813,956609,702820,1770334,1464495,5168318
Hungary,1963,2448840,6660816,987403,670129,1778711,1484748,5176068
Hungary,1964,2417870,6696535,1018671,648447,1769423,1509129,5187406
Hungary,1965,2378188,6742083,1049660,634382,1743806,1538165,5203918
Hungary,1966,2329342,6795104,1083930,621446,1707896,1573883,5221221
Hungary,1967,2285145,6848503,1115212,633315,1651830,1611159,5237344
Hungary,1968,2242872,6902651,1144420,660265,1582607,1648708,5253943
Hungary,1969,2200510,6956363,1172682,689464,1511046,1684224,5272139
Hungary,1970,2158454,7007197,1200689,712273,1446181,1715262,5291935
Hungary,1971,2148750,7021857,1227835,758352,1390398,1732500,5289357
Hungary,1972,2127071,7045733,1253622,773945,1353126,1748695,5297038
Hungary,1973,2105440,7069301,1279319,770238,1335202,1758028,5311273
Hungary,1974,2100899,7079183,1306552,766868,1334031,1751777,5327406
Hungary,1975,2121170,7070055,1336045,778011,1343159,1725766,5344289
Hungary,1976,2148716,7054921,1374820,784436,1364280,1687619,5367302
Hungary,1977,2205981,7016034,1415058,812362,1393619,1628950,5387084
Hungary,1978,2277846,6966855,1449128,851169,1426677,1558890,5407965
Hungary,1979,2337176,6932136,1466677,877925,1459251,1492223,5439913
Hungary,1980,2367578,6924541,1462647,876867,1490711,1438125,5486416
Hungary,1981,2398495,6909612,1438856,877963,1520532,1389114,5520498
Hungary,1982,2388129,6932026,1396169,833799,1554330,1354040,5577986
Hungary,1983,2351148,6972326,1346219,760779,1590369,1332035,5640291
Hungary,1984,2313815,6998744,1304673,689745,1624070,1320230,5678514
Hungary,1985,2290030,6996294,1280493,641739,1648291,1317411,5678883
Hungary,1986,2231433,6992644,1295709,568014,1663419,1331402,5661242
Hungary,1987,2203818,6950503,1320721,550925,1652893,1352348,5598155
Hungary,1988,2190185,6894706,1350156,572572,1617613,1380695,5514011
Hungary,1989,2164999,6860341,1376786,600858,1564141,1417103,5443238
Hungary,1990,2118423,6862754,1396474,614466,1503957,1460440,5402314
Hungary,1991,2091529,6852952,1419083,652558,1438971,1498654,5354298
Hungary,1992,2038801,6882216,1438126,658625,1380176,1542231,5339985
Hungary,1993,1973014,6932733,1453842,640697,1332317,1584069,5348664
Hungary,1994,1914637,6977206,1466279,616271,1298366,1614042,5363164
Hungary,1995,1871961,7002023,1475854,597582,1274379,1626987,5375036
Hungary,1996,1832711,7004577,1495701,576460,1256251,1625884,5378693
Hungary,1997,1800666,6995373,1512983,552882,1247784,1611336,5384037
Hungary,1998,1774273,6978814,1527058,530498,1243775,1586086,5392728
Hungary,1999,1748115,6964670,1537174,510443,1237672,1554454,5410216
Hungary,2000,1720128,6957913,1543010,494053,1226075,1519114,5438799
Hungary,2001,1680941,6957274,1555790,471130,1209811,1480412,5476862
Hungary,2002,1650111,6955409,1562352,463859,1186252,1433067,5522342
Hungary,2003,1623242,6953154,1565560,466908,1156334,1382832,5570322
Hungary,2004,1595482,6950420,1569179,472775,1122707,1337854,5612566
Hungary,2005,1565170,6945998,1575297,476122,1089048,1302858,5643140
Hungary,2006,1554847,6920333,1580717,488598,1066249,1266553,5653780
Hungary,2007,1537119,6899255,1587513,492761,1044358,1246728,5652527
Hungary,2008,1514454,6882963,1593784,490618,1023836,1239195,5643768
Hungary,2009,1492704,6869010,1597228,486245,1006459,1235602,5633408
Hungary,2010,1475309,6854973,1597558,482509,992800,1230291,5624682
Hungary,2011,1456977,6822328,1618899,478461,978516,1221953,5600375
Hungary,2012,1442192,6790064,1637428,470979,971213,1208459,5581605
Hungary,2013,1430837,6754379,1656481,462034,968803,1189939,5564440
Hungary,2014,1421428,6711329,1680578,453559,967869,1167610,5543719
Hungary,2015,1412903,6659257,1711765,446927,965976,1142509,5516748
Hungary,2016,1400053,6596500,1756728,436018,964035,1115704,5480796
Hungary,2017,1391833,6523731,1805995,432621,959212,1084565,5439166
Hungary,2018,1385541,6447591,1855715,434105,951436,1052541,5395050
Hungary,2019,1377765,6376774,1900822,436313,941452,1024667,5352107
Hungary,2020,1367050,6315611,1938593,436270,930780,1003836,5311775
Hungary,2021,1359417,6253051,1974015,438884,920533,989891,5263160
Hungary,2022,1347518,6200581,2002850,437430,910088,983508,5217073
Hungary,2023,1333230,6156322,2025066,432985,900245,981984,5174338
Hungary,2024,1319919,6117514,2040039,428123,891796,980836,5136678
Hungary,2025,1309244,6082673,2047548,424597,884647,977221,5105452
Hungary,2026,1299952,6048588,2052071,420653,879299,972938,5075650
Hungary,2027,1292896,6019112,2048903,417970,874926,966963,5052149
Hungary,2028,1287308,5991895,2041037,416273,871035,959452,5032443
Hungary,2029,1281355,5964056,2033031,414414,866941,951071,5012985
Hungary,2030,1274008,5933443,2028008,411621,862387,942197,4991246
Hungary,2031,1267024,5895333,2028907,408604,858420,933395,4961938
Hungary,2032,1258830,5855271,2031835,404950,853880,923696,4931575
Hungary,2033,1249662,5812448,2037482,400823,848839,913700,4898748
Hungary,2034,1240204,5765910,2046272,396755,843449,904372,4861538
Hungary,2035,1230870,5715100,2058496,393063,837807,896281,4818819
Hungary,2036,1221630,5656929,2077332,388952,832678,890336,4766593
Hungary,2037,1212794,5595801,2098152,385948,826846,885792,4710009
Hungary,2038,1204141,5532057,2121020,383754,820387,882125,4649932
Hungary,2039,1195326,5466028,2146162,381869,813457,878458,4587570
Hungary,2040,1186266,5398033,2173547,379930,806336,874162,4523871
Hungary,2041,1178332,5323759,2206184,378473,799859,870042,4453717
Hungary,2042,1170270,5248517,2240096,377000,793270,865617,4382900
Hungary,2043,1162223,5175092,2272461,375464,786759,860771,4314321
Hungary,2044,1154447,5107790,2298813,373917,780530,855481,4252309
Hungary,2045,1147083,5049100,2316602,372381,774702,849721,4199379
Hungary,2046,1140859,4993939,2330229,371054,769805,844009,4149930
Hungary,2047,1134843,4948144,2334804,369459,765384,838036,4110108
Hungary,2048,1129138,4909088,2332818,367735,761403,831790,4077298
Hungary,2049,1123695,4872554,2328452,366003,757692,825260,4047294
Hungary,2050,1118368,4835489,2324843,364305,754063,818383,4017106
Hungary,2051,1113560,4796206,2323276,362318,751242,811951,3984255
Hungary,2052,1109101,4758452,2320139,360750,748351,805446,3953006
Hungary,2053,1104699,4720609,2317226,359425,745274,798921,3921688
Hungary,2054,1100041,4680878,2316500,358099,741942,792551,3888327
Hungary,2055,1094980,4638265,2318993,356579,738401,786412,3851853
Hungary,2056,1090971,4593197,2322787,355172,735799,781635,3811562
Hungary,2057,1086658,4545723,2329173,353804,732854,777339,3768384
Hungary,2058,1081983,4497894,2336141,352386,729597,773323,3724571
Hungary,2059,1076980,4453245,2340041,350865,726115,769339,3683906
Hungary,2060,1071718,4413950,2338641,349197,722521,765214,3648736
Hungary,2061,1067488,4379812,2330838,347656,719832,762001,3617811
Hungary,2062,1062980,4351354,2317462,346037,716943,758890,3592464
Hungary,2063,1058246,4326997,2300117,344351,713895,755779,3571218
Hungary,2064,1053299,4304037,2281559,342605,710694,752527,3551510
Hungary,2065,1048097,4280513,2263926,340764,707333,748974,3531539
Hungary,2066,1043421,4256137,2246743,338842,704579,745891,3510246
Hungary,2067,1038692,4232808,2228760,337070,701622,742736,3490072
Hungary,2068,1033842,4209871,2210865,335395,698447,739471,3470400
Hungary,2069,1028779,4186608,2194070,333732,695047,736086,3450522
Hungary,2070,1023417,4162312,2179325,331985,691432,732511,3429801
Hungary,2071,1018526,4136082,2166826,330213,688313,729409,3406673
Hungary,2072,1013657,4109940,2155037,328634,685023,726414,3383526
Hungary,2073,1008746,4084229,2143717,327174,681572,723417,3360812
Hungary,2074,1003696,4059415,2132535,325743,677953,720251,3339164
Hungary,2075,998359,4035289,2121863,324230,674129,716720,3318569
Hungary,2076,993996,4012881,2109441,322904,671092,713795,3299086
Hungary,2077,989652,3992622,2095809,321681,667971,710855,3281767
Hungary,2078,985124,3972980,2082648,320460,664664,707683,3265297
Hungary,2079,980328,3952623,2071334,319178,661150,704152,3248471
Hungary,2080,975307,3931015,2062295,317804,657503,700217,3230798
Hungary,2081,971537,3910637,2051563,316689,654848,697005,3213632
Hungary,2082,967670,3890114,2041856,315584,652086,693634,3196480
Hungary,2083,963699,3869347,2033238,314463,649236,690078,3179269
Hungary,2084,959582,3848264,2025764,313291,646291,686324,3161940
Hungary,2085,955244,3826589,2019753,312010,643234,682310,3144279
Hungary,2086,951821,3805795,2012554,310855,640966,678946,3126849
Hungary,2087,948357,3785494,2005506,309731,638626,675588,3109906
Hungary,2088,944832,3765563,1998745,308615,636217,672220,3093343
Hungary,2089,941118,3745491,1992934,307437,633681,668770,3076721
Hungary,2090,937006,3724398,1989141,306089,630917,665075,3059323
Hungary,2091,933909,3705207,1983034,304904,629005,662229,3042978
Hungary,2092,930721,3686574,1977034,303751,626970,659477,3027097
Hungary,2093,927201,3667619,1972201,302534,624667,656625,3010994
Hungary,2094,923224,3647912,1969081,301190,622034,653540,2994372
Hungary,2095,918782,3627429,1967651,299676,619106,650180,2977249
Hungary,2096,915574,3610447,1961902,298420,617154,647828,2962619
Hungary,2097,912056,3593489,1956842,297161,614895,645389,2948100
Hungary,2098,908251,3576486,1952502,295889,612362,642833,2933653
Hungary,2099,904200,3559368,1948891,294586,609614,640144,2919224
Hungary,2100,899876,3541808,1946369,293200,606676,637244,2904564
Iceland,1950,43683,88252,10724,18044,25639,24209,64043
Iceland,1951,45023,89024,10895,18449,26574,24013,65011
Iceland,1952,46546,90041,11119,18731,27815,23828,66213
Iceland,1953,48343,91101,11376,19111,29232,23643,67458
Iceland,1954,50342,92152,11663,19648,30694,23515,68637
Iceland,1955,52408,93237,11997,20289,32119,23502,69735
Iceland,1956,54236,94563,12399,20682,33554,23644,70919
Iceland,1957,56152,95817,12819,21297,34855,23857,71960
Iceland,1958,58022,97106,13259,21980,36042,24201,72905
Iceland,1959,59741,98552,13698,22591,37150,24745,73807
Iceland,1960,61266,100196,14130,23032,38234,25520,74676
Iceland,1961,62809,101818,14556,23517,39292,26537,75281
Iceland,1962,64062,103672,14977,23734,40328,27794,75878
Iceland,1963,65047,105690,15387,23712,41335,29202,76488
Iceland,1964,65816,107729,15793,23533,42283,30610,77119
Iceland,1965,66386,109734,16193,23265,43121,31936,77798
Iceland,1966,66791,111630,16569,22904,43887,33059,78571
Iceland,1967,66967,113516,16918,22440,44527,34122,79394
Iceland,1968,66959,115458,17252,21945,45014,35154,80304
Iceland,1969,66852,117535,17587,21521,45331,36198,81337
Iceland,1970,66725,119775,17926,21241,45484,37270,82505
Iceland,1971,66462,122268,18358,20890,45572,38368,83900
Iceland,1972,66335,124819,18775,20899,45436,39403,85416
Iceland,1973,66228,127404,19182,21137,45091,40377,87027
Iceland,1974,65991,129995,19577,21385,44606,41289,88706
Iceland,1975,65534,132557,19979,21468,44066,42131,90426
Iceland,1976,65194,134626,20471,21723,43471,42632,91994
Iceland,1977,64586,136706,20974,21643,42943,43108,93598
Iceland,1978,63841,138821,21488,21335,42506,43547,95274
Iceland,1979,63194,140907,22002,21021,42173,43877,97030
Iceland,1980,62792,142950,22520,20884,41908,44060,98890
Iceland,1981,62604,145142,22918,20779,41825,44087,101055
Iceland,1982,62666,147300,23303,20826,41840,43942,103358
Iceland,1983,62902,149427,23690,21001,41901,43693,105734
Iceland,1984,63137,151573,24098,21187,41950,43425,108148
Iceland,1985,63285,153748,24549,21306,41979,43185,110563
Iceland,1986,63443,155846,25042,21446,41997,42918,112928
Iceland,1987,63494,157999,25563,21466,42028,42669,115330
Iceland,1988,63480,160173,26103,21414,42066,42459,117714
Iceland,1989,63502,162260,26651,21398,42104,42297,119963
Iceland,1990,63619,164220,27204,21492,42127,42174,122046
Iceland,1991,63878,165946,27800,21618,42260,41975,123971
Iceland,1992,64295,167487,28369,21936,42359,41838,125649
Iceland,1993,64765,168953,28938,22336,42429,41787,127166
Iceland,1994,65132,170492,29514,22635,42497,41817,128675
Iceland,1995,65332,172192,30105,22728,42604,41907,130285
Iceland,1996,65657,173920,30573,22948,42709,41961,131959
Iceland,1997,65599,176018,31092,22683,42916,42131,133887
Iceland,1998,65329,178327,31640,22130,43199,42391,135936
Iceland,1999,65111,180617,32142,21581,43530,42663,137954
Iceland,2000,65072,182805,32558,21189,43883,42879,139926
Iceland,2001,64715,185155,33037,20294,44421,42913,142242
Iceland,2002,64756,187177,33396,19988,44768,42801,144376
Iceland,2003,65002,189213,33737,20107,44895,42686,146527
Iceland,2004,65237,191672,34195,20423,44814,42743,148929
Iceland,2005,65426,194720,34833,20809,44617,43056,151664
Iceland,2006,65724,198676,35328,21432,44292,44130,154546
Iceland,2007,66023,203200,35977,22108,43915,45238,157962
Iceland,2008,66308,207837,36739,22756,43552,46219,161618
Iceland,2009,66539,211974,37573,23271,43268,46903,165071
Iceland,2010,66620,215252,38456,23541,43079,47228,168024
Iceland,2011,67075,216678,39665,23970,43105,47421,169257
Iceland,2012,67152,217425,40949,23878,43274,47562,169863
Iceland,2013,67042,217670,42317,23434,43608,47589,170081
Iceland,2014,66972,217730,43757,22928,44044,47458,170272
Iceland,2015,67082,217871,45290,22592,44490,47157,170714
Iceland,2016,67051,218626,46797,22049,45002,46523,172103
Iceland,2017,67312,219366,48347,21880,45432,45695,173671
Iceland,2018,67703,220116,49961,21982,45721,44819,175297
Iceland,2019,67980,220889,51697,22133,45847,44121,176768
Iceland,2020,68017,221648,53563,22169,45848,43723,177925
Iceland,2021,68049,222297,55418,22248,45801,43649,178648
Iceland,2022,67853,222997,57368,22229,45624,43888,179109
Iceland,2023,67492,223720,59385,22119,45373,44343,179377
Iceland,2024,67100,224376,61434,21986,45114,44833,179543
Iceland,2025,66747,224936,63501,21873,44874,45244,179692
Iceland,2026,66509,225472,65429,21796,44713,45666,179806
Iceland,2027,66266,225952,67355,21690,44576,46052,179900
Iceland,2028,66025,226391,69246,21572,44453,46360,180031
Iceland,2029,65772,226824,71096,21448,44324,46554,180270
Iceland,2030,65486,227256,72904,21323,44163,46610,180646
Iceland,2031,65247,227848,74426,21182,44065,46609,181239
Iceland,2032,65006,228450,75869,21077,43929,46456,181994
Iceland,2033,64753,229043,77264,20996,43757,46195,182848
Iceland,2034,64477,229578,78661,20926,43551,45908,183670
Iceland,2035,64174,230028,80095,20852,43322,45643,184385
Iceland,2036,63958,230595,81256,20799,43159,45489,185106
Iceland,2037,63728,231103,82424,20764,42964,45362,185741
Iceland,2038,63484,231542,83590,20736,42748,45249,186293
Iceland,2039,63230,231911,84778,20710,42520,45115,186796
Iceland,2040,62986,232188,85977,20687,42299,44940,187248
Iceland,2041,62856,232551,86905,20694,42162,44815,187736
Iceland,2042,62724,232882,87814,20694,42030,44678,188204
Iceland,2043,62588,233123,88743,20686,41902,44518,188605
Iceland,2044,62451,233229,89752,20668,41783,44327,188902
Iceland,2045,62306,233152,90891,20640,41666,44102,189050
Iceland,2046,62255,233093,91853,20623,41632,43927,189166
Iceland,2047,62195,232910,92897,20596,41599,43737,189173
Iceland,2048,62123,232615,94009,20559,41564,43527,189088
Iceland,2049,62023,232276,95136,20508,41515,43310,188966
Iceland,2050,61896,231907,96268,20441,41455,43083,188824
Iceland,2051,61825,231728,97097,20368,41457,42939,188789
Iceland,2052,61733,231598,97855,20297,41436,42805,188793
Iceland,2053,61617,231437,98618,20228,41389,42676,188761
Iceland,2054,61463,231113,99545,20151,41312,42553,188560
Iceland,2055,61269,230525,100739,20062,41207,42423,188102
Iceland,2056,61132,229924,101855,19973,41159,42374,187550
Iceland,2057,60969,229142,103148,19898,41071,42339,186803
Iceland,2058,60778,228249,104542,19828,40950,42302,185947
Iceland,2059,60553,227396,105910,19753,40800,42253,185143
Iceland,2060,60288,226654,107180,19666,40622,42176,184478
Iceland,2061,60110,226267,107989,19599,40511,42162,184105
Iceland,2062,59904,226038,108631,19530,40374,42138,183900
Iceland,2063,59677,225892,109199,19460,40217,42093,183799
Iceland,2064,59423,225708,109799,19385,40038,42013,183695
Iceland,2065,59145,225401,110511,19306,39839,41890,183511
Iceland,2066,58965,225326,110870,19247,39718,41823,183503
Iceland,2067,58776,225213,111236,19195,39581,41732,183481
Iceland,2068,58578,225018,111677,19147,39431,41610,183408
Iceland,2069,58357,224650,112268,19096,39261,41458,183192
Iceland,2070,58116,224056,113081,19037,39079,41267,182789
Iceland,2071,57978,223588,113627,19002,38976,41144,182444
Iceland,2072,57836,222964,114315,18973,38863,41004,181960
Iceland,2073,57679,222194,115126,18941,38738,40844,181350
Iceland,2074,57499,221318,116025,18901,38598,40657,180661
Iceland,2075,57292,220375,116995,18849,38443,40446,179929
Iceland,2076,57193,219729,117519,18820,38373,40308,179421
Iceland,2077,57082,219084,118014,18788,38294,40164,178920
Iceland,2078,56953,218416,118515,18749,38204,40011,178405
Iceland,2079,56804,217673,119082,18700,38104,39840,177833
Iceland,2080,56614,216788,119793,18635,37979,39643,177145
Iceland,2081,56531,216218,120067,18593,37938,39531,176687
Iceland,2082,56434,215624,120342,18551,37883,39416,176208
Iceland,2083,56309,214954,120693,18502,37807,39287,175667
Iceland,2084,56144,214181,121167,18443,37701,39140,175041
Iceland,2085,55938,213275,121796,18366,37572,38972,174303
Iceland,2086,55824,212670,122014,18308,37516,38886,173784
Iceland,2087,55690,212041,122257,18249,37441,38799,173242
Iceland,2088,55535,211385,122533,18188,37347,38709,172676
Iceland,2089,55353,210663,122891,18122,37231,38604,172059
Iceland,2090,55123,209809,123424,18040,37083,38470,171339
Iceland,2091,54995,209299,123513,17983,37012,38413,170886
Iceland,2092,54859,208788,123601,17934,36925,38356,170432
Iceland,2093,54690,208206,123794,17880,36810,38280,169926
Iceland,2094,54478,207492,124152,17817,36661,38172,169320
Iceland,2095,54217,206628,124711,17737,36480,38021,168607
Iceland,2096,54087,206176,124712,17694,36393,37959,168217
Iceland,2097,53935,205675,124788,17647,36288,37884,167791
Iceland,2098,53755,205095,124959,17595,36160,37781,167314
Iceland,2099,53548,204428,125248,17533,36015,37656,166772
Iceland,2100,53308,203618,125701,17462,35846,37495,166123
India,1950,141086266,223426812,11812122,54170080,86916186,72869121,150557691
India,1951,144353397,225804215,12087691,56786545,87566852,73602653,152201562
India,1952,148056192,228090663,12391765,59810484,88245708,74342248,153748415
India,1953,151686157,230793472,12680462,62509480,89176677,75201174,155592298
India,1954,155150394,234053595,12873037,64697563,90452831,76154470,157899125
India,1955,158598575,237746014,12924466,66574563,92024012,77131242,160614772
India,1956,163460411,240095568,13172792,69360927,94099484,77558793,162536775
India,1957,167783634,243338107,13339367,70736168,97047466,78206123,165131984
India,1958,171990735,247032266,13458662,71352179,100638556,78951540,168080726
India,1959,176419075,250808379,13586442,71882328,104536747,79707465,171100914
India,1960,181161842,254567560,13751206,72844205,108317637,80478550,174089010
India,1961,186032790,258192890,14269283,73467316,112565474,81250958,176941932
India,1962,191305236,261751336,14795965,74683411,116621825,82002627,179748709
India,1963,196687379,265543682,15296909,76366974,120320405,82932537,182611145
India,1964,201700568,270050518,15733449,78126614,123573954,84351291,185699227
India,1965,206120678,275492973,16088714,79720416,126400262,86428543,189064430
India,1966,210937633,280607082,16617220,81637478,129300155,88761321,191845761
India,1967,215039991,286769095,17080693,82979583,132060408,91763211,195005884
India,1968,218680220,293779996,17507101,83955435,134724785,95279167,198500829
India,1969,222291697,301282415,17930964,84966040,137325657,99050695,202231720
India,1970,226128011,309078851,18371651,86345915,139782096,102912859,206165992
India,1971,230691162,316467280,19066370,88010986,142680176,106697250,209770030
India,1972,235324167,324319930,19767416,89634020,145690147,110627201,213692729
India,1973,239991363,332613235,20454328,91287118,148704245,114572343,218040892
India,1974,244551882,341394411,21103962,92954868,151597014,118388847,223005564
India,1975,248929531,350665098,21707091,94685028,154244503,121988743,228676355
India,1976,254140921,359141089,22489724,96843133,157297788,125020075,234121014
India,1977,259023954,368230950,23230126,98533837,160490117,127870983,240359967
India,1978,263731190,377834885,23936209,99978138,163753052,130605425,247229460
India,1979,268491454,387806840,24617510,101511622,166979832,133339546,254467294
India,1980,273441676,398059662,25282179,103422039,170019637,136157093,261902569
India,1981,279295802,407688286,26133944,105704097,173591705,138866712,268821574
India,1982,285305307,417622246,26940460,108104204,177201103,141660288,275961958
India,1983,291350346,427894339,27704382,110559672,180790674,144534575,283359764
India,1984,297196716,438613766,28434720,112872091,184324625,147490359,291123407
India,1985,302701863,449822671,29142137,114950776,187751087,150527886,299294785
India,1986,309117827,460022744,30040865,117515292,191602535,153321303,306701441
India,1987,314882171,471005925,30904645,119111748,195770423,156325794,314680131
India,1988,320158702,482595747,31734873,120023219,200135483,159488435,323107312
India,1989,325179830,494556570,32533634,120678709,204501121,162737789,331818781
India,1990,330035881,506787379,33310220,121428324,208607557,166051139,340736240
India,1991,335068163,518486703,34500009,122083643,212984520,169284764,349201939
India,1992,339847574,530519741,35653791,122660364,217187210,172593606,357926135
India,1993,344302685,542975424,36779708,123230570,221072115,176030016,366945408
India,1994,348305135,556006717,37892397,123796990,224508145,179677257,376329460
India,1995,351812243,569664412,39006140,124391291,227420952,183570402,386094010
India,1996,355436705,582956716,40499796,125106789,230329916,187496737,395459979
India,1997,358612537,596826819,41965962,125787455,232825082,191616253,405210566
India,1998,361355075,611202313,43416654,126427632,234927443,195872765,415329548
India,1999,363723543,625949542,44866129,127025304,236698239,200173646,425775896
India,2000,365773765,640951008,46326139,127607001,238166764,204440193,436510815
India,2001,368339237,655096984,48041634,128575407,239763830,208439529,446657455
India,2002,370455776,669605816,49745520,129122142,241333634,212437307,457168509
India,2003,372221586,684389867,51416395,129364586,242857000,216311730,468078137
India,2004,373755592,699358935,53021250,129467680,244287912,219894600,479464335
India,2005,375114219,714450930,54553525,129579440,245534779,223086269,491364661
India,2006,376811884,728846310,56319525,129854049,246957835,225759070,503087240
India,2007,378289367,743374311,58017561,129911684,248377683,228045038,515329273
India,2008,379470915,758006442,59669549,129756482,249714433,230028364,527978078
India,2009,380174492,772795808,61299832,129294527,250879965,231863595,540932213
India,2010,380274337,787765404,62940950,128484520,251789817,233654031,554111373
India,2011,380287007,802018310,64930712,127636918,252650089,235280740,566737570
India,2012,379512707,816654594,66898551,126131408,253381299,236890061,579764533
India,2013,378168020,831445906,68948281,124277964,253890056,238483686,592962220
India,2014,376631361,846013020,71214913,122588114,254043247,240031778,605981242
India,2015,375144882,860127604,73781494,121415293,253729589,241513478,618614126
India,2016,373356040,873908707,76906607,119997734,253358306,243092437,630816270
India,2017,372060792,886916249,80203086,119756757,252304035,244490041,642426208
India,2018,370948441,899478997,83624416,120292932,250655509,245760493,653718504
India,2019,369543688,912090820,87103005,120914539,248629149,246965651,665125169
India,2020,367656950,924931839,90608964,121159403,246497547,248101113,676830726
India,2021,366707894,936485666,94229449,122198272,244509622,248961748,687523918
India,2022,364994311,948582673,97838312,122166025,242828286,249841874,698740799
India,2023,362902940,960800494,101455047,121381006,241521934,250559634,710240860
India,2024,361028933,972514278,105092156,120451966,240576967,250839086,721675192
India,2025,359641618,983415034,108772352,119816777,239824841,250541523,732873511
India,2026,358593702,993445392,112687005,119106504,239487198,249876144,743569248
India,2027,358003533,1002765099,116542958,118655164,239348369,248660643,754104456
India,2028,357656911,1011543738,120363963,118400210,239256701,247064030,764479708
India,2029,357127579,1020154695,124180100,118087767,239039812,245360575,774794120
India,2030,356182705,1028779854,128022648,117552586,238630119,243725491,785054363
India,2031,355336282,1036718446,132069076,117048051,238288231,242187890,794530556
India,2032,354107488,1044713243,136048443,116334984,237772504,240693316,804019927
India,2033,352530823,1052662104,140010657,115440287,237090536,239329169,813332935
India,2034,350734983,1060369790,144003335,114463787,236271196,238184496,822185294
India,2035,348788130,1067710382,148071711,113470557,235317573,237307898,830402484
India,2036,346924035,1074246711,152410987,112487772,234436263,236806549,837440162
India,2037,344884552,1080533841,156728428,111489137,233395415,236603935,843929906
India,2038,342668935,1086557520,161055432,110489889,232179046,236575621,849981899
India,2039,340274999,1092323891,165412596,109494183,230780816,236512343,855811548
India,2040,337719598,1097805062,169830914,108510025,229209573,236271599,861533463
India,2041,335294809,1102428325,174596712,107606206,227688603,235951904,866476421
India,2042,332774986,1106832369,179298181,106756858,226018128,235444444,871387925
India,2043,330167742,1110921019,184034336,105950020,224217722,234771680,876149339
India,2044,327495154,1114564434,188924082,105173225,222321929,233979963,880584471
India,2045,324786592,1117662712,194047004,104423054,220363538,233091130,884571582
India,2046,322407158,1119595461,199664247,103858590,218548568,232156284,887439177
India,2047,320001627,1121145453,205351404,103258047,216743580,231100334,890045119
India,2048,317594523,1122302195,211096936,102633266,214961257,229916949,892385246
India,2049,315209939,1123073529,216869904,102000952,213208987,228588965,894484564
India,2050,312858792,1123448303,222671067,101378780,211480012,227106672,896341631
India,2051,310862547,1122861738,228747270,100902543,209960004,225564400,897297338
India,2052,308876712,1122051216,234706546,100349273,208527439,223887729,898163487
India,2053,306902943,1120986903,240571649,99741252,207161691,222109735,898877168
India,2054,304930579,1119667437,246346568,99100288,205830291,220275237,899392200
India,2055,302945101,1118085908,252047312,98445100,204500001,218416352,899669556
India,2056,301189050,1115805993,257867464,97845257,203343793,216639821,899166172
India,2057,299415331,1113438662,263446463,97210513,202204818,214850831,898587831
India,2058,297607686,1110927899,268859203,96548541,201059145,213079475,897848424
India,2059,295745882,1108216093,274187409,95863756,199882126,211356591,896859502
India,2060,293816423,1105254290,279497398,95159633,198656790,209698929,895555361
India,2061,292040486,1101667127,284948376,94492959,197547527,208211105,893456022
India,2062,290213683,1098009068,290193701,93825315,196388368,206796956,891212112
India,2063,288322082,1094232183,295296360,93151640,195170442,205449373,888782810
India,2064,286357737,1090288982,300312147,92465061,193892676,204146081,886142901
India,2065,284319570,1086136092,305288629,91761426,192558144,202866705,883269387
India,2066,282449480,1081417437,310345196,91125373,191324107,201707159,879710278
India,2067,280518500,1076695457,315158899,90470053,190048447,200575398,876120059
India,2068,278532295,1071921909,319787832,89801218,188731077,199456548,872465361
India,2069,276505418,1067046436,324286725,89129609,187375809,198324483,868721953
India,2070,274448275,1062030951,328700165,88463907,185984368,197157561,864873390
India,2071,272560787,1056515712,333199381,87867823,184692964,196035564,860480148
India,2072,270663925,1051027157,337445926,87274235,183389690,194876976,856150181
India,2073,268755685,1045610288,341408573,86684350,182071335,193682689,851927599
India,2074,266834230,1040367642,344998236,86098008,180736222,192453664,847913978
India,2075,264900193,1035335996,348188902,85516851,179383342,191187385,844148611
India,2076,263142171,1030129734,351188487,85008772,178133399,189951542,840178192
India,2077,261391110,1025302335,353623492,84494732,176896378,188682435,836619900
India,2078,259646388,1020672980,355686703,83977642,175668746,187387149,833285831
India,2079,257907151,1015999654,357632348,83461485,174445666,186071448,829928206
India,2080,256169864,1011113461,359643677,82949740,173220124,184735747,826377714
India,2081,254598815,1005698483,361881670,82500305,172098510,183445754,822252729
India,2082,253046944,1000284638,363972593,82044067,171002877,182149257,818135381
India,2083,251504220,994837651,365970708,81579873,169924347,180850360,813987291
India,2084,249956455,989354683,367902884,81103391,168853064,179551229,809803454
India,2085,248390953,983813869,369812602,80612228,167778725,178250683,805563186
India,2086,246962943,977903489,371865951,80166898,166796045,177010465,800893024
India,2087,245526879,972121350,373717507,79692267,165834612,175785377,796335973
India,2088,244076537,966394343,375449322,79195348,164881189,174576085,791818258
India,2089,242607848,960651777,377136828,78686760,163921088,173380822,787270955
India,2090,241113745,954837552,378845904,78173617,162940128,172195491,782642061
India,2091,239714262,948763335,380650923,77682984,162031278,171088400,777674935
India,2092,238317489,942816080,382265882,77203567,161113922,170003465,772812615
India,2093,236909112,936956173,383755480,76731174,160177938,168939567,768016606
India,2094,235472071,931154846,385176814,76256267,159215804,167892155,763262691
India,2095,233993352,925374015,386591531,75769886,158223466,166853198,758520817
India,2096,232618159,919460615,388016884,75325342,157292817,165885383,753575232
India,2097,231233406,913760846,389227777,74880182,156353224,164939147,748821699
India,2098,229833338,908210417,390300794,74433375,155399963,164004736,744205681
India,2099,228421768,902742310,391304336,73991865,154429903,163066080,739676230
India,2100,227003907,897286444,392307029,73565819,153438088,162107092,735179352
Indonesia,1950,27240879,39548437,2754000,9960841,17280038,13937694,25610743
Indonesia,1951,27648655,40416630,2804324,10248315,17400340,14277279,26139351
Indonesia,1952,28106817,41356401,2846682,10613476,17493341,14620062,26736339
Indonesia,1953,28581709,42400042,2884770,10999040,17582669,14975134,27424908
Indonesia,1954,29107712,43514054,2917971,11433522,17674190,15328171,28185883
Indonesia,1955,29726411,44656472,2944911,11957689,17768722,15663357,28993115
Indonesia,1956,30680482,45546020,3000285,12678969,18001513,15893038,29652982
Indonesia,1957,31658131,46521597,3051019,13295778,18362353,16131650,30389947
Indonesia,1958,32694239,47543882,3093929,13848001,18846238,16358249,31185633
Indonesia,1959,33809041,48586978,3125960,14369316,19439725,16552518,32034460
Indonesia,1960,35002160,49643721,3146634,14899524,20102636,16709427,32934294
Indonesia,1961,36432118,50507406,3198711,15506262,20925856,16769693,33737713
Indonesia,1962,37874439,51440854,3242712,15978289,21896150,16821737,34619117
Indonesia,1963,39336301,52437792,3281572,16369607,22966694,16888975,35548817
Indonesia,1964,40814039,53504460,3319530,16743629,24070410,17011006,36493454
Indonesia,1965,42296408,54652843,3359643,17153648,25142760,17218937,37433906
Indonesia,1966,43829247,55790135,3447972,17540626,26288621,17485461,38304674
Indonesia,1967,45365317,57008044,3534042,17963651,27401666,17832485,39175559
Indonesia,1968,46870898,58330110,3620556,18409033,28461865,18281638,40048472
Indonesia,1969,48301226,59787623,3711242,18841054,29460172,18860652,40926971
Indonesia,1970,49633649,61393078,3808053,19240586,30393063,19582583,41810495
Indonesia,1971,51032399,62941285,3948314,19693314,31339085,20384905,42556380
Indonesia,1972,52298547,64670186,4090780,20031996,32266551,21335854,43334332
Indonesia,1973,53458100,66550628,4233570,20289163,33168937,22393114,44157514
Indonesia,1974,54556037,68535331,4373863,20520347,34035690,23490974,45044357
Indonesia,1975,55616114,70597667,4510334,20772584,34843530,24586476,46011191
Indonesia,1976,56724565,72602020,4684105,21049364,35675201,25640570,46961450
Indonesia,1977,57775611,74694411,4852096,21293354,36482257,26690312,48004099
Indonesia,1978,58771254,76883053,5011549,21519840,37251414,27728218,49154835
Indonesia,1979,59708267,79186856,5158395,21738827,37969440,28750999,50435857
Indonesia,1980,60587421,81611775,5291169,21963800,38623621,29754669,51857106
Indonesia,1981,61513279,84014920,5450641,22222977,39290302,30694778,53320142
Indonesia,1982,62378309,86531688,5596268,22450919,39927390,31601497,54930191
Indonesia,1983,63168012,89143910,5732421,22640046,40527966,32479178,56664732
Indonesia,1984,63856312,91834815,5864456,22768555,41087757,33339267,58495548
Indonesia,1985,64423430,94592182,5996584,22826145,41597285,34188465,60403717
Indonesia,1986,65011775,97225442,6164808,22907084,42104691,34974474,62250968
Indonesia,1987,65433154,99964853,6330910,22820858,42612296,35760450,64204403
Indonesia,1988,65722620,102778565,6499731,22625846,43096774,36534055,66244510
Indonesia,1989,65935772,105620494,6676957,22413764,43522008,37274857,68345637
Indonesia,1990,66104348,108465725,6866748,22252805,43851543,37972247,70493478
Indonesia,1991,66226420,111268203,7121356,22046324,44180096,38618532,72649671
Indonesia,1992,66357986,114029079,7379021,21964595,44393391,39203203,74825876
Indonesia,1993,66455722,116783094,7640707,21966786,44488936,39748482,77034612
Indonesia,1994,66446846,119590617,7907809,21963631,44483215,40288964,79301653
Indonesia,1995,66296152,122479932,8181765,21890868,44405284,40843152,81636780
Indonesia,1996,66166480,125219679,8528672,21899889,44266591,41347850,83871829
Indonesia,1997,65878361,128069056,8879048,21767919,44110442,41872660,86196396
Indonesia,1998,65494560,130985893,9235091,21544138,43950422,42390532,88595361
Indonesia,1999,65139079,133876740,9596737,21349842,43789237,42847680,91029060
Indonesia,2000,64913768,136664788,9961873,21307215,43606553,43204487,93460301
Indonesia,2001,65348856,138928932,10228714,21510112,43838744,43257112,95671820
Indonesia,2002,65929944,141124228,10453887,21757811,44172133,43214385,97909843
Indonesia,2003,66622429,143291315,10631470,22064384,44558045,43124833,100166482
Indonesia,2004,67367094,145484849,10762706,22387338,44979756,43059039,102425810
Indonesia,2005,68126186,147729473,10857071,22680512,45445674,43084266,104645207
Indonesia,2006,68352677,150362241,11123284,22904868,45447809,43411969,106950272
Indonesia,2007,68659977,152976177,11352987,23122406,45537571,43667726,109308451
Indonesia,2008,69069077,155548637,11541562,23340282,45728795,43805345,111743292
Indonesia,2009,69606800,158053428,11680250,23574730,46032070,43815506,114237922
Indonesia,2010,70253563,160508864,11761696,23793078,46460485,43744254,116764610
Indonesia,2011,70510871,163153759,12042881,23736092,46774779,43837511,119316248
Indonesia,2012,70940248,165644452,12298532,23935161,47005087,43916660,121727792
Indonesia,2013,71407029,168073394,12551840,24249408,47157621,44014487,124058907
Indonesia,2014,71754933,170545175,12831008,24501845,47253088,44162602,126382573
Indonesia,2015,71920631,173087947,13153535,24592480,47328151,44370173,128717774
Indonesia,2016,72205147,175328142,13582167,24821988,47383159,44569595,130758547
Indonesia,2017,72218395,177730022,14042962,24724942,47493453,44846769,132883253
Indonesia,2018,72065426,180186704,14542850,24407604,47657822,45164403,135022301
Indonesia,2019,71911660,182534506,15090316,24056206,47855454,45464426,137070080
Indonesia,2020,71831874,184696957,15694156,23796973,48034901,45717588,138979369
Indonesia,2021,71646925,186759535,16447727,23426045,48220880,45980838,140778697
Indonesia,2022,71582290,188607225,17235754,23247521,48334769,46178034,142429191
Indonesia,2023,71560090,190322001,18051748,23208795,48351295,46333129,143988872
Indonesia,2024,71448715,192039684,18888178,23190217,48258498,46485879,145553805
Indonesia,2025,71189536,193818499,19743010,23110521,48079015,46655410,147163089
Indonesia,2026,70952252,195435419,20668333,23093819,47858433,46822487,148612932
Indonesia,2027,70584685,197114664,21592415,23007703,47576982,46990095,150124569
Indonesia,2028,70128134,198806777,22524351,22866504,47261630,47152407,151654370
Indonesia,2029,69666391,200419895,23473808,22721917,46944474,47294956,153124939
Indonesia,2030,69246009,201900561,24448664,22610430,46635579,47408769,154491792
Indonesia,2031,68913451,203160253,25491128,22546560,46366891,47513360,155646893
Indonesia,2032,68608920,204328216,26530659,22482357,46126563,47593726,156734490
Indonesia,2033,68329097,205405549,27567817,22422229,45906868,47631053,157774496
Indonesia,2034,68052665,206409852,28604106,22358647,45694018,47598034,158811818
Indonesia,2035,67767104,207348374,29643149,22289625,45477479,47480102,159868272
Indonesia,2036,67550067,208106420,30721295,22252458,45297609,47298002,160808418
Indonesia,2037,67328519,208818965,31776848,22195717,45132802,47029023,161789942
Indonesia,2038,67101803,209488366,32808546,22122854,44978949,46705256,162783110
Indonesia,2039,66869603,210119926,33812269,22039144,44830459,46375466,163744460
Indonesia,2040,66629435,210715115,34789638,21948991,44680444,46072460,164642655
Indonesia,2041,66429366,211153413,35813642,21873484,44555882,45804824,165348589
Indonesia,2042,66217310,211587559,36783444,21781905,44435405,45562056,166025503
Indonesia,2043,65990376,212001634,37716942,21677574,44312802,45342416,166659218
Indonesia,2044,65745375,212373777,38637891,21563991,44181384,45136190,167237587
Indonesia,2045,65479535,212690340,39562110,21444230,44035305,44937840,167752500
Indonesia,2046,65229711,212831209,40573218,21331368,43898343,44760402,168070807
Indonesia,2047,64962906,212944136,41557908,21214265,43748641,44593577,168350559
Indonesia,2048,64676032,213045790,42504515,21092655,43583377,44438013,168607777
Indonesia,2049,64367001,213161480,43392324,20965540,43401461,44292584,168868896
Indonesia,2050,64035369,213301891,44213426,20832945,43202424,44156045,169145846
Indonesia,2051,63718355,213318944,45080286,20713669,43004686,44030793,169288151
Indonesia,2052,63382035,213382314,45858593,20586144,42795891,43909637,169472677
Indonesia,2053,63028525,213473204,46567087,20453005,42575520,43789904,169683300
Indonesia,2054,62662628,213564992,47229785,20318734,42343894,43666272,169898720
Indonesia,2055,62287722,213637937,47865253,20187307,42100415,43535128,170102809
Indonesia,2056,61931400,213542011,48597878,20071367,41860033,43396615,170145396
Indonesia,2057,61571877,213452111,49276586,19955811,41616066,43246165,170205946
Indonesia,2058,61209140,213363363,49908662,19841256,41367884,43084621,170278742
Indonesia,2059,60843058,213273741,50498757,19727691,41115367,42912655,170361086
Indonesia,2060,60474266,213176719,51055174,19616201,40858065,42730938,170445781
Indonesia,2061,60131365,212904534,51718817,19523936,40607429,42535876,170368658
Indonesia,2062,59788943,212653165,52321012,19426052,40362891,42328372,170324793
Indonesia,2063,59448866,212399513,52885700,19325232,40123634,42111180,170288333
Indonesia,2064,59113917,212112926,53443637,19225524,39888393,41887037,170225889
Indonesia,2065,58785308,211772771,54016643,19130633,39654675,41658239,170114532
Indonesia,2066,58480848,211215663,54752103,19050811,39430037,41420614,169795049
Indonesia,2067,58185696,210633105,55474298,18969875,39215821,41177547,169455558
Indonesia,2068,57897430,210038245,56172962,18887763,39009667,40932105,169106140
Indonesia,2069,57611729,209455834,56827595,18802935,38808794,40687215,168768619
Indonesia,2070,57325175,208895482,57432132,18715139,38610036,40445172,168450310
Indonesia,2071,57058298,208190755,58133291,18639580,38418718,40200657,167990098
Indonesia,2072,56789341,207540697,58754772,18551591,38237750,39959341,167581356
Indonesia,2073,56518734,206911048,59330827,18454914,38063820,39723103,167187945
Indonesia,2074,56247963,206254597,59907519,18355141,37892822,39493161,166761436
Indonesia,2075,55976503,205542533,60514556,18256594,37719909,39270587,166271946
Indonesia,2076,55711165,204642547,61278031,18161316,37549849,39052507,165590040
Indonesia,2077,55448980,203724143,62032022,18067674,37381306,38840837,164883306
Indonesia,2078,55186044,202805459,62762734,17974939,37211105,38636874,164168585
Indonesia,2079,54917309,201916891,63445249,17880796,37036513,38441045,163475846
Indonesia,2080,54639588,201071665,64069995,17784022,36855566,38253132,162818533
Indonesia,2081,54370770,200143148,64746271,17695636,36675134,38070445,162072703
Indonesia,2082,54096610,199283290,65337043,17602787,36493823,37894361,161388929
Indonesia,2083,53816712,198474294,65861232,17506413,36310299,37723673,160750621
Indonesia,2084,53532522,197693522,66340825,17408651,36123871,37555870,160137652
Indonesia,2085,53244571,196924223,66792821,17311455,35933116,37389165,159535058
Indonesia,2086,52969399,196070540,67297383,17223667,35745732,37223257,158847283
Indonesia,2087,52693831,195260444,67740405,17133698,35560133,37057401,158203043
Indonesia,2088,52417229,194481675,68135189,17042635,35374594,36890926,157590749
Indonesia,2089,52138881,193720823,68496171,16951617,35187264,36722281,156998542
Indonesia,2090,51857889,192964618,68838037,16861875,34996014,36550216,156414402
Indonesia,2091,51592981,192134140,69221823,16782423,34810558,36376714,155757426
Indonesia,2092,51330426,191336224,69555542,16702550,34627876,36199138,155137086
Indonesia,2093,51069031,190557787,69854814,16622599,34446432,36018519,154539268
Indonesia,2094,50807658,189785210,70135792,16542843,34264815,35836068,153949142
Indonesia,2095,50544976,189006176,70413522,16463626,34081350,35652487,153353689
Indonesia,2096,50301860,188153680,70735511,16396043,33905817,35470529,152683151
Indonesia,2097,50061523,187326275,71021311,16325750,33735773,35288210,152038065
Indonesia,2098,49822595,186513872,71283619,16252920,33569675,35105920,151407952
Indonesia,2099,49584200,185705152,71535823,16178676,33405524,34923263,150781889
Indonesia,2100,49345500,184887560,71792472,16105125,33240375,34739543,150148017
Iran,1950,6210000,10006276,902992,2534400,3675600,3316950,6689326
Iran,1951,6456355,10148397,911823,2754650,3701705,3352263,6796134
Iran,1952,6727829,10289244,916283,2982329,3745500,3388719,6900525
Iran,1953,7001875,10449702,917319,3180673,3821202,3427872,7021830
Iran,1954,7275892,10632859,913852,3340756,3935136,3462515,7170344
Iran,1955,7558885,10830564,904550,3477184,4081701,3485967,7344597
Iran,1956,7932676,10943897,906128,3660633,4272043,3476871,7467026
Iran,1957,8284035,11099388,905013,3760894,4523141,3471238,7628150
Iran,1958,8633365,11277449,900247,3815640,4817725,3467576,7809873
Iran,1959,8992587,11466395,891542,3862544,5130043,3470187,7996208
Iran,1960,9361251,11666368,879284,3929401,5431850,3485722,8180646
Iran,1961,9726801,11869175,884442,3966631,5760170,3517978,8351197
Iran,1962,10110081,12076182,885166,4044493,6065588,3560600,8515582
Iran,1963,10492973,12304300,883159,4153305,6339668,3626708,8677592
Iran,1964,10848629,12578726,880730,4267627,6581002,3735427,8843299
Iran,1965,11165470,12910784,878861,4370720,6794750,3896800,9013984
Iran,1966,11499783,13231577,893296,4492774,7007009,4094599,9136978
Iran,1967,11792747,13617704,907668,4587103,7205644,4345809,9271895
Iran,1968,12056854,14054834,921255,4662797,7394057,4634587,9420247
Iran,1969,12313253,14518963,933027,4737799,7575454,4935889,9583074
Iran,1970,12574512,14996902,942596,4827267,7747245,5233511,9763391
Iran,1971,12869825,15444413,967030,4934834,7934991,5519042,9925371
Iran,1972,13167286,15917127,989885,5037448,8129838,5805356,10111771
Iran,1973,13477815,16416039,1010417,5148942,8328873,6085663,10330376
Iran,1974,13812968,16944962,1027570,5285365,8527603,6352696,10592266
Iran,1975,14183589,17505932,1041033,5461198,8722391,6602483,10903449
Iran,1976,14602705,18069769,1065294,5658766,8943939,6836290,11233479
Iran,1977,15061410,18662453,1086860,5889881,9171529,7049155,11613298
Iran,1978,15572200,19293120,1107332,6158169,9414031,7251683,12041437
Iran,1979,16155826,19968628,1128205,6474083,9681743,7458390,12510238
Iran,1980,16831433,20686338,1150449,6850292,9981141,7676314,13010024
Iran,1981,17667833,21361579,1188217,7289596,10378237,7874865,13486714
Iran,1982,18577205,22079213,1226914,7748014,10829191,8095187,13984026
Iran,1983,19541555,22833049,1270488,8208219,11333336,8336182,14496867
Iran,1984,20526426,23623611,1324671,8632015,11894411,8597064,15026547
Iran,1985,21495493,24454196,1393013,8984917,12510576,8879241,15574955
Iran,1986,22550993,25223770,1482079,9335873,13215120,9111704,16112066
Iran,1987,23535487,26079586,1582409,9539937,13995550,9390226,16689360
Iran,1988,24395861,26992422,1687335,9600895,14794966,9712343,17280079
Iran,1989,25070321,27919195,1787598,9532015,15538306,10070689,17848506
Iran,1990,25512304,28835646,1878235,9353536,16158768,10462340,18373306
Iran,1991,25811480,29596887,1967217,9140805,16670675,10753976,18842911
Iran,1992,25910390,30303909,2046439,8805261,17105129,11025372,19278537
Iran,1993,25851415,31018343,2121460,8396110,17455305,11307011,19711332
Iran,1994,25702778,31822718,2199629,7984374,17718404,11646252,20176466
Iran,1995,25516743,32773601,2285300,7630740,17886003,12082403,20691198
Iran,1996,25117442,34086167,2379480,7220589,17896853,12760336,21325831
Iran,1997,24701847,35530434,2478276,6933933,17767914,13503945,22026489
Iran,1998,24253388,37067418,2579824,6747560,17505828,14272452,22794966
Iran,1999,23732841,38648725,2681094,6596602,17136239,15014099,23634626
Iran,2000,23106919,40244388,2780547,6409380,16697539,15695046,24549342
Iran,2001,22286341,41894093,2915980,6168978,16117363,16373020,25521073
Iran,2002,21351141,43577792,3054397,5951383,15399758,17039051,26538741
Iran,2003,20327131,45290540,3195042,5743204,14583927,17657273,27633267
Iran,2004,19293825,46989341,3333934,5578539,13715286,18154590,28834751
Iran,2005,18345696,48609219,3466896,5517632,12828064,18456373,30152846
Iran,2006,17937009,49770260,3520611,5710580,12226429,18369849,31400411
Iran,2007,17635974,50830680,3564449,5879122,11756852,18075776,32754904
Iran,2008,17469813,51774325,3601404,6052610,11417203,17603065,34171260
Iran,2009,17430450,52620050,3637065,6236159,11194291,17011002,35609048
Iran,2010,17492677,53397903,3676931,6423534,11069143,16350148,37047755
Iran,2011,17648158,54130480,3712944,6630397,11017761,15641644,38488836
Iran,2012,17870653,54830422,3752499,6772615,11098038,14865368,39965054
Iran,2013,18148102,55482818,3804464,6859727,11288375,14063607,41419211
Iran,2014,18452962,56075715,3882415,6900162,11552800,13296650,42779065
Iran,2015,18754554,56610426,3995507,6899492,11855062,12610917,43999509
Iran,2016,19004715,57086320,4186393,6822841,12181874,12022525,45063795
Iran,2017,19226391,57521480,4414917,6715695,12510696,11546000,45975480
Iran,2018,19398902,57939710,4673123,6581649,12817253,11189712,46749998
Iran,2019,19503321,58369631,4947814,6424982,13078339,10954023,47415608
Iran,2020,19527988,58827714,5231427,6246448,13281540,10836109,47991605
Iran,2021,19422760,59353737,5531542,5995964,13426796,10842887,48510850
Iran,2022,19257751,59887387,5836676,5785682,13472069,10963449,48923938
Iran,2023,19021402,60435219,6152247,5601032,13420370,11176009,49259210
Iran,2024,18711064,60994707,6485075,5423395,13287669,11445170,49549537
Iran,2025,18333735,61557129,6838917,5238432,13095303,11741864,49815265
Iran,2026,17916051,62113636,7196233,5062331,12853720,12057933,50055703
Iran,2027,17445414,62667788,7567832,4894468,12550946,12389060,50278728
Iran,2028,16939014,63206968,7954911,4736547,12202467,12708007,50498961
Iran,2029,16426936,63708582,8357403,4598374,11828562,12978533,50730049
Iran,2030,15932202,64155609,8775497,4487836,11444366,13175323,50980286
Iran,2031,15480847,64553047,9180558,4416379,11064468,13295819,51257228
Iran,2032,15057525,64888366,9601865,4364758,10692767,13332063,51556303
Iran,2033,14669869,65161547,10035662,4333156,10336713,13287316,51874231
Iran,2034,14321625,65379981,10474839,4319757,10001868,13171953,52208028
Iran,2035,14016971,65544680,10917128,4325242,9691729,12994192,52550488
Iran,2036,13795090,65657097,11323397,4374156,9420934,12754498,52902599
Iran,2037,13615528,65716133,11735277,4419516,9196012,12451774,53264359
Iran,2038,13481297,65702608,12168423,4463774,9017523,12102418,53600190
Iran,2039,13391205,65594593,12644575,4509461,8881744,11729900,53864693
Iran,2040,13341303,65378952,13179208,4559199,8782104,11352039,54026913
Iran,2041,13353542,65081247,13724329,4626916,8726626,10975903,54105344
Iran,2042,13393561,64697646,14316679,4678750,8714811,10603335,54094311
Iran,2043,13456256,64213045,14972438,4716751,8739505,10244363,53968682
Iran,2044,13530987,63610071,15714532,4741125,8789862,9909629,53700442
Iran,2045,13606908,62883232,16554946,4751851,8855057,9607276,53275956
Iran,2046,13690838,62073877,17443574,4751375,8939463,9344743,52729134
Iran,2047,13765579,61167390,18410822,4733133,9032446,9121235,52046155
Iran,2048,13825253,60189821,19433439,4699316,9125937,8939421,51250400
Iran,2049,13863655,59178239,20477357,4652209,9211446,8800044,50378195
Iran,2050,13874913,58160583,21517958,4592488,9282425,8702494,49458089
Iran,2051,13856384,57193146,22500220,4510768,9345616,8652683,48540463
Iran,2052,13813169,56232165,23462243,4431143,9382026,8643034,47589131
Iran,2053,13740297,55305711,24380443,4351563,9388734,8667414,46638297
Iran,2054,13635649,54449695,25220958,4269541,9366108,8715883,45733812
Iran,2055,13500037,53685927,25961459,4182824,9317213,8779842,44906085
Iran,2056,13347364,53073362,26529170,4092302,9255062,8864554,44208808
Iran,2057,13172638,52559196,26982629,4010095,9162543,8959305,43599891
Iran,2058,12977772,52131839,27333447,3934537,9043235,9055762,43076077
Iran,2059,12768887,51769382,27599978,3865178,8903709,9142705,42626677
Iran,2060,12552339,51453127,27796996,3801896,8750443,9211354,42241773
Iran,2061,12354389,51243589,27839167,3754881,8599508,9268642,41974947
Iran,2062,12155977,51083887,27803899,3714834,8441143,9303594,41780293
Iran,2063,11961028,50950334,27713492,3681596,8279432,9313650,41636684
Iran,2064,11774297,50810743,27598219,3655548,8118749,9296519,41514224
Iran,2065,11599700,50639766,27482107,3637609,7962091,9250693,41389073
Iran,2066,11466748,50494709,27280347,3641986,7824762,9185028,41309681
Iran,2067,11347999,50323196,27074497,3646323,7701676,9090859,41232337
Iran,2068,11245173,50107505,26882367,3651529,7593644,8972492,41135013
Iran,2069,11158493,49828480,26724626,3658503,7499990,8836758,40991722
Iran,2070,11087181,49473612,26616306,3668406,7418775,8688980,40784632
Iran,2071,11051929,49089594,26491856,3691634,7360295,8536872,40552722
Iran,2072,11030396,48644813,26407073,3709262,7321134,8376859,40267954
Iran,2073,11021035,48143908,26360521,3722210,7298825,8214352,39929556
Iran,2074,11019646,47596459,26348436,3730627,7289019,8055840,39540619
Iran,2075,11021221,47008302,26371601,3734491,7286730,7905695,39102607
Iran,2076,11033180,46402662,26400724,3737371,7295809,7767296,38635366
Iran,2077,11047490,45783028,26442019,3733016,7314474,7642988,38140040
Iran,2078,11061241,45161001,26489012,3722316,7338925,7534639,37626362
Iran,2079,11069779,44549677,26535701,3705670,7364109,7442890,37106787
Iran,2080,11067411,43952808,26586041,3682573,7384838,7366900,36585908
Iran,2081,11054497,43394257,26616943,3650627,7403870,7308789,36085468
Iran,2082,11035958,42881733,26616469,3618048,7417910,7270474,35611259
Iran,2083,11007298,42410088,26595186,3583726,7423572,7249078,35161010
Iran,2084,10964429,41971673,26565558,3546203,7418226,7240009,34731664
Iran,2085,10904199,41557595,26540104,3503971,7400228,7238814,34318781
Iran,2086,10837418,41217136,26459095,3458814,7378604,7251211,33965925
Iran,2087,10761422,40925285,26350125,3416057,7345365,7272968,33652317
Iran,2088,10673473,40666688,26230649,3374389,7299084,7298837,33367851
Iran,2089,10573777,40426819,26113971,3333414,7240363,7322768,33104051
Iran,2090,10464201,40196897,26006029,3293127,7171074,7340528,32856369
Iran,2091,10365591,40046974,25815067,3259701,7105890,7362519,32684455
Iran,2092,10263397,39915032,25616927,3230324,7033073,7377751,32537281
Iran,2093,10157896,39788632,25423025,3204270,6953626,7383761,32404871
Iran,2094,10050482,39654520,25244334,3180908,6869574,7378191,32276329
Iran,2095,9942730,39503543,25087319,3159700,6783030,7359551,32143992
Iran,2096,9861591,39408354,24850981,3152071,6709520,7339834,32068520
Iran,2097,9781811,39296262,24631566,3143988,6637823,7306354,31989908
Iran,2098,9704213,39159927,24433561,3135382,6568831,7259945,31899982
Iran,2099,9630928,38992062,24259803,3127805,6503123,7202261,31789801
Iran,2100,9564566,38784587,24113143,3124487,6440079,7134135,31650452
Iraq,1950,2137636,3419525,162031,816851,1320785,994642,2424883
Iraq,1951,2249577,3487818,164110,892608,1356969,1018669,2469149
Iraq,1952,2385023,3516664,163323,1013586,1371437,1032028,2484636
Iraq,1953,2497518,3555639,162974,1114010,1383508,1049278,2506361
Iraq,1954,2575330,3620132,164977,1173823,1401507,1075387,2544745
Iraq,1955,2628788,3704210,169659,1199987,1428801,1108976,2595234
Iraq,1956,2737887,3731224,177532,1277888,1459999,1126520,2604704
Iraq,1957,2802161,3804423,188813,1274884,1527277,1160116,2644307
Iraq,1958,2854426,3894900,201835,1232058,1622368,1199179,2695721
Iraq,1959,2924043,3976670,214798,1191590,1732453,1232759,2743911
Iraq,1960,3021822,4041018,226921,1183418,1838404,1256782,2784236
Iraq,1961,3104048,4127517,243787,1145188,1958860,1283811,2843706
Iraq,1962,3233367,4181938,258918,1176064,2057303,1296190,2885748
Iraq,1963,3389913,4225809,273192,1259730,2130183,1305320,2920489
Iraq,1964,3542295,4291678,288226,1360377,2181918,1328524,2963154
Iraq,1965,3677773,4393289,304731,1453511,2224262,1374458,3018831
Iraq,1966,3836580,4492216,322368,1573354,2263226,1430215,3062001
Iraq,1967,3979456,4626922,341026,1674846,2304610,1507513,3119409
Iraq,1968,4115622,4784766,360294,1759194,2356428,1599372,3185394
Iraq,1969,4261549,4944611,379416,1834886,2426663,1693906,3250705
Iraq,1970,4424274,5095638,398071,1908892,2515382,1784016,3311622
Iraq,1971,4616273,5223154,416476,1993927,2622346,1865978,3357176
Iraq,1972,4808796,5356085,434964,2048733,2760063,1950397,3405688
Iraq,1973,5005202,5492883,453081,2085314,2919888,2032414,3460469
Iraq,1974,5206245,5635731,470329,2118521,3087724,2106374,3529357
Iraq,1975,5410455,5787613,486521,2159886,3250569,2170088,3617525
Iraq,1976,5610169,5953891,504108,2188357,3421812,2227122,3726769
Iraq,1977,5819884,6121517,519513,2240398,3579486,2269791,3851726
Iraq,1978,6028936,6296848,533310,2308193,3720743,2310657,3986191
Iraq,1979,6222993,6488515,546291,2376715,3846278,2368652,4119863
Iraq,1980,6394988,6699616,558752,2435094,3959894,2454295,4245321
Iraq,1981,6584702,6886963,574875,2508663,4076039,2542063,4344900
Iraq,1982,6753980,7094017,590312,2566840,4187140,2659230,4434787
Iraq,1983,6906503,7314800,604486,2612987,4293516,2797519,4517281
Iraq,1984,7051167,7537972,616362,2655648,4395519,2941511,4596461
Iraq,1985,7193022,7757846,625527,2701007,4492015,3081547,4676299
Iraq,1986,7348445,7950662,637268,2754150,4594295,3199025,4751637
Iraq,1987,7504703,8139287,646159,2809354,4695349,3316116,4823171
Iraq,1988,7664580,8333966,653261,2868079,4796501,3435452,4898514
Iraq,1989,7831757,8548467,659966,2930533,4901224,3559976,4988491
Iraq,1990,8010816,8791017,667172,2998655,5012161,3691303,5099714
Iraq,1991,8174163,9091377,677175,3066480,5107683,3818483,5272894
Iraq,1992,8347430,9422787,687970,3130626,5216804,3944522,5478265
Iraq,1993,8532484,9779782,699651,3195338,5337146,4070310,5709472
Iraq,1994,8732133,10152893,712213,3267396,5464737,4196704,5956189
Iraq,1995,8947091,10535593,725703,3351659,5595432,4324115,6211478
Iraq,1996,9164307,10938370,743216,3436745,5727562,4451700,6486670
Iraq,1997,9399545,11348590,761156,3536367,5863178,4576410,6772180
Iraq,1998,9645071,11765685,779494,3644305,6000766,4698299,7067386
Iraq,1999,9888334,12191578,798244,3748467,6139867,4817949,7373629
Iraq,2000,10121478,12626474,817461,3840776,6280702,4935639,7690835
Iraq,2001,10381594,13033351,836704,3948641,6432953,5041305,7992046
Iraq,2002,10627072,13456753,855474,4030103,6596969,5150653,8306100
Iraq,2003,10864006,13889662,873958,4095050,6768956,5262681,8626981
Iraq,2004,11103403,14320831,892375,4161090,6942313,5374882,8945949
Iraq,2005,11351546,14745938,910942,4240880,7110666,5486730,9259208
Iraq,2006,11605998,15157671,934243,4318210,7287788,5591155,9566516
Iraq,2007,11878409,15554926,957098,4424195,7454214,5694233,9860693
Iraq,2008,12170229,15962530,978658,4554082,7616147,5805659,10156871
Iraq,2009,12483701,16413669,997282,4698756,7784945,5936882,10476787
Iraq,2010,12824528,16925788,1012385,4853528,7971000,6093441,10832347
Iraq,2011,13172353,17526891,1027809,5018159,8154194,6278114,11248777
Iraq,2012,13539477,18197296,1039798,5177189,8362288,6482349,11714947
Iraq,2013,13920402,18909496,1053247,5329052,8591350,6696074,12213422
Iraq,2014,14305851,19624851,1075378,5471755,8834096,6905727,12719124
Iraq,2015,14685020,20320504,1110125,5602883,9082137,7103339,13217165
Iraq,2016,15080527,20962705,1159340,5737581,9342946,7286714,13675991
Iraq,2017,15462459,21592856,1219303,5848744,9613715,7463567,14129289
Iraq,2018,15833484,22222564,1283705,5943505,9889979,7636634,14585930
Iraq,2019,16197559,22871466,1343274,6032025,10165534,7810856,15060610
Iraq,2020,16556955,23552635,1393295,6121993,10434962,7990211,15562424
Iraq,2021,16905949,24266945,1439316,6200596,10705353,8181485,16085460
Iraq,2022,17255576,25003317,1477312,6295492,10960084,8373071,16630246
Iraq,2023,17600350,25763571,1511485,6401584,11198766,8570602,17192969
Iraq,2024,17933535,26548878,1547432,6509987,11423548,8781836,17767042
Iraq,2025,18252869,27358017,1588767,6614143,11638726,9010577,18347440
Iraq,2026,18578590,28168608,1638288,6725095,11853495,9255714,18912894
Iraq,2027,18891337,29005633,1691103,6832254,12059083,9518713,19486920
Iraq,2028,19194843,29862032,1750735,6936357,12258486,9792659,20069373
Iraq,2029,19496291,30726086,1821760,7040878,12455413,10066130,20659956
Iraq,2030,19800126,31590492,1907048,7148438,12651688,10331488,21259004
Iraq,2031,20120542,32438736,2008931,7264589,12855953,10590123,21848613
Iraq,2032,20441844,33290851,2123106,7378640,13063204,10841869,22448982
Iraq,2033,20764578,34148487,2247414,7491727,13272851,11085480,23063007
Iraq,2034,21088170,35015637,2378446,7604470,13483700,11320230,23695407
Iraq,2035,21412186,35894303,2514495,7717689,13694497,11545781,24348522
Iraq,2036,21750327,36770101,2656013,7836598,13913729,11763956,25006145
Iraq,2037,22088756,37658582,2800794,7953274,14135482,11971314,25687268
Iraq,2038,22426743,38558714,2949812,8067966,14358777,12171430,26387284
Iraq,2039,22763113,39469407,3104342,8180789,14582324,12369741,27099666
Iraq,2040,23096868,40389854,3265262,8291978,14804890,12569816,27820038
Iraq,2041,23443971,41307077,3429011,8407713,15036258,12774845,28532232
Iraq,2042,23787249,42236812,3596472,8519630,15267619,12981742,29255070
Iraq,2043,24125795,43179068,3767636,8627922,15497873,13190771,29988297
Iraq,2044,24458601,44134475,3941884,8732722,15725879,13401505,30732970
Iraq,2045,24784789,45103070,4119191,8834234,15950555,13613649,31489421
Iraq,2046,25121457,46073158,4293414,8938855,16182602,13832270,32240888
Iraq,2047,25450111,47059051,4468190,9038591,16411520,14053005,33006046
Iraq,2048,25770359,48058593,4645534,9134112,16636247,14275651,33782942
Iraq,2049,26082079,49068907,4827994,9226359,16855720,14499482,34569425
Iraq,2050,26385052,50087700,5017607,9316028,17069024,14723785,35363915
Iraq,2051,26696367,51106041,5205824,9408214,17288153,14954377,36151664
Iraq,2052,26999216,52134706,5398124,9498517,17500699,15184715,36949991
Iraq,2053,27292501,53172897,5595592,9586381,17706120,15414477,37758420
Iraq,2054,27575026,54220400,5798721,9670661,17904365,15643101,38577299
Iraq,2055,27846302,55276310,6008223,9750683,18095619,15869941,39406369
Iraq,2056,28126879,56327829,6215672,9835006,18291873,16100307,40227522
Iraq,2057,28395436,57391192,6426034,9913248,18482188,16328299,41062893
Iraq,2058,28653447,58462836,6641975,9987096,18666351,16553279,41909557
Iraq,2059,28903696,59537764,6866655,10059591,18844105,16774056,42763708
Iraq,2060,29147998,60612474,7102313,10132939,19015059,16989703,43622771
Iraq,2061,29401710,61677133,7343363,10209897,19191813,17206937,44470196
Iraq,2062,29651673,62742338,7591656,10289886,19361787,17417961,45324377
Iraq,2063,29895870,63810227,7846120,10370723,19525147,17623217,46187010
Iraq,2064,30131041,64885256,8104348,10448402,19682639,17823315,47061941
Iraq,2065,30355520,65968546,8365849,10520326,19835194,18018342,47950204
Iraq,2066,30594632,67040404,8624333,10600088,19994544,18213259,48827145
Iraq,2067,30820700,68125011,8882966,10668331,20152369,18403532,49721479
Iraq,2068,31035941,69214817,9146758,10727761,20308180,18588716,50626101
Iraq,2069,31244004,70299839,9421800,10783225,20460779,18767926,51531913
Iraq,2070,31446422,71373751,9712539,10838196,20608226,18940755,52432996
Iraq,2071,31657559,72430428,10010196,10894385,20763174,19115990,53314438
Iraq,2072,31863904,73480173,10317209,10951370,20912534,19284587,54195586
Iraq,2073,32062744,74521381,10637006,11007711,21055033,19447845,55073536
Iraq,2074,32249724,75553584,10973381,11060037,21189687,19607535,55946049
Iraq,2075,32422447,76575422,11329135,11106087,21316360,19764526,56810896
Iraq,2076,32604610,77575328,11691449,11156396,21448214,19926394,57648934
Iraq,2077,32771932,78570124,12067168,11198677,21573255,20085531,58484593
Iraq,2078,32925351,79558694,12455788,11234114,21691237,20241638,59317056
Iraq,2079,33067210,80540275,12855058,11265305,21801905,20393857,60146418
Iraq,2080,33198629,81513812,13264242,11294061,21904568,20541472,60972340
Iraq,2081,33338594,82477098,13665895,11325263,22013331,20694685,61782413
Iraq,2082,33468737,83436980,14070891,11354707,22114030,20843192,62593788
Iraq,2083,33587844,84391252,14482092,11381797,22206047,20986455,63404797
Iraq,2084,33694056,85338149,14902608,11405046,22289010,21123539,64214610
Iraq,2085,33786437,86275329,15335164,11423512,22362925,21253562,65021767
Iraq,2086,33889284,87201163,15756567,11446673,22442611,21386606,65814557
Iraq,2087,33978819,88123391,16182219,11464223,22514596,21512422,66610969
Iraq,2088,34055325,89037571,16615589,11476584,22578741,21631006,67406565
Iraq,2089,34119600,89938794,17060022,11484636,22634964,21742318,68196476
Iraq,2090,34171953,90823038,17518578,11489051,22682902,21846191,68976847
Iraq,2091,34235578,91695461,17962346,11497702,22737876,21954080,69741381
Iraq,2092,34287966,92557375,18412079,11502286,22785680,22054604,70502771
Iraq,2093,34328874,93404997,18871400,11503108,22825766,22147561,71257436
Iraq,2094,34357894,94234697,19344005,11500377,22857517,22232520,72002177
Iraq,2095,34374867,95042731,19833439,11494460,22880407,22308980,72733751
Iraq,2096,34404257,95842633,20301327,11493173,22911084,22390145,73452488
Iraq,2097,34423462,96627770,20776501,11489461,22934001,22463112,74164658
Iraq,2098,34432689,97393425,21263055,11483924,22948765,22527950,74865475
Iraq,2099,34432033,98135149,21764899,11476790,22955243,22584783,75550366
Iraq,2100,34421100,98849290,22285611,11467544,22953556,22633599,76215691
Ireland,1950,833606,1759802,319685,309890,523716,425215,1334587
Ireland,1951,839781,1759541,321787,313063,526718,424413,1335128
Ireland,1952,843055,1757780,323219,310435,532620,424131,1333649
Ireland,1953,847459,1750713,323183,307360,540099,423168,1327545
Ireland,1954,852663,1738922,321460,304241,548422,421108,1317814
Ireland,1955,857013,1724524,318247,300563,556450,418424,1306100
Ireland,1956,858759,1705005,319082,293765,564994,413133,1291872
Ireland,1957,862083,1683799,318258,290044,572039,409193,1274606
Ireland,1958,865559,1663830,316666,288288,577271,408326,1255504
Ireland,1959,868829,1647143,315280,288067,580762,411819,1235324
Ireland,1960,872592,1634845,314673,289185,583407,420086,1214759
Ireland,1961,871849,1633254,314935,290287,581562,427486,1205768
Ireland,1962,873681,1635485,315782,293677,580004,436480,1199005
Ireland,1963,876899,1641251,316869,298053,578846,447108,1194143
Ireland,1964,880327,1649311,317702,301871,578456,458773,1190538
Ireland,1965,883426,1658521,318008,304486,578940,471102,1187419
Ireland,1966,886983,1665337,319751,310184,576799,480499,1184838
Ireland,1967,887787,1675423,321573,309249,578538,490652,1184771
Ireland,1968,888855,1688072,323257,305139,583716,501401,1186671
Ireland,1969,894621,1702105,324533,303022,591599,511681,1190424
Ireland,1970,907241,1717341,325416,306111,601130,520929,1196412
Ireland,1971,914208,1744660,327915,304525,609683,532034,1212626
Ireland,1972,930801,1770173,329421,313499,617302,538853,1231320
Ireland,1973,952536,1795964,330795,328917,623619,543474,1252490
Ireland,1974,972879,1825124,333172,344000,628879,548935,1276189
Ireland,1975,988494,1858666,336966,354506,633988,556985,1301681
Ireland,1976,1009769,1885685,342140,371156,638613,563919,1321766
Ireland,1977,1022469,1919977,348724,375874,646595,574557,1345420
Ireland,1978,1029578,1957955,355614,371952,657626,587596,1370359
Ireland,1979,1036258,1994167,361155,365598,670660,600322,1393845
Ireland,1980,1044634,2025852,364467,361253,683381,611037,1414815
Ireland,1981,1050516,2051750,370622,354733,695783,614669,1437081
Ireland,1982,1059577,2071367,374416,352034,707543,616022,1455345
Ireland,1983,1068525,2086716,376535,351563,716962,616682,1470034
Ireland,1984,1072084,2101495,378075,349148,722936,618366,1483129
Ireland,1985,1067641,2117750,379568,341956,725685,621790,1495960
Ireland,1986,1059333,2128424,383589,334492,724841,616998,1511426
Ireland,1987,1043936,2140396,387428,322208,721728,614117,1526279
Ireland,1988,1023272,2154926,390914,306778,716494,614822,1540104
Ireland,1989,1001663,2172100,393526,291785,709878,619780,1552320
Ireland,1990,982075,2192103,395079,279685,702390,628817,1563286
Ireland,1991,957344,2223041,395990,264895,692449,637174,1585867
Ireland,1992,936900,2255793,395901,255993,680907,647266,1608527
Ireland,1993,919203,2291032,395430,251917,667286,659157,1631875
Ireland,1994,902231,2329206,395362,250493,651738,671642,1657564
Ireland,1995,885472,2369978,396095,250132,635340,683376,1686602
Ireland,1996,867164,2416229,396456,251597,615567,689245,1726984
Ireland,1997,850952,2464052,397460,254297,596655,691961,1772091
Ireland,1998,837351,2513780,399439,257983,579368,692732,1821048
Ireland,1999,827611,2565376,402712,262836,564775,692492,1872884
Ireland,2000,822514,2618779,407483,269164,553350,691660,1927119
Ireland,2001,820254,2675864,413175,278568,541686,691934,1983930
Ireland,2002,820975,2734962,420351,285442,535533,687952,2047010
Ireland,2003,825488,2795210,428849,291011,534477,680090,2115120
Ireland,2004,834725,2855692,438332,297381,537344,668910,2186782
Ireland,2005,849023,2915386,448568,306555,542468,655252,2260134
Ireland,2006,867621,2974017,461732,318250,549371,649441,2324576
Ireland,2007,890619,3032112,475342,331518,559101,640656,2391456
Ireland,2008,916108,3084275,489206,345225,570883,628712,2455563
Ireland,2009,939810,3124931,503323,356317,583493,614308,2510623
Ireland,2010,958045,3151170,517713,362069,595976,598539,2552631
Ireland,2011,979120,3145551,537908,368406,610714,575497,2570054
Ireland,2012,994046,3126185,557886,368765,625281,555164,2571021
Ireland,2013,1004085,3099788,578094,364422,639663,539144,2560644
Ireland,2014,1012472,3074696,599179,358309,654163,528672,2546024
Ireland,2015,1021578,3056711,621818,352875,668703,524380,2532331
Ireland,2016,1025729,3058622,641727,344365,681364,530508,2528114
Ireland,2017,1030311,3068163,663183,337794,692517,540897,2527266
Ireland,2018,1034169,3083820,685759,332773,701396,554667,2529153
Ireland,2019,1035312,3103142,708685,328075,707237,570552,2532590
Ireland,2020,1032569,3123977,731446,322649,709920,587488,2536489
Ireland,2021,1025697,3148093,752049,315896,709801,607351,2540742
Ireland,2022,1016019,3174103,771952,310140,705879,627495,2546608
Ireland,2023,1003960,3200821,792067,305105,698855,647037,2553784
Ireland,2024,990560,3226459,813641,300758,689802,664964,2561495
Ireland,2025,976707,3249781,837388,297056,679651,680550,2569231
Ireland,2026,963915,3271338,861107,294596,669319,695458,2575880
Ireland,2027,950963,3290201,886733,292819,658144,707735,2582466
Ireland,2028,938480,3306837,913448,291769,646711,716877,2589960
Ireland,2029,927151,3322237,939959,291589,635562,722429,2599808
Ireland,2030,917483,3336852,965616,292415,625068,724182,2612670
Ireland,2031,911105,3351633,987905,294862,616243,724164,2627469
Ireland,2032,906553,3365817,1009017,297900,608653,720480,2645337
Ireland,2033,904007,3378011,1030215,301465,602542,713634,2664377
Ireland,2034,903374,3386375,1053465,305409,597965,704577,2681798
Ireland,2035,904525,3389785,1080028,309642,594883,694063,2695722
Ireland,2036,909136,3390250,1106219,314971,594165,684248,2706002
Ireland,2037,915119,3386871,1135001,319898,595221,673455,2713416
Ireland,2038,922422,3380159,1165805,324437,597985,662065,2718094
Ireland,2039,930761,3371228,1197623,328572,602189,650636,2720592
Ireland,2040,939754,3360935,1229872,332265,607489,639658,2721277
Ireland,2041,950285,3351665,1259188,335748,614537,631409,2720256
Ireland,2042,960919,3342137,1288235,338575,622344,624183,2717954
Ireland,2043,971401,3332453,1317007,340743,630658,618065,2714388
Ireland,2044,981302,3322673,1345729,342197,639105,613174,2709499
Ireland,2045,990162,3312887,1374620,342812,647350,609595,2703292
Ireland,2046,998458,3306368,1399859,342363,656095,609548,2696820
Ireland,2047,1005579,3300855,1424263,341674,663905,611074,2689781
Ireland,2048,1011267,3296944,1447360,340638,670629,613907,2683037
Ireland,2049,1015297,3295514,1468366,339128,676169,617721,2677793
Ireland,2050,1017501,3296991,1486907,336976,680525,622265,2674726
Ireland,2051,1018746,3304926,1498541,334032,684714,629656,2675270
Ireland,2052,1018473,3316148,1507017,331386,687087,637805,2678343
Ireland,2053,1016649,3329969,1513105,328887,687762,646198,2683771
Ireland,2054,1013400,3345414,1517737,326411,686989,654269,2691145
Ireland,2055,1008910,3361653,1521658,323832,685078,661606,2700047
Ireland,2056,1004596,3382359,1519818,321357,683239,670282,2712077
Ireland,2057,999528,3404197,1516535,319450,680078,678216,2725981
Ireland,2058,993903,3426224,1512681,317994,675909,685048,2741176
Ireland,2059,987948,3447045,1509583,316878,671070,690413,2756632
Ireland,2060,981837,3465353,1508522,315998,665839,694037,2771316
Ireland,2061,977512,3485111,1503664,315971,661541,698065,2787046
Ireland,2062,973419,3502888,1500095,316333,657086,700526,2802362
Ireland,2063,969643,3517835,1498668,316980,652663,701280,2816555
Ireland,2064,966279,3529381,1499967,317825,648454,700360,2829021
Ireland,2065,963402,3537180,1504372,318809,644593,697872,2839308
Ireland,2066,962918,3545116,1506164,320663,642255,695915,2849201
Ireland,2067,963014,3550362,1510061,322461,640553,692771,2857591
Ireland,2068,963785,3552676,1516309,324218,639567,688576,2864100
Ireland,2069,965135,3551633,1525544,325926,639209,683570,2868063
Ireland,2070,966836,3546709,1538607,327534,639302,677928,2868781
Ireland,2071,970204,3541769,1550360,329408,640796,673627,2868142
Ireland,2072,974036,3534681,1564176,331209,642827,669204,2865477
Ireland,2073,978106,3525535,1580232,332835,645271,664698,2860837
Ireland,2074,982048,3514835,1598430,334137,647911,660250,2854585
Ireland,2075,985527,3502871,1618833,334963,650564,655978,2846893
Ireland,2076,989835,3493806,1635993,335657,654178,653788,2840018
Ireland,2077,993815,3485231,1653440,336108,657707,652235,2832996
Ireland,2078,997295,3477073,1671388,336261,661034,651182,2825891
Ireland,2079,1000043,3469164,1690201,336041,664002,650474,2818690
Ireland,2080,1001777,3461146,1710434,335332,666445,649963,2811183
Ireland,2081,1003864,3458288,1725415,334359,669505,651628,2806660
Ireland,2082,1005261,3456884,1739835,333398,671863,653820,2803064
Ireland,2083,1005737,3456211,1754534,332331,673406,656211,2800000
Ireland,2084,1005146,3455621,1770184,331051,674095,658502,2797119
Ireland,2085,1003430,3454672,1787142,329460,673970,660496,2794176
Ireland,2086,1002501,3459940,1796875,327970,674531,664332,2795608
Ireland,2087,1000846,3465692,1806548,326696,674150,668025,2797667
Ireland,2088,998401,3471265,1816777,325520,672881,671297,2799968
Ireland,2089,995181,3475945,1828123,324331,670850,673894,2802051
Ireland,2090,991227,3479108,1841055,323031,668196,675633,2803475
Ireland,2091,988860,3487711,1846225,322307,666553,678690,2809021
Ireland,2092,986113,3495501,1851813,321749,664364,681059,2814442
Ireland,2093,983047,3501918,1858303,321294,661753,682572,2819346
Ireland,2094,979704,3506182,1866420,320877,658827,683072,2823110
Ireland,2095,976027,3507455,1877051,320403,655624,682424,2825031
Ireland,2096,974521,3513170,1880241,320706,653815,682853,2830317
Ireland,2097,973071,3517253,1884164,321057,652014,682490,2834763
Ireland,2098,971582,3519057,1889530,321361,650221,681246,2837811
Ireland,2099,969909,3517766,1897282,321547,648362,679078,2838688
Ireland,2100,967884,3512444,1908470,321589,646295,675914,2836530
Israel,1950,398210,810271,49490,175870,222340,219040,591231
Israel,1951,442102,858724,53271,200250,241852,227859,630865
Israel,1952,485107,908736,57647,219958,265149,238283,670453
Israel,1953,526808,956962,62468,235293,291515,249155,707807
Israel,1954,565648,1002552,67581,245325,320323,259620,742932
Israel,1955,600522,1045492,72944,250552,349970,269274,776218
Israel,1956,636384,1082170,77456,256429,379955,276039,806131
Israel,1957,669713,1117052,81816,258620,411093,282100,834952
Israel,1958,701276,1151842,86333,259121,442155,288762,863080
Israel,1959,731815,1188904,91431,260150,471665,297849,891055
Israel,1960,761994,1230447,97448,263022,498972,310655,919792
Israel,1961,790744,1278983,104540,262676,528068,326311,952672
Israel,1962,821520,1330300,112489,269455,552065,345597,984703
Israel,1963,850901,1383832,121199,280661,570240,368677,1015155
Israel,1964,874633,1438193,130472,291763,582870,395234,1042959
Israel,1965,890547,1491835,140148,299277,591270,424502,1067333
Israel,1966,903795,1539470,148329,310188,593607,453844,1085626
Israel,1967,909866,1586346,156485,316289,593577,484687,1101659
Israel,1968,912960,1633331,165009,319555,593405,515403,1117928
Israel,1969,919852,1680922,174388,324552,595300,543460,1137462
Israel,1970,934912,1729722,184988,334854,600058,567357,1162365
Israel,1971,956874,1782494,197300,346978,609896,587751,1194743
Israel,1972,987101,1836189,210632,364751,622350,604395,1231794
Israel,1973,1022489,1889636,224908,386010,636479,617628,1272008
Israel,1974,1057443,1942049,240071,406129,651314,628347,1313702
Israel,1975,1088354,1992448,255958,421774,666580,636926,1355522
Israel,1976,1125272,2032407,269985,441378,683894,638206,1394201
Israel,1977,1157053,2071730,284746,452348,704705,637613,1434117
Israel,1978,1184946,2110128,299414,456610,728336,636312,1473816
Israel,1979,1211303,2147249,312730,457762,753541,635518,1511731
Israel,1980,1236964,2183606,324097,458377,778587,636203,1547403
Israel,1981,1260108,2223324,331800,455865,804243,640814,1582510
Israel,1982,1283377,2262982,337108,454905,828472,646470,1616512
Israel,1983,1305601,2303369,341153,455389,850212,653856,1649513
Israel,1984,1325059,2345506,345565,456521,868538,663717,1681789
Israel,1985,1341388,2390108,351291,457796,883592,676455,1713653
Israel,1986,1352023,2438140,358783,456833,895190,691972,1746168
Israel,1987,1361461,2487566,367152,459297,902164,709745,1777821
Israel,1988,1371771,2543070,376735,464765,907006,730630,1812440
Israel,1989,1386029,2610520,387806,472759,913270,755614,1854906
Israel,1990,1406496,2693343,400636,482997,923499,785160,1908183
Israel,1991,1431990,2791866,419342,493969,938021,814440,1977426
Israel,1992,1460569,2906724,441565,502621,957948,848399,2058325
Israel,1993,1490429,3030844,466457,509906,980523,884172,2146672
Israel,1994,1519715,3153510,492847,517905,1001810,917542,2235968
Israel,1995,1546862,3266943,519914,528464,1018398,945913,2321030
Israel,1996,1576974,3373462,537641,543855,1033119,974268,2399194
Israel,1997,1606874,3470180,554490,562111,1044763,997228,2472952
Israel,1998,1636295,3558353,570562,581879,1054416,1015285,2543068
Israel,1999,1663934,3641573,586263,599982,1063952,1029805,2611768
Israel,2000,1689174,3722457,602110,614190,1074984,1041749,2680708
Israel,2001,1719818,3795968,613744,631771,1088047,1051005,2744963
Israel,2002,1746378,3867820,625087,642421,1103957,1057558,2810262
Israel,2003,1772240,3940695,636584,648814,1123426,1062621,2878074
Israel,2004,1802373,4017911,648543,655717,1146656,1067698,2950213
Israel,2005,1839470,4102040,661460,666445,1173025,1073977,3028063
Israel,2006,1869549,4206233,679429,672283,1197266,1082002,3124231
Israel,2007,1907570,4316497,698618,685311,1222259,1090908,3225589
Israel,2008,1949547,4427739,720124,703209,1246338,1100520,3327219
Israel,2009,1989811,4532533,745551,722161,1267650,1110437,3422096
Israel,2010,2025303,4624848,775808,739471,1285832,1119963,3504885
Israel,2011,2075843,4695732,797199,762738,1313105,1133845,3561887
Israel,2012,2122690,4755475,820940,784565,1338125,1147862,3607613
Israel,2013,2166354,4807698,847053,803920,1362434,1162310,3645388
Israel,2014,2207635,4858489,875205,819409,1388226,1177860,3680629
Israel,2015,2246719,4912687,905141,830071,1416648,1195228,3717459
Israel,2016,2285979,4966252,939597,841155,1444824,1214372,3751880
Israel,2017,2318579,5026597,976394,841581,1476998,1236355,3790242
Israel,2018,2346695,5092010,1014136,834991,1511704,1259972,3832038
Israel,2019,2373264,5159822,1050830,827157,1546107,1283488,3876334
Israel,2020,2399315,5228764,1085480,822045,1577270,1305949,3922815
Israel,2021,2416294,5307611,1117831,809594,1606700,1331367,3976244
Israel,2022,2436690,5385590,1146826,807746,1628944,1354700,4030890
Israel,2023,2457025,5464760,1174098,813243,1643782,1377448,4087312
Israel,2024,2472344,5548109,1201964,820139,1652205,1402125,4145984
Israel,2025,2480765,5636444,1231745,824211,1656554,1429921,4206523
Israel,2026,2490042,5726634,1258879,831509,1658533,1461553,4265081
Israel,2027,2492753,5822153,1287292,835478,1657275,1496047,4326106
Israel,2028,2491478,5920546,1316990,836943,1654535,1531159,4389387
Israel,2029,2490829,6017684,1347616,838660,1652169,1563404,4454280
Israel,2030,2493368,6111030,1379247,842523,1650845,1590577,4520453
Israel,2031,2500444,6204206,1406955,848377,1652067,1615837,4588369
Israel,2032,2510303,6294470,1435270,855225,1655078,1636620,4657850
Israel,2033,2522737,6381029,1465168,863069,1659668,1652542,4728487
Israel,2034,2536414,6463762,1498091,871170,1665244,1663588,4800174
Israel,2035,2550534,6542504,1534962,879101,1671433,1669938,4872566
Israel,2036,2568614,6620594,1568889,888319,1680295,1674412,4946182
Israel,2037,2587336,6695224,1605979,897032,1690304,1674203,5021021
Israel,2038,2606666,6766514,1646123,905235,1701431,1670894,5095620
Israel,2039,2626607,6835031,1688693,913076,1713531,1667039,5167992
Israel,2040,2647002,6901286,1733266,920616,1726386,1664417,5236869
Israel,2041,2669844,6968983,1774111,928364,1741480,1665800,5303183
Israel,2042,2692789,7035588,1815979,935721,1757068,1668976,5366612
Israel,2043,2715529,7101530,1858577,942539,1772990,1673682,5427848
Israel,2044,2737372,7167215,1902000,948444,1788928,1679235,5487980
Israel,2045,2757605,7232530,1946878,953086,1804519,1685159,5547371
Israel,2046,2778463,7301348,1986995,957238,1821225,1694460,5606888
Israel,2047,2797519,7371623,2026737,960265,1837254,1704911,5666712
Israel,2048,2814573,7442697,2066819,962220,1852353,1716211,5726486
Israel,2049,2829453,7513718,2108098,963245,1866208,1728062,5785656
Israel,2050,2841902,7583984,2151411,963352,1878550,1740216,5843768
Israel,2051,2853980,7659729,2188377,962607,1891373,1755768,5903961
Israel,2052,2864095,7735823,2225647,962008,1902087,1771755,5964068
Israel,2053,2871841,7811731,2264063,961279,1910562,1787702,6024029
Israel,2054,2876913,7887254,2304053,960068,1916845,1803176,6084078
Israel,2055,2879254,7962155,2345872,958090,1921164,1817876,6144279
Israel,2056,2882190,8043194,2379366,956261,1925929,1834937,6208257
Israel,2057,2882969,8124359,2413296,954465,1928504,1851250,6273109
Israel,2058,2881800,8204420,2448709,952637,1929163,1866381,6338039
Israel,2059,2879037,8281477,2487177,950810,1928227,1879832,6401645
Israel,2060,2874905,8353975,2530098,948952,1925953,1891212,6462763
Israel,2061,2872931,8429712,2566134,948025,1924906,1903823,6525889
Israel,2062,2870260,8501773,2605075,947557,1922703,1914555,6587218
Israel,2063,2866952,8569874,2647277,947396,1919556,1923132,6646742
Israel,2064,2863078,8634151,2692675,947385,1915693,1929365,6704786
Israel,2065,2858737,8694448,2741464,947412,1911325,1933161,6761287
Israel,2066,2857881,8758516,2781969,948869,1909012,1937812,6820704
Israel,2067,2857087,8819872,2824109,950389,1906698,1940476,6879396
Israel,2068,2856399,8877664,2868697,951876,1904523,1941192,6936472
Israel,2069,2855661,8930619,2917142,953179,1902482,1940109,6990510
Israel,2070,2854568,8977373,2971097,954145,1900423,1937292,7040081
Israel,2071,2857153,9027064,3017366,956278,1900875,1936153,7090911
Israel,2072,2859696,9073434,3065966,957861,1901835,1934025,7139409
Israel,2073,2862037,9114979,3118570,958912,1903125,1930899,7184080
Israel,2074,2863903,9149915,3177280,959478,1904425,1926870,7223045
Israel,2075,2864918,9177001,3243711,959538,1905380,1922015,7254986
Israel,2076,2868747,9207535,3302893,960070,1908677,1920013,7287522
Israel,2077,2872255,9232873,3366536,960473,1911782,1917908,7314965
Israel,2078,2874967,9253754,3434298,960539,1914428,1915619,7338135
Israel,2079,2876275,9271869,3504955,959947,1916328,1913143,7358726
Israel,2080,2875697,9288066,3578025,958426,1917271,1910453,7377613
Israel,2081,2877477,9314396,3637158,957334,1920143,1911247,7403149
Israel,2082,2877872,9341374,3695544,955732,1922140,1912428,7428946
Israel,2083,2876658,9367717,3754555,953555,1923103,1913659,7454058
Israel,2084,2873682,9391552,3816089,950801,1922881,1914541,7477011
Israel,2085,2868709,9411345,3881815,947397,1921312,1914744,7496601
Israel,2086,2866023,9441316,3933140,944458,1921565,1918174,7523142
Israel,2087,2862093,9469855,3985175,941559,1920534,1921397,7548458
Israel,2088,2856624,9495791,4039365,938531,1918093,1924003,7571788
Israel,2089,2849398,9518095,4096964,935191,1914207,1925613,7592482
Israel,2090,2840299,9535875,4158989,931378,1908921,1925943,7609932
Israel,2091,2834136,9563749,4205966,928539,1905597,1928893,7634856
Israel,2092,2826980,9589284,4254224,925815,1901165,1930989,7658295
Israel,2093,2818771,9611484,4304755,923085,1895686,1931960,7679524
Israel,2094,2809402,9628932,4359021,920205,1889197,1931500,7697432
Israel,2095,2798599,9639958,4418922,916961,1881638,1929288,7710670
Israel,2096,2791780,9660723,4462852,915175,1876605,1929432,7731291
Israel,2097,2784536,9678280,4508149,913384,1871152,1928499,7749781
Israel,2098,2776576,9691116,4556623,911402,1865174,1926176,7764940
Israel,2099,2767633,9697579,4610204,909127,1858506,1922162,7775417
Israel,2100,2757581,9696144,4670578,906614,1850967,1916221,7779923
Italy,1950,12440048,30388224,3770329,4391298,8048750,8047222,22341002
Italy,1951,12434468,30714800,3872632,4451433,7983035,8028398,22686402
Italy,1952,12307016,31121197,3983730,4332111,7974905,8050514,23070683
Italy,1953,12204922,31473640,4087416,4201181,8003741,8069365,23404275
Italy,1954,12171573,31734319,4178920,4106085,8065488,8056152,23678167
Italy,1955,12189324,31922308,4261210,4051206,8138118,8005685,23916623
Italy,1956,12142048,32126252,4369997,3902902,8239146,7950100,24176152
Italy,1957,12205471,32226353,4461145,3888612,8316859,7859781,24366572
Italy,1958,12314446,32292229,4544795,3952731,8361715,7763853,24528376
Italy,1959,12409442,32390010,4630494,4043896,8365546,7693966,24696044
Italy,1960,12472509,32546880,4722807,4128173,8344336,7665410,24881470
Italy,1961,12532986,32740483,4822128,4253875,8279111,7659835,25080648
Italy,1962,12569655,32992086,4925752,4363408,8206247,7678473,25313613
Italy,1963,12596528,33273790,5033342,4451130,8145398,7714658,25559132
Italy,1964,12642640,33537522,5142483,4523194,8119446,7755690,25781832
Italy,1965,12716966,33758368,5253330,4580503,8136463,7794766,25963602
Italy,1966,12824269,33910867,5380854,4645170,8179099,7825454,26085413
Italy,1967,12922523,34054296,5511667,4650846,8271677,7869342,26184954
Italy,1968,13017553,34185349,5648301,4616249,8401304,7916796,26268553
Italy,1969,13114089,34305845,5792886,4568575,8545514,7951451,26354394
Italy,1970,13211849,34420615,5946219,4529401,8682448,7964710,26455905
Italy,1971,13268645,34576647,6104638,4454353,8814292,7985004,26591643
Italy,1972,13339364,34726427,6255225,4415632,8923732,7970458,26755969
Italy,1973,13400210,34878821,6403596,4396306,9003904,7944019,26934802
Italy,1974,13414604,35048873,6558741,4361845,9052759,7942347,27106526
Italy,1975,13361447,35244578,6724669,4286607,9074840,7987410,27257168
Italy,1976,13286153,35409058,6909076,4206747,9079406,8067252,27341806
Italy,1977,13129295,35607573,7108200,4072556,9056739,8192880,27414693
Italy,1978,12907410,35850919,7298696,3900255,9007155,8350525,27500394
Italy,1979,12654969,36149490,7442341,3724268,8930701,8513903,27635587
Italy,1980,12393258,36506577,7519443,3570350,8822908,8665285,27841292
Italy,1981,12103051,36912690,7560763,3406490,8696561,8815846,28096844
Italy,1982,11818107,37367327,7531642,3282846,8535261,8947706,28419621
Italy,1983,11530812,37834765,7473098,3191689,8339123,9056570,28778195
Italy,1984,11226683,38265957,7445055,3114643,8112040,9138398,29127559
Italy,1985,10903169,38627753,7481430,3040292,7862877,9189263,29438490
Italy,1986,10598689,38837158,7625934,2997063,7601626,9199862,29637296
Italy,1987,10282484,38984506,7822461,2949217,7333267,9178495,29806011
Italy,1988,9967324,39085303,8050501,2899351,7067973,9125429,29959874
Italy,1989,9671997,39163389,8277773,2855063,6816934,9040982,30122407
Italy,1990,9407593,39233128,8486399,2822305,6585288,8925405,30307723
Italy,1991,9198496,39249030,8704990,2813907,6384589,8767073,30481957
Italy,1992,9014670,39262241,8911976,2797112,6217558,8581968,30680273
Italy,1993,8855642,39262387,9108618,2776012,6079630,8372731,30889656
Italy,1994,8714697,39238710,9297960,2752734,5961963,8143550,31095160
Italy,1995,8586403,39186318,9482472,2730002,5856401,7899248,31287070
Italy,1996,8481051,39084352,9664267,2710778,5770273,7642182,31442170
Italy,1997,8383384,38967144,9834373,2683640,5699744,7376777,31590367
Italy,1998,8299388,38850176,10003990,2655666,5643722,7117115,31733061
Italy,1999,8238497,38753041,10188451,2637477,5601020,6880694,31872347
Italy,2000,8207569,38688555,10397597,2637137,5570432,6677672,32010883
Italy,2001,8185245,38714747,10606375,2629231,5556014,6520708,32194039
Italy,2002,8195905,38769645,10836213,2648459,5547446,6386872,32382773
Italy,2003,8227163,38846251,11073623,2686327,5540836,6273631,32572620
Italy,2004,8261343,38936489,11296872,2727420,5533923,6174868,32761621
Italy,2005,8286784,39028523,11493176,2758748,5528036,6086395,32942128
Italy,2006,8330470,39079039,11670360,2798532,5531938,6034089,33044950
Italy,2007,8360832,39138984,11813695,2823246,5537586,5995378,33143606
Italy,2008,8377376,39185012,11939997,2831324,5546052,5963727,33221285
Italy,2009,8380657,39184200,12076996,2823340,5557317,5931023,33253177
Italy,2010,8368592,39117703,12243512,2800710,5567882,5893076,33224627
Italy,2011,8362111,38963773,12434045,2781993,5580118,5853217,33110556
Italy,2012,8329466,38756649,12647719,2734975,5594491,5812326,32944323
Italy,2013,8278842,38512793,12876365,2670898,5607944,5770848,32741945
Italy,2014,8222620,38262853,13100195,2606606,5616014,5731576,32531277
Italy,2015,8167971,38029391,13306850,2553684,5614287,5697085,32332306
Italy,2016,8087334,37846470,13496134,2481626,5605708,5686841,32159629
Italy,2017,8023990,37670523,13665387,2447617,5576373,5676202,31994321
Italy,2018,7966701,37501784,13822484,2439718,5526983,5666964,31834820
Italy,2019,7898403,37334612,13983510,2437231,5461172,5662240,31672372
Italy,2020,7811893,37158391,14161789,2425430,5386463,5662617,31495774
Italy,2021,7740188,36967614,14330091,2428829,5311359,5680708,31286906
Italy,2022,7648479,36783004,14505990,2416478,5232001,5704783,31078221
Italy,2023,7547295,36587428,14698313,2393140,5154155,5726707,30860721
Italy,2024,7454124,36357934,14915452,2370795,5083329,5735409,30622525
Italy,2025,7377983,36082119,15162930,2357653,5020330,5724390,30357729
Italy,2026,7318429,35791569,15410457,2347785,4970644,5717412,30074157
Italy,2027,7274579,35464897,15679744,2345700,4928879,5692343,29772554
Italy,2028,7244188,35106601,15967405,2350328,4893860,5649606,29456995
Italy,2029,7219589,34728530,16267438,2356855,4862734,5592509,29136021
Italy,2030,7196160,34337501,16576257,2361882,4834278,5523949,28813552
Italy,2031,7185637,33953630,16861636,2369080,4816557,5463724,28489906
Italy,2032,7177771,33567340,17143663,2376656,4801115,5393460,28173880
Italy,2033,7172805,33177356,17423385,2383863,4788942,5316930,27860426
Italy,2034,7171151,32779794,17704455,2390612,4780539,5240419,27539375
Italy,2035,7171922,32371756,17990682,2396250,4775672,5168215,27203541
Italy,2036,7184505,31988825,18236898,2402448,4782057,5122141,26866684
Italy,2037,7198255,31609172,18475093,2408728,4789527,5083991,26525181
Italy,2038,7211796,31235416,18703494,2414096,4797700,5050428,26184988
Italy,2039,7223388,30876175,18914546,2417322,4806066,5017422,25858753
Italy,2040,7231678,30538136,19102360,2417253,4814425,4982957,25555179
Italy,2041,7246821,30257058,19220714,2415662,4831159,4969737,25287321
Italy,2042,7258348,30006182,19306623,2413413,4844935,4958142,25048040
Italy,2043,7266192,29782673,19362553,2409995,4856197,4947205,24835468
Italy,2044,7269304,29578829,19396813,2404576,4864728,4936392,24642437
Italy,2045,7265791,29385548,19420055,2395862,4869929,4924910,24460638
Italy,2046,7266679,29246595,19377488,2385135,4881544,4935375,24311220
Italy,2047,7262610,29129210,19311150,2375442,4887168,4946939,24182271
Italy,2048,7252476,29023053,19232157,2365702,4886774,4956817,24066236
Italy,2049,7235581,28917984,19150905,2354912,4880669,4962905,23955079
Italy,2050,7211675,28807234,19074285,2342012,4869663,4964088,23843146
Italy,2051,7194767,28740464,18938834,2329254,4865513,4983536,23756928
Italy,2052,7173810,28676029,18797842,2319196,4854614,5000225,23675804
Italy,2053,7148785,28609132,18656853,2310700,4838085,5011996,23597136
Italy,2054,7119645,28534676,18521994,2302525,4817120,5017142,23517534
Italy,2055,7086183,28446966,18400173,2293381,4792802,5014451,23432515
Italy,2056,7063224,28390268,18233012,2286892,4776332,5025729,23364539
Italy,2057,7039312,28331030,18066408,2282745,4756567,5032153,23298877
Italy,2058,7014808,28266443,17904310,2280046,4734762,5032030,23234413
Italy,2059,6989449,28192718,17752479,2277754,4711695,5023971,23168747
Italy,2060,6962201,28103464,17619917,2274648,4687553,5006838,23096626
Italy,2061,6947960,28042392,17448959,2274915,4673045,5001778,23040614
Italy,2062,6935304,27982486,17278967,2276493,4658811,4991872,22990614
Italy,2063,6923463,27915261,17120613,2278475,4644988,4975666,22939595
Italy,2064,6911214,27832104,16985271,2279884,4631330,4952640,22879464
Italy,2065,6897095,27725949,16882739,2279687,4617408,4922657,22803292
Italy,2066,6895192,27642951,16753536,2281654,4613538,4906319,22736632
Italy,2067,6894602,27556523,16635645,2284176,4610426,4887596,22668927
Italy,2068,6894387,27461107,16536212,2286506,4607881,4865569,22595538
Italy,2069,6892724,27350107,16464146,2287660,4605064,4839860,22510247
Italy,2070,6887348,27216842,16428728,2286441,4600907,4810093,22406749
Italy,2071,6892248,27111899,16365576,2286138,4606110,4796772,22315127
Italy,2072,6896883,27002859,16317586,2286561,4610322,4783847,22219012
Italy,2073,6899245,26886691,16289481,2286498,4612747,4769452,22117239
Italy,2074,6897394,26764654,16281376,2284706,4612688,4752496,22012158
Italy,2075,6889934,26637705,16293101,2280058,4609876,4732573,21905132
Italy,2076,6892544,26561332,16253217,2276514,4616030,4730280,21831052
Italy,2077,6892279,26494091,16215580,2273242,4619037,4728439,21765652
Italy,2078,6887976,26428511,16187656,2269299,4618677,4725127,21703384
Italy,2079,6878544,26356169,16177535,2263743,4614801,4718830,21637339
Italy,2080,6863016,26270907,16191114,2255602,4607414,4708635,21562272
Italy,2081,6857322,26229831,16154679,2248920,4608402,4714429,21515402
Italy,2082,6848040,26187726,16126382,2242625,4605415,4719024,21468702
Italy,2083,6834677,26140556,16109997,2236062,4598615,4720738,21419818
Italy,2084,6816647,26084098,16109559,2228583,4588064,4718138,21365960
Italy,2085,6793089,26013473,16130165,2219355,4573734,4710126,21303347
Italy,2086,6780276,25986647,16097016,2212368,4567908,4716217,21270430
Italy,2087,6765326,25956867,16069374,2206859,4558467,4719632,21237235
Italy,2088,6747512,25919285,16052554,2201868,4545644,4718869,21200416
Italy,2089,6725772,25868273,16053104,2196214,4529558,4712714,21155559
Italy,2090,6698919,25797677,16078230,2188724,4510195,4700164,21097513
Italy,2091,6685621,25770112,16046477,2185001,4500620,4700870,21069242
Italy,2092,6670704,25737102,16021301,2181711,4488993,4698509,21038593
Italy,2093,6653381,25692451,16009497,2178136,4475245,4691464,21000987
Italy,2094,6632845,25630169,16017734,2173667,4459178,4678559,20951610
Italy,2095,6608117,25544847,16052337,2167638,4440479,4659000,20885847
Italy,2096,6598043,25503815,16027151,2165431,4432612,4652618,20851197
Italy,2097,6587333,25455007,16009659,2163805,4423528,4643199,20811808
Italy,2098,6575079,25394024,16005390,2162042,4413037,4629696,20764328
Italy,2099,6559897,25316586,16020316,2159184,4400713,4611493,20705093
Italy,2100,6540075,25217491,16061758,2154153,4385922,4587973,20629518
Jamaica,1950,505502,843301,54096,188701,316801,263299,580002
Jamaica,1951,518426,862362,56156,194254,324172,268598,593764
Jamaica,1952,531490,878484,58044,200567,330923,273166,605318
Jamaica,1953,544369,891383,59918,207784,336585,276937,614446
Jamaica,1954,556989,900987,61810,215909,341080,279802,621185
Jamaica,1955,569536,907506,63581,224640,344896,281716,625790
Jamaica,1956,587332,905645,65842,236126,351206,279958,625687
Jamaica,1957,606801,901046,67512,247757,359044,277261,623785
Jamaica,1958,627884,894995,68635,259139,368745,274355,620640
Jamaica,1959,650624,888618,69481,269981,380643,272116,616502
Jamaica,1960,675001,882925,70326,280035,394966,271344,611581
Jamaica,1961,691969,884255,74582,287325,404644,271485,612770
Jamaica,1962,708939,887868,79443,294772,414167,274867,613001
Jamaica,1963,725054,893787,84554,301772,423282,281567,612220
Jamaica,1964,740135,900599,89752,307676,432459,290365,610234
Jamaica,1965,754775,906359,95132,312083,442692,299476,606883
Jamaica,1966,776719,906555,96990,315655,461064,298274,608281
Jamaica,1967,799902,904321,98841,317353,482549,295559,608762
Jamaica,1968,823203,901662,100768,317701,505502,293007,608655
Jamaica,1969,845389,901144,102881,317260,528129,292881,608263
Jamaica,1970,865613,904498,105270,316291,549322,296987,607511
Jamaica,1971,877575,918553,107888,312092,565483,307036,611517
Jamaica,1972,887476,936662,110690,308169,579307,320464,616198
Jamaica,1973,894695,958478,113527,304297,590398,337343,621135
Jamaica,1974,898959,982903,116172,300324,598635,357262,625641
Jamaica,1975,900401,1008857,118479,296366,604035,379637,629220
Jamaica,1976,888214,1042764,124107,291934,596280,402230,640534
Jamaica,1977,876540,1074440,129558,288121,588419,421031,653409
Jamaica,1978,866987,1103683,134994,285436,581551,434956,668727
Jamaica,1979,861089,1131077,140524,284565,576524,443788,687289
Jamaica,1980,859156,1157776,146113,285503,573653,448735,709041
Jamaica,1981,859666,1187452,150465,285277,574389,462771,724681
Jamaica,1982,862557,1218223,154547,289241,573316,476456,741767
Jamaica,1983,865795,1249516,158355,295278,570517,489486,760030
Jamaica,1984,866632,1280456,161859,300308,566324,501440,779016
Jamaica,1985,863566,1310083,164989,302483,561083,511910,798173
Jamaica,1986,862280,1331824,167616,309186,553094,512274,819550
Jamaica,1987,856835,1352067,170377,308521,548314,511168,840899
Jamaica,1988,849655,1370523,173356,302923,546732,508738,861785
Jamaica,1989,844409,1386724,176587,296683,547726,504988,881736
Jamaica,1990,843006,1401107,180129,293203,549803,500441,900666
Jamaica,1991,840395,1420902,182392,288856,551539,498445,922457
Jamaica,1992,841261,1439561,184540,287545,553716,495502,944059
Jamaica,1993,844374,1457858,186550,288711,555663,492506,965352
Jamaica,1994,847424,1477164,188461,290480,556944,490531,986633
Jamaica,1995,849226,1497898,190316,291551,557675,490006,1007892
Jamaica,1996,850620,1517765,193608,293447,557173,486234,1031531
Jamaica,1997,851940,1537742,197145,294212,557728,482794,1054948
Jamaica,1998,852974,1557375,201018,293687,559287,479998,1077377
Jamaica,1999,853643,1576107,205132,291936,561707,478137,1097970
Jamaica,2000,853531,1593986,209347,289019,564512,477638,1116348
Jamaica,2001,851071,1614366,211574,285733,565338,479534,1134832
Jamaica,2002,846340,1635322,213784,279722,566618,482922,1152400
Jamaica,2003,839937,1656474,216100,272086,567851,487225,1169249
Jamaica,2004,832866,1677241,218670,264375,568491,491774,1185467
Jamaica,2005,825557,1697500,221616,257493,568064,496422,1201078
Jamaica,2006,813538,1721958,224783,247686,565852,504967,1216991
Jamaica,2007,802318,1745339,227810,241847,560471,512497,1232842
Jamaica,2008,790453,1768851,230818,238482,551971,519199,1249652
Jamaica,2009,776231,1793699,234152,235198,541033,525637,1268062
Jamaica,2010,759271,1819755,238184,230567,528704,532115,1287640
Jamaica,2011,744369,1842284,242840,228450,515919,536703,1305581
Jamaica,2012,725995,1866693,248304,222664,503331,541508,1325185
Jamaica,2013,706012,1891455,254340,214996,491016,545492,1345963
Jamaica,2014,687828,1913620,260639,208845,478983,547152,1366468
Jamaica,2015,673580,1931173,267181,206591,466989,545726,1385447
Jamaica,2016,661910,1945801,273644,205040,456870,538466,1407335
Jamaica,2017,656877,1953529,279893,209286,447591,528042,1425487
Jamaica,2018,656145,1956259,286273,217087,439058,515541,1440718
Jamaica,2019,655552,1957459,293328,224135,431417,502569,1454890
Jamaica,2020,652760,1959019,301381,227617,425143,490172,1468847
Jamaica,2021,653536,1956311,309281,234599,418937,475445,1480866
Jamaica,2022,649574,1956321,318331,232940,416634,461626,1494695
Jamaica,2023,643226,1956919,328300,225335,417891,448691,1508228
Jamaica,2024,638302,1954723,338759,216607,421695,436446,1518277
Jamaica,2025,636307,1948381,349535,210158,426149,425119,1523262
Jamaica,2026,630110,1944683,360957,200359,429751,414639,1530044
Jamaica,2027,628007,1936070,372267,195270,432737,404615,1531455
Jamaica,2028,627652,1924747,383600,193565,434087,395835,1528912
Jamaica,2029,625348,1914187,395230,192223,433125,389301,1524886
Jamaica,2030,619331,1906041,407257,189214,430117,385541,1520500
Jamaica,2031,611513,1899822,418290,187165,424348,382913,1516909
Jamaica,2032,600564,1895742,429416,183481,417083,382458,1513284
Jamaica,2033,587341,1892866,440668,178455,408886,383791,1509075
Jamaica,2034,573865,1889210,451934,173316,400549,386113,1503097
Jamaica,2035,561222,1883669,463173,168944,392278,388909,1494760
Jamaica,2036,548615,1878137,473296,165561,383054,390938,1487199
Jamaica,2037,536659,1871016,483310,162053,374606,393136,1477880
Jamaica,2038,525385,1862435,493141,158650,366735,394863,1467572
Jamaica,2039,514481,1852892,502688,155383,359098,395189,1457703
Jamaica,2040,503774,1842671,511936,152401,351373,393621,1449050
Jamaica,2041,493066,1833181,519707,150239,342827,388928,1444253
Jamaica,2042,483040,1822728,527035,148029,335011,381810,1440918
Jamaica,2043,473646,1811025,534246,145823,327823,373134,1437891
Jamaica,2044,464816,1797678,541843,143693,321123,364235,1433443
Jamaica,2045,456458,1782429,550175,141757,314701,356044,1426385
Jamaica,2046,448394,1766770,557943,140710,307684,347182,1419588
Jamaica,2047,440900,1749440,566188,139246,301654,338650,1410790
Jamaica,2048,433955,1730387,575023,137506,296449,330539,1399848
Jamaica,2049,427556,1709604,584542,135683,291873,322765,1386839
Jamaica,2050,421597,1687165,594829,133979,287618,315378,1371787
Jamaica,2051,415586,1664891,604584,132845,282741,307488,1357403
Jamaica,2052,410036,1641250,614820,131311,278725,299845,1341405
Jamaica,2053,404854,1616402,625463,129494,275360,292633,1323769
Jamaica,2054,399884,1590554,636429,127509,272375,286006,1304548
Jamaica,2055,394945,1563865,647709,125484,269461,280125,1283740
Jamaica,2056,389496,1538237,657959,123795,265701,274048,1264189
Jamaica,2057,384166,1512230,668000,121729,262437,268394,1243836
Jamaica,2058,378851,1485767,677984,119380,259471,263273,1222494
Jamaica,2059,373460,1458728,688102,116867,256593,258755,1199973
Jamaica,2060,367873,1431115,698463,114320,253553,254936,1176179
Jamaica,2061,361593,1405081,707400,112057,249536,250960,1154121
Jamaica,2062,355268,1378750,716162,109525,245743,247325,1131425
Jamaica,2063,348859,1352585,724370,106829,242030,244069,1108516
Jamaica,2064,342370,1327275,731350,104111,238259,241162,1086113
Jamaica,2065,335785,1303238,736753,101529,234256,238633,1064605
Jamaica,2066,328682,1282689,738794,99356,229326,235725,1046964
Jamaica,2067,321748,1263545,738904,97165,224583,232830,1030715
Jamaica,2068,314928,1245292,737650,94987,219941,229997,1015295
Jamaica,2069,308193,1227144,735889,92855,215338,227225,999919
Jamaica,2070,301506,1208567,734198,90846,210660,224560,984007
Jamaica,2071,294819,1191880,730344,89502,205317,221333,970547
Jamaica,2072,288330,1174865,726358,87908,200422,217908,956957
Jamaica,2073,282071,1157622,722147,86169,195902,214350,943272
Jamaica,2074,276113,1140454,717373,84447,191666,210710,929744
Jamaica,2075,270448,1123497,711928,82902,187546,207080,916417
Jamaica,2076,264903,1108917,703853,81936,182967,202897,906020
Jamaica,2077,259760,1094736,694872,80776,178984,198479,896257
Jamaica,2078,254992,1080155,685840,79504,175488,193976,886179
Jamaica,2079,250519,1063954,678079,78200,172319,189537,874417
Jamaica,2080,246230,1045400,672458,76963,169267,185308,860092
Jamaica,2081,241944,1026661,667021,76175,165769,180763,845898
Jamaica,2082,237937,1005981,663272,75125,162812,176234,829747
Jamaica,2083,234163,983969,660700,73897,160266,171854,812115
Jamaica,2084,230566,961630,658389,72590,157976,167738,793892
Jamaica,2085,227037,939590,655859,71306,155731,164006,775584
Jamaica,2086,223296,919658,651615,70317,152979,160180,759478
Jamaica,2087,219736,900339,646780,69117,150619,156567,743772
Jamaica,2088,216287,881452,641640,67771,148516,153231,728221
Jamaica,2089,212870,862718,636587,66346,146524,150197,712521
Jamaica,2090,209398,843963,631900,64932,144466,147520,696443
Jamaica,2091,205610,827111,625957,63765,141845,144774,682337
Jamaica,2092,201915,810735,619779,62444,139471,142201,668534
Jamaica,2093,198265,794728,613529,61024,137241,139840,654888
Jamaica,2094,194611,778950,607410,59563,135048,137693,641257
Jamaica,2095,190879,763245,601659,58131,132748,135782,627463
Jamaica,2096,186934,749503,594521,57005,129929,133759,615744
Jamaica,2097,183082,736193,587242,55760,127322,131801,604392
Jamaica,2098,179285,723080,580090,54444,124841,129909,593171
Jamaica,2099,175529,709921,573339,53134,122395,128069,581852
Jamaica,2100,171811,696610,567081,51939,119872,126307,570303
Japan,1950,29288105,49447559,4066420,11205456,18082649,16209542,33238017
Japan,1951,29652128,50461507,4201966,11208543,18443585,16459103,34002404
Japan,1952,29766414,51553211,4339058,10836210,18930204,16666813,34886398
Japan,1953,29848694,52558033,4462698,10395070,19453624,16796814,35761219
Japan,1954,29918738,53490472,4571108,9963295,19955443,16881957,36608515
Japan,1955,29918119,54429967,4670171,9544651,20373468,16968205,37461762
Japan,1956,29639540,55560236,4804537,8872254,20767286,17109776,38450460
Japan,1957,29436957,56596477,4920520,8472968,20963989,17207681,39388796
Japan,1958,29202389,57645164,5030151,8249461,20952928,17324585,40320579
Japan,1959,28846257,58792320,5143647,8109947,20736310,17527419,41264901
Japan,1960,28349289,60059122,5265204,7983673,20365616,17843902,42215220
Japan,1961,27809436,61333907,5417502,7943309,19866127,18235770,43098137
Japan,1962,27185140,62702100,5571641,7951426,19233714,18721792,43980308
Japan,1963,26527323,64131829,5730801,7987776,18539547,19248327,44883502
Japan,1964,25932782,65550388,5896678,8059463,17873319,19725263,45825125
Japan,1965,25463954,66911803,6071245,8173880,17290074,20093285,46818518
Japan,1966,25233604,68079213,6282311,8433041,16800563,20334442,47744771
Japan,1967,25062628,69251868,6505525,8587336,16475292,20494388,48757480
Japan,1968,24995365,70387161,6737956,8688973,16306392,20538279,49848882
Japan,1969,25071950,71445194,6974786,8813829,16258121,20428988,51016206
Japan,1970,25301219,72410334,7214092,9017575,16283644,20156179,52254155
Japan,1971,25578549,73348969,7497751,9219458,16359091,19775625,53573344
Japan,1972,26034285,74166369,7776385,9524970,16509315,19217756,54948613
Japan,1973,26585506,74891488,8055884,9866866,16718640,18559616,56331872
Japan,1974,27085285,75597269,8347587,10112801,16972484,17925815,57671454
Japan,1975,27438247,76326549,8658259,10174079,17264168,17398247,58928302
Japan,1976,27839513,76846614,9003981,10253024,17586489,16940420,59906194
Japan,1977,27972788,77488227,9378105,9995016,17977772,16623927,60864300
Japan,1978,27922935,78200273,9767076,9513560,18409375,16430692,61769581
Japan,1979,27837795,78894136,10146095,9009105,18828690,16320429,62573707
Japan,1980,27788494,79535486,10503375,8618217,19170277,16272404,63263082
Japan,1981,27471664,80381943,10889573,8021406,19450258,16357278,64024665
Japan,1982,27299194,81076074,11240356,7761758,19537436,16486266,64589808
Japan,1983,27156612,81704122,11577353,7732934,19423678,16671005,65033117
Japan,1984,26873605,82393421,11932773,7737312,19136293,16929258,65464163
Japan,1985,26381425,83188041,12324572,7638382,18743043,17259378,65928663
Japan,1986,25927215,83852369,12740068,7654492,18272723,17570204,66282165
Japan,1987,25257984,84637641,13187580,7512575,17745409,17946655,66690986
Japan,1988,24457309,85463813,13673846,7253806,17203503,18342548,67121265
Japan,1989,23678366,86187780,14202757,6984884,16693482,18680597,67507183
Japan,1990,23003928,86733317,14778316,6780765,16223163,18911555,67821762
Japan,1991,22389581,87172766,15377668,6595013,15794568,19100406,68072360
Japan,1992,21856439,87468652,16016385,6439596,15416843,19182356,68286296
Japan,1993,21394845,87637823,16684856,6321533,15073312,19151068,68486755
Japan,1994,20960181,87731531,17371462,6224090,14736091,19007312,68724219
Japan,1995,20530590,87776335,18068541,6138336,14392254,18752937,69023398
Japan,1996,20133285,87735073,18785663,6061560,14071725,18342087,69392986
Japan,1997,19780600,87617684,19504344,6022457,13758143,17802122,69815562
Japan,1998,19456602,87447104,20223559,6004858,13451744,17191201,70255903
Japan,1999,19148927,87244947,20941984,5987491,13161436,16593004,70651943
Japan,2000,18853478,87019194,21661262,5955442,12898036,16063086,70956108
Japan,2001,18620124,86742137,22361252,5954734,12665390,15628579,71113558
Japan,2002,18374228,86466482,23061907,5901307,12472921,15272500,71193982
Japan,2003,18132724,86166518,23768552,5815079,12317645,14969955,71196563
Japan,2004,17920849,85806533,24486250,5730230,12190619,14674486,71132047
Japan,2005,17748107,85365984,25221676,5669869,12078238,14358542,71007442
Japan,2006,17578490,84939108,25915396,5591066,11987424,14049695,70889413
Japan,2007,17461076,84446407,26597768,5560722,11900354,13731515,70714892
Japan,2008,17373668,83878098,27298742,5563140,11810528,13416948,70461150
Japan,2009,17281628,83220009,28065022,5567967,11713661,13126584,70093425
Japan,2010,17167671,82461352,28922850,5554595,11613076,12871551,69589801
Japan,2011,17095906,81648405,29761088,5561245,11534661,12669728,68978677
Japan,2012,16993712,80763549,30669123,5539802,11453910,12501567,68261982
Japan,2013,16870062,79839608,31603250,5496082,11373980,12361027,67478581
Japan,2014,16744383,78926130,32492360,5444890,11299493,12236378,66689752
Japan,2015,16625509,78056297,33293152,5395537,11229972,12118745,65937552
Japan,2016,16525226,77287453,33935834,5343416,11181810,12032244,65255209
Japan,2017,16428679,76573041,34482730,5293177,11135502,11952352,64620689
Japan,2018,16331704,75909651,34943977,5245074,11086630,11874898,64034753
Japan,2019,16225400,75289786,35339559,5195905,11029495,11795322,63494464
Japan,2020,16104901,74703781,35686965,5143278,10961623,11709945,62993836
Japan,2021,15990608,74215518,35903349,5088050,10902558,11637492,62578026
Japan,2022,15870848,73776904,36049011,5040699,10830149,11557795,62219109
Japan,2023,15743597,73363653,36151350,4998278,10745319,11474276,61889377
Japan,2024,15608455,72938929,36248532,4957844,10650611,11393132,61545797
Japan,2025,15465805,72473052,36370951,4916796,10549009,11316910,61156142
Japan,2026,15345492,72029240,36426754,4884701,10460791,11264227,60765013
Japan,2027,15221497,71556945,36494086,4854211,10367286,11218502,60338443
Japan,2028,15094913,71048441,36581397,4824794,10270119,11173414,59875027
Japan,2029,14967828,70498567,36693747,4796651,10171177,11119602,59378965
Japan,2030,14841307,69898765,36840433,4769770,10071537,11050445,58848320
Japan,2031,14745752,69323640,36918073,4753531,9992221,10988722,58334918
Japan,2032,14653518,68725277,37003392,4737651,9915867,10916416,57808861
Japan,2033,14564047,68074039,37127354,4721900,9842147,10833327,57240712
Japan,2034,14475962,67329837,37331908,4705789,9770173,10740836,56589001
Japan,2035,14387873,66470410,37641507,4688868,9699005,10639656,55830754
Japan,2036,14328847,65582338,37941640,4679500,9649347,10551736,55030602
Japan,2037,14272532,64606045,38319891,4669444,9603088,10459014,54147031
Japan,2038,14217251,63583981,38737508,4658230,9559021,10362301,53221680
Japan,2039,14160960,62586095,39128875,4645260,9515700,10263607,52322488
Japan,2040,14101622,61654134,39456311,4629797,9471825,10163915,51490219
Japan,2041,14061636,60843084,39643494,4617263,9444373,10082206,50760878
Japan,2042,14022413,60125678,39737364,4604490,9417923,10005235,50120443
Japan,2043,13983119,59481031,39761561,4591119,9392000,9932899,49548132
Japan,2044,13940434,58862220,39768463,4575870,9364564,9863294,48998926
Japan,2045,13889100,58227301,39806837,4556628,9332472,9792819,48434482
Japan,2046,13855050,57662548,39765093,4539692,9315358,9743124,47919424
Japan,2047,13819036,57126048,39704439,4523029,9296007,9699404,47426644
Japan,2048,13776033,56601330,39646526,4504689,9271344,9657457,46943873
Japan,2049,13722737,56081874,39601066,4483122,9239615,9613897,46467977
Japan,2050,13658094,55566219,39570133,4457338,9200756,9566823,45999396
Japan,2051,13616609,55161017,39412688,4436607,9180002,9542313,45618704
Japan,2052,13568487,54776033,39247846,4415318,9153169,9518455,45257578
Japan,2053,13511521,54399670,39086673,4392466,9119055,9492410,44907260
Japan,2054,13444640,54022934,38935617,4367374,9077266,9461775,44561159
Japan,2055,13367663,53639386,38798447,4339452,9028211,9424759,44214627
Japan,2056,13315218,53359061,38529765,4317844,8997374,9407408,43951653
Japan,2057,13256677,53086228,38255852,4296692,8959985,9386551,43699677
Japan,2058,13192038,52811533,37984720,4275577,8916461,9361097,43450436
Japan,2059,13120625,52518287,37732432,4253825,8866800,9329322,43188965
Japan,2060,13040822,52188798,37517557,4230314,8810508,9288679,42900119
Japan,2061,12988406,51936872,37190342,4214909,8773497,9265630,42671242
Japan,2062,12933952,51670066,36873449,4201156,8732796,9238330,42431736
Japan,2063,12875115,51382558,36576796,4187560,8687555,9204565,42177993
Japan,2064,12810233,51075087,36303725,4172655,8637578,9162821,41912266
Japan,2065,12738164,50745741,36059575,4155239,8582925,9111712,41634029
Japan,2066,12692464,50491253,35715316,4145906,8546558,9074819,41416434
Japan,2067,12646592,50245654,35364712,4136013,8510579,9035248,41210406
Japan,2068,12601396,50005755,35012439,4125743,8475653,8993151,41012604
Japan,2069,12553870,49751274,34684405,4114166,8439704,8946231,40805043
Japan,2070,12497083,49449926,34422233,4098982,8398101,8889522,40560404
Japan,2071,12467039,49221700,34070973,4090716,8376323,8849945,40371755
Japan,2072,12438854,48996978,33726564,4082734,8356120,8810407,40186571
Japan,2073,12404933,48747069,33428592,4072597,8332336,8765947,39981122
Japan,2074,12361275,48459624,33197197,4059048,8302227,8714679,39744945
Japan,2075,12308211,48138177,33031214,4042075,8266136,8657371,39480806
Japan,2076,12282700,47910425,32767479,4031975,8250725,8621980,39288445
Japan,2077,12254599,47676351,32535703,4022181,8232418,8586400,39089951
Japan,2078,12222363,47433928,32337602,4011685,8210678,8549931,38883997
Japan,2079,12183261,47177903,32178184,3998805,8184456,8511204,38666699
Japan,2080,12133969,46898096,32068578,3981685,8152284,8467961,38430135
Japan,2081,12108054,46701678,31867326,3970777,8137277,8444001,38257677
Japan,2082,12077202,46506634,31684798,3957971,8119231,8420700,38085934
Japan,2083,12039433,46303098,31531998,3942697,8096736,8395647,37907451
Japan,2084,11993496,46082078,31418338,3924813,8068683,8366474,37715604
Japan,2085,11938253,45836397,31351268,3904002,8034251,8331271,37505126
Japan,2086,11905929,45678618,31185257,3888922,8017007,8314457,37364161
Japan,2087,11869850,45517484,31037319,3874276,7995574,8295896,37221588
Japan,2088,11827559,45343649,30918079,3858958,7968601,8273662,37069987
Japan,2089,11777103,45149597,30835733,3841821,7935282,8246318,36903279
Japan,2090,11717404,44929475,30796098,3821940,7895464,8212646,36716829
Japan,2091,11680835,44790610,30658650,3808807,7872028,8195795,36594815
Japan,2092,11640276,44644346,30538566,3795736,7844540,8176406,36467940
Japan,2093,11595044,44485983,30440810,3782148,7812896,8153410,36332573
Japan,2094,11543935,44307850,30373876,3767237,7776698,8125270,36182580
Japan,2095,11484789,44099133,30350370,3749785,7735004,8089837,36009296
Japan,2096,11449737,43965221,30232344,3739792,7709945,8069697,35895524
Japan,2097,11413123,43826343,30124741,3729638,7683485,8047542,35778801
Japan,2098,11372153,43671393,30040902,3718036,7654117,8021114,35650279
Japan,2099,11323989,43488179,29995231,3703898,7620091,7987994,35500185
Japan,2100,11266896,43266842,29998650,3686851,7580045,7946221,35320621
Jordan,1950,220305,237911,23105,89595,130710,84068,153843
Jordan,1951,244983,266256,25207,98181,146802,95824,170432
Jordan,1952,261576,288124,26667,102999,158577,105395,182729
Jordan,1953,274915,307266,27898,106981,167934,113949,193317
Jordan,1954,288134,326813,29249,111708,176426,122526,204287
Jordan,1955,302971,349033,30948,117983,184988,131955,217078
Jordan,1956,321841,373686,32513,125822,196019,142475,231211
Jordan,1957,343315,401131,34325,136018,207297,153847,247284
Jordan,1958,365867,430303,36258,147682,218185,165554,264749
Jordan,1959,387378,459368,38118,159593,227785,176802,282566
Jordan,1960,405945,486563,39749,170542,235403,186901,299662
Jordan,1961,427085,505558,40440,184372,242713,193958,311600
Jordan,1962,445939,522961,40833,196094,249845,200080,322881
Jordan,1963,465976,542043,41283,207323,258653,206367,335676
Jordan,1964,492331,566983,42145,221071,271260,214251,352732
Jordan,1965,528690,600277,43583,240265,288425,224613,375664
Jordan,1966,577005,643702,45099,261262,315743,238544,405158
Jordan,1967,632059,697994,47412,282457,349602,255824,442170
Jordan,1968,690122,757991,50196,303349,386773,274620,483371
Jordan,1969,744915,817287,53075,322412,422503,292941,524346
Jordan,1970,791109,871963,55841,338357,452752,309837,562126
Jordan,1971,839321,909346,57938,359726,479595,320628,588718
Jordan,1972,881236,940488,59490,378189,503047,329690,610798
Jordan,1973,917230,967753,60643,393275,523955,338081,629672
Jordan,1974,948537,994673,61623,404627,543910,347219,647454
Jordan,1975,976651,1023665,62602,412935,563716,358049,665616
Jordan,1976,1020971,1033917,65181,426624,594347,368700,665217
Jordan,1977,1058179,1050186,67770,431542,626637,385423,664763
Jordan,1978,1091408,1072823,70363,431632,659776,407850,664973
Jordan,1979,1125298,1101404,72953,432741,692557,434811,666593
Jordan,1980,1163098,1135728,75596,439491,723607,465152,670576
Jordan,1981,1195310,1185474,80409,443855,751455,487255,698219
Jordan,1982,1234912,1239297,85509,455711,779201,510256,729041
Jordan,1983,1278877,1297811,90782,473027,805850,535154,762657
Jordan,1984,1322757,1361364,96307,491733,831024,562673,798691
Jordan,1985,1364799,1428977,102209,509610,855189,592472,836505
Jordan,1986,1414121,1493617,103562,531884,882237,623865,869752
Jordan,1987,1459316,1563254,105347,547889,911427,657157,906097
Jordan,1988,1506080,1638985,107607,561509,944571,692465,946520
Jordan,1989,1561825,1722816,110382,577728,984097,730045,992771
Jordan,1990,1629543,1817242,113797,598145,1031398,770459,1046783
Jordan,1991,1674310,1962268,116855,603818,1070492,825422,1136846
Jordan,1992,1730254,2117399,120545,621230,1109024,878198,1239201
Jordan,1993,1787401,2277300,124730,644337,1143064,926418,1350882
Jordan,1994,1832864,2433900,129189,664987,1167877,967494,1466406
Jordan,1995,1859656,2579466,133782,677954,1181702,999471,1579995
Jordan,1996,1911528,2665672,139173,704027,1207501,1019905,1645767
Jordan,1997,1948083,2740380,143804,722151,1225932,1037157,1703223
Jordan,1998,1973315,2806674,147923,733615,1239700,1052612,1754062
Jordan,1999,1993677,2869260,151962,741131,1252546,1067939,1801321
Jordan,2000,2013622,2933188,156320,746942,1266680,1084712,1848476
Jordan,2001,2033070,2998306,162106,753839,1279231,1098632,1899674
Jordan,2002,2050494,3068616,168378,754696,1295798,1114663,1953953
Jordan,2003,2071791,3149569,175414,754248,1317543,1134008,2015561
Jordan,2004,2105324,3246782,183489,760300,1345024,1157513,2089269
Jordan,2005,2158392,3362963,192756,780762,1377630,1185323,2177640
Jordan,2006,2228266,3502237,203729,802961,1425305,1216903,2285334
Jordan,2007,2314449,3662385,216357,834125,1480324,1252942,2409443
Jordan,2008,2416550,3842688,230584,874798,1541752,1294153,2548535
Jordan,2009,2531922,4042925,246269,922842,1609080,1342082,2700843
Jordan,2010,2657742,4261402,263246,975680,1682062,1397168,2864234
Jordan,2011,2795062,4501591,278290,1029922,1765140,1466447,3035144
Jordan,2012,2937585,4760400,294588,1084774,1852811,1542631,3217769
Jordan,2013,3077023,5024895,311546,1136221,1940802,1620469,3404426
Jordan,2014,3201351,5279573,328382,1177512,2023839,1693555,3586018
Jordan,2015,3299858,5514781,344663,1201912,2097946,1757987,3756794
Jordan,2016,3383353,5714481,357968,1227098,2156255,1804246,3910235
Jordan,2017,3444797,5887885,369671,1239623,2205174,1841057,4046828
Jordan,2018,3484884,6038526,380392,1239765,2245119,1870081,4168445
Jordan,2019,3507163,6171719,390912,1230773,2276390,1893623,4278096
Jordan,2020,3514504,6292260,401898,1215431,2299073,1913642,4378618
Jordan,2021,3508200,6398127,414027,1197760,2310440,1926693,4471434
Jordan,2022,3494484,6485126,425764,1184523,2309961,1934394,4550732
Jordan,2023,3474325,6561526,438084,1173964,2300361,1940062,4621464
Jordan,2024,3449413,6637298,452214,1163814,2285599,1947679,4689619
Jordan,2025,3422758,6718518,468970,1153295,2269463,1959442,4759076
Jordan,2026,3399610,6802883,489977,1145849,2253761,1975830,4827053
Jordan,2027,3375080,6896841,513757,1136626,2238454,1996975,4899866
Jordan,2028,3351479,6997858,540320,1127181,2224298,2020758,4977100
Jordan,2029,3331731,7101101,569477,1119963,2211768,2043695,5057406
Jordan,2030,3317385,7203546,601132,1116657,2200728,2063540,5140006
Jordan,2031,3306245,7307755,635660,1113284,2192961,2082810,5224945
Jordan,2032,3299253,7414495,672602,1111445,2187808,2099639,5314856
Jordan,2033,3296313,7522948,712041,1111546,2184767,2113738,5409210
Jordan,2034,3296415,7632735,754048,1113320,2183095,2125104,5507631
Jordan,2035,3298984,7743173,798632,1116721,2182263,2133722,5609451
Jordan,2036,3306782,7853327,843684,1121122,2185660,2141083,5712244
Jordan,2037,3315818,7964733,890961,1125260,2190558,2145671,5819062
Jordan,2038,3325634,8076187,939966,1129158,2196476,2148282,5927905
Jordan,2039,3335514,8186526,989875,1132661,2202853,2150203,6036323
Jordan,2040,3344707,8294865,1040243,1135545,2209162,2152313,6142552
Jordan,2041,3355768,8401048,1087551,1138848,2216920,2155285,6245763
Jordan,2042,3365196,8505685,1134575,1140401,2224795,2158622,6347063
Jordan,2043,3372941,8607916,1182329,1140433,2232508,2162318,6445598
Jordan,2044,3379059,8706799,1232288,1139347,2239712,2166108,6540691
Jordan,2045,3383513,8801902,1285318,1137483,2246030,2169857,6632045
Jordan,2046,3388570,8895236,1336903,1135343,2253227,2174863,6720373
Jordan,2047,3391748,8985157,1390664,1132553,2259195,2179954,6805203
Jordan,2048,3392703,9072429,1446008,1129072,2263631,2185288,6887141
Jordan,2049,3391037,9158344,1501856,1124732,2266305,2191039,6967305
Jordan,2050,3386547,9243566,1557621,1119414,2267133,2197233,7046333
Jordan,2051,3381942,9329777,1608815,1113982,2267960,2204889,7124888
Jordan,2052,3374661,9415580,1659399,1107909,2266752,2212781,7202799
Jordan,2053,3364862,9500433,1709875,1101353,2263509,2220673,7279760
Jordan,2054,3353000,9583448,1760846,1094648,2258352,2228115,7355333
Jordan,2055,3339450,9663928,1812771,1088020,2251430,2234737,7429191
Jordan,2056,3326466,9743958,1861380,1081852,2244614,2241620,7502338
Jordan,2057,3312456,9821854,1909956,1076389,2236067,2247446,7574408
Jordan,2058,3297365,9897169,1959078,1071395,2225970,2252053,7645116
Jordan,2059,3281150,9969364,2009420,1066499,2214651,2255168,7714196
Jordan,2060,3263916,10037867,2061523,1061473,2202443,2256566,7781301
Jordan,2061,3249148,10103354,2111276,1058035,2191113,2257055,7846299
Jordan,2062,3233512,10165862,2162051,1053917,2179595,2255795,7910067
Jordan,2063,3217396,10225029,2213962,1049368,2168028,2252798,7972231
Jordan,2064,3201343,10280565,2266933,1044844,2156499,2248064,8032501
Jordan,2065,3185649,10332160,2321111,1040698,2144951,2241628,8090532
Jordan,2066,3172591,10381212,2372883,1037644,2134947,2234502,8146710
Jordan,2067,3160063,10427118,2424946,1034654,2125409,2225778,8201340
Jordan,2068,3147883,10469084,2478237,1031681,2116202,2215770,8253314
Jordan,2069,3135644,10506222,2533967,1028510,2107134,2204891,8301331
Jordan,2070,3123055,10537818,2593076,1025024,2098031,2193421,8344397
Jordan,2071,3112959,10565903,2650677,1022468,2090491,2182430,8383473
Jordan,2072,3102458,10590021,2710130,1019163,2083295,2171067,8418954
Jordan,2073,3091504,10609432,2772151,1015224,2076280,2159524,8449908
Jordan,2074,3080074,10623359,2837475,1010833,2069241,2148016,8475343
Jordan,2075,3068060,10631389,2906567,1006122,2061938,2136687,8494702
Jordan,2076,3057643,10636798,2973930,1001746,2055897,2126783,8510015
Jordan,2077,3046671,10637772,3043521,997013,2049658,2117250,8520522
Jordan,2078,3034959,10635121,3114678,991947,2043012,2108092,8527029
Jordan,2079,3022268,10630146,3186334,986523,2035745,2099207,8530939
Jordan,2080,3008390,10623419,3258099,980706,2027684,2090458,8532961
Jordan,2081,2995747,10619178,3323318,975213,2020534,2083203,8535975
Jordan,2082,2982206,10614633,3386879,969574,2012632,2076170,8538463
Jordan,2083,2967645,10608934,3449730,963770,2003875,2069243,8539691
Jordan,2084,2952030,10600974,3512974,957810,1994220,2062247,8538727
Jordan,2085,2935369,10589905,3577433,951698,1983671,2055001,8534904
Jordan,2086,2920563,10581869,3634052,946334,1974229,2049106,8532763
Jordan,2087,2905122,10572335,3689881,941044,1964078,2042987,8529348
Jordan,2088,2888988,10560723,3745590,935776,1953212,2036479,8524244
Jordan,2089,2872161,10546421,3801852,930473,1941688,2029332,8517089
Jordan,2090,2854645,10528784,3859351,925105,1929540,2021331,8507453
Jordan,2091,2839856,10514774,3907755,920911,1918945,2014247,8500527
Jordan,2092,2824731,10499015,3955511,916593,1908138,2006420,8492595
Jordan,2093,2809275,10480678,4003464,912167,1897108,1997793,8482885
Jordan,2094,2793510,10458824,4052559,907686,1885824,1988305,8470519
Jordan,2095,2777398,10432548,4103749,903193,1874205,1977868,8454680
Jordan,2096,2764447,10410236,4145189,899900,1864547,1968524,8441712
Jordan,2097,2751490,10385543,4186441,896476,1855014,1958458,8427085
Jordan,2098,2738406,10357672,4228484,892908,1845498,1947708,8409964
Jordan,2099,2725008,10325822,4272376,889152,1835856,1936338,8389484
Jordan,2100,2711113,10289276,4319110,885186,1825927,1924358,8364918
Kazakhstan,1950,2303189,3962168,437634,740843,1562346,1317185,2644983
Kazakhstan,1951,2332857,4051792,446674,849621,1483236,1357340,2694452
Kazakhstan,1952,2327102,4249889,464806,901989,1425113,1433647,2816242
Kazakhstan,1953,2339253,4491315,485083,950358,1388895,1523541,2967774
Kazakhstan,1954,2403593,4729982,503255,1011693,1391900,1609497,3120485
Kazakhstan,1955,2529909,4944240,517849,1096029,1433880,1682284,3261956
Kazakhstan,1956,2688363,5149950,532317,1173384,1514979,1749911,3400039
Kazakhstan,1957,2897937,5323831,543151,1262692,1635245,1804972,3518859
Kazakhstan,1958,3139351,5478256,551847,1355586,1783765,1844287,3633969
Kazakhstan,1959,3386192,5634303,560304,1443522,1942670,1863774,3770529
Kazakhstan,1960,3622421,5803969,569610,1520642,2101779,1862268,3941701
Kazakhstan,1961,3861804,5968935,580289,1596073,2265731,1838742,4130193
Kazakhstan,1962,4092184,6137620,589653,1664629,2427555,1790697,4346923
Kazakhstan,1963,4303973,6309200,598687,1719289,2584684,1737516,4571684
Kazakhstan,1964,4487586,6481187,608696,1751864,2735722,1708461,4772726
Kazakhstan,1965,4634480,6653908,620615,1755565,2878915,1721969,4931939
Kazakhstan,1966,4758608,6804636,637794,1750822,3007786,1768571,5036065
Kazakhstan,1967,4837055,6962742,655914,1712500,3124555,1858246,5104496
Kazakhstan,1968,4879373,7129342,674216,1653143,3226230,1979674,5149668
Kazakhstan,1969,4904470,7301761,691182,1596424,3308046,2111969,5189792
Kazakhstan,1970,4925303,7478608,706085,1559429,3365874,2241242,5237366
Kazakhstan,1971,4910888,7683530,730252,1506738,3404150,2391535,5291995
Kazakhstan,1972,4913852,7875323,749574,1511551,3402301,2532233,5343090
Kazakhstan,1973,4922913,8059305,766101,1554992,3367921,2661413,5397892
Kazakhstan,1974,4917859,8246075,782885,1603549,3314310,2781538,5464537
Kazakhstan,1975,4889694,8439158,801219,1633348,3256346,2892656,5546502
Kazakhstan,1976,4880430,8588494,827845,1693294,3187136,2962173,5626321
Kazakhstan,1977,4849716,8744908,855909,1712973,3136743,3018436,5726472
Kazakhstan,1978,4815260,8900606,881980,1704798,3110462,3057100,5843506
Kazakhstan,1979,4802115,9044627,900819,1694689,3107426,3072530,5972097
Kazakhstan,1980,4819987,9175736,910166,1701302,3118685,3065531,6110205
Kazakhstan,1981,4831680,9325595,915080,1703093,3128587,3075613,6249982
Kazakhstan,1982,4868983,9462642,912420,1721680,3147303,3065707,6396935
Kazakhstan,1983,4926066,9589516,905644,1753481,3172585,3039765,6549751
Kazakhstan,1984,4988412,9715752,899556,1788109,3200303,3007524,6708228
Kazakhstan,1985,5046057,9846481,896899,1818478,3227579,2976661,6869820
Kazakhstan,1986,5094380,9982191,904417,1855903,3238477,2935688,7046503
Kazakhstan,1987,5143822,10116411,912868,1888810,3255012,2892751,7223660
Kazakhstan,1988,5186170,10235477,924559,1909486,3276684,2848315,7387162
Kazakhstan,1989,5208293,10323383,942887,1907917,3300376,2804628,7518755
Kazakhstan,1990,5197543,10373512,969203,1878183,3319360,2765561,7607951
Kazakhstan,1991,5179204,10350996,1009817,1860144,3319060,2751874,7599122
Kazakhstan,1992,5112431,10310695,1057987,1792331,3320100,2751595,7559100
Kazakhstan,1993,5010387,10254832,1104781,1689613,3320774,2756844,7497988
Kazakhstan,1994,4891427,10188571,1137493,1575858,3315569,2757378,7431193
Kazakhstan,1995,4766742,10118337,1149877,1470319,3296423,2748214,7370123
Kazakhstan,1996,4625218,10054233,1141180,1346519,3278699,2739967,7314266
Kazakhstan,1997,4488884,9983285,1109583,1250667,3238217,2719665,7263620
Kazakhstan,1998,4361549,9919146,1069204,1183268,3178281,2697855,7221291
Kazakhstan,1999,4246799,9879842,1038933,1139462,3107337,2689882,7189960
Kazakhstan,2000,4151720,9877954,1027689,1114765,3036955,2705157,7172797
Kazakhstan,2001,4033426,9945840,1060705,1082898,2950528,2758551,7187289
Kazakhstan,2002,3944231,10052447,1108967,1089807,2854424,2831522,7220925
Kazakhstan,2003,3879675,10195067,1157583,1126297,2753378,2913942,7281125
Kazakhstan,2004,3835282,10362434,1188200,1180453,2654829,2989747,7372687
Kazakhstan,2005,3807802,10540483,1193172,1240271,2567531,3047200,7493283
Kazakhstan,2006,3807585,10690426,1192850,1313736,2493849,3089406,7601020
Kazakhstan,2007,3813772,10850800,1176783,1385386,2428386,3126509,7724291
Kazakhstan,2008,3830734,11017212,1153230,1453791,2376943,3156069,7861143
Kazakhstan,2009,3869763,11181962,1132438,1524431,2345332,3170794,8011168
Kazakhstan,2010,3942029,11338025,1118922,1606237,2335792,3162519,8175506
Kazakhstan,2011,4062660,11448639,1136081,1714759,2347901,3103054,8345585
Kazakhstan,2012,4212281,11555740,1153158,1809830,2402451,3012526,8543214
Kazakhstan,2013,4387896,11652032,1167329,1892736,2495160,2896501,8755531
Kazakhstan,2014,4573756,11733324,1180699,1956096,2617660,2769780,8963544
Kazakhstan,2015,4752634,11798219,1198795,1991066,2761568,2645177,9153042
Kazakhstan,2016,4929122,11828215,1230399,1997147,2931975,2526179,9302036
Kazakhstan,2017,5084200,11847605,1272694,1970474,3113726,2417815,9429790
Kazakhstan,2018,5216005,11866240,1321615,1920358,3295647,2330136,9536104
Kazakhstan,2019,5327307,11894750,1370913,1863940,3463367,2275313,9619437
Kazakhstan,2020,5419317,11940529,1417293,1812730,3606587,2261066,9679463
Kazakhstan,2021,5452793,12027035,1477040,1723341,3729452,2293645,9733390
Kazakhstan,2022,5484187,12115456,1530505,1680448,3803739,2363402,9752054
Kazakhstan,2023,5500120,12214286,1582565,1668555,3831565,2467018,9747268
Kazakhstan,2024,5485702,12330930,1640391,1662573,3823129,2597733,9733197
Kazakhstan,2025,5437181,12465730,1707347,1644462,3792719,2748607,9717123
Kazakhstan,2026,5384452,12585933,1786702,1642081,3742371,2913894,9672039
Kazakhstan,2027,5297473,12727792,1873197,1622507,3674966,3098759,9629033
Kazakhstan,2028,5189627,12885044,1960783,1590961,3598666,3287412,9597632
Kazakhstan,2029,5083683,13045916,2039770,1561576,3522107,3456618,9589298
Kazakhstan,2030,4993003,13203350,2104969,1544588,3448415,3591186,9612164
Kazakhstan,2031,4917255,13351589,2162998,1537080,3380175,3692977,9658612
Kazakhstan,2032,4856815,13496571,2207933,1536011,3320804,3758647,9737924
Kazakhstan,2033,4811334,13634654,2244471,1541812,3269522,3790442,9844212
Kazakhstan,2034,4774977,13764965,2280015,1551240,3223737,3795140,9969825
Kazakhstan,2035,4744716,13886595,2319049,1562729,3181987,3777759,10108836
Kazakhstan,2036,4730272,13988617,2363080,1581800,3148472,3737757,10250860
Kazakhstan,2037,4723852,14082490,2408543,1599941,3123911,3673908,10408582
Kazakhstan,2038,4725732,14169022,2454400,1617377,3108355,3594749,10574273
Kazakhstan,2039,4736181,14249986,2498467,1634978,3101203,3512705,10737281
Kazakhstan,2040,4754701,14326744,2539721,1653390,3101311,3436453,10890291
Kazakhstan,2041,4785015,14390367,2583291,1674686,3110329,3367844,11022523
Kazakhstan,2042,4820655,14451342,2624946,1693256,3127399,3308142,11143200
Kazakhstan,2043,4860401,14509600,2665401,1709270,3151131,3256985,11252615
Kazakhstan,2044,4902021,14565834,2705446,1722498,3179523,3212105,11353729
Kazakhstan,2045,4943374,14620556,2746047,1732739,3210635,3172371,11448185
Kazakhstan,2046,4985352,14664145,2795641,1740350,3245002,3140093,11524052
Kazakhstan,2047,5024876,14710581,2842969,1744168,3280708,3115795,11594786
Kazakhstan,2048,5060657,14755733,2892733,1744376,3316281,3099762,11655971
Kazakhstan,2049,5091161,14793132,2952047,1741040,3350121,3092170,11700962
Kazakhstan,2050,5114953,14819562,3024917,1734021,3380932,3092912,11726650
Kazakhstan,2051,5130903,14828312,3118852,1721787,3409116,3102384,11725928
Kazakhstan,2052,5139776,14830319,3222026,1707989,3431787,3119661,11710658
Kazakhstan,2053,5140851,14831708,3328817,1692640,3448211,3143395,11688313
Kazakhstan,2054,5133991,14841147,3430558,1675831,3458160,3171629,11669518
Kazakhstan,2055,5119366,14863979,3521683,1657490,3461876,3202726,11661253
Kazakhstan,2056,5096781,14892685,3609830,1636084,3460697,3237026,11655659
Kazakhstan,2057,5068251,14933485,3686897,1616533,3451718,3272932,11660553
Kazakhstan,2058,5034114,14988751,3750601,1598528,3435586,3308916,11679835
Kazakhstan,2059,4995453,15061025,3797882,1581890,3413563,3342943,11718082
Kazakhstan,2060,4953538,15150586,3827734,1566467,3387071,3373315,11777271
Kazakhstan,2061,4911614,15250637,3843911,1553089,3358525,3400597,11850040
Kazakhstan,2062,4868655,15365963,3842887,1542395,3326260,3423238,11942725
Kazakhstan,2063,4825395,15491211,3829782,1533949,3291446,3440336,12050875
Kazakhstan,2064,4783010,15619554,3810868,1527402,3255608,3451009,12168545
Kazakhstan,2065,4742710,15745725,3790675,1522675,3220035,3454709,12291016
Kazakhstan,2066,4710170,15862289,3771263,1523000,3187170,3452233,12410056
Kazakhstan,2067,4680114,15977274,3750063,1523171,3156943,3442906,12534368
Kazakhstan,2068,4653458,16083698,3733318,1523538,3129920,3427267,12656431
Kazakhstan,2069,4630859,16172360,3729724,1524597,3106262,3406236,12766124
Kazakhstan,2070,4612471,16237270,3745232,1526807,3085664,3380619,12856651
Kazakhstan,2071,4601919,16272386,3782349,1532081,3069838,3351637,12920749
Kazakhstan,2072,4594981,16287733,3835362,1536305,3058676,3318984,12968749
Kazakhstan,2073,4591403,16283478,3904424,1539727,3051676,3284031,12999447
Kazakhstan,2074,4590299,16260867,3989244,1542413,3047886,3248699,13012168
Kazakhstan,2075,4590729,16221460,4089195,1544429,3046300,3214439,13007021
Kazakhstan,2076,4594295,16159217,4208685,1546446,3047849,3182328,12976889
Kazakhstan,2077,4598620,16083437,4340657,1546941,3051679,3152279,12931158
Kazakhstan,2078,4602977,16000983,4478687,1546003,3056974,3124929,12876054
Kazakhstan,2079,4606437,15922227,4612956,1543662,3062775,3100959,12821268
Kazakhstan,2080,4608116,15853785,4737392,1539860,3068256,3080807,12772978
Kazakhstan,2081,4608392,15790566,4856517,1534258,3074134,3065468,12725098
Kazakhstan,2082,4606747,15740715,4962524,1527882,3078865,3054524,12686191
Kazakhstan,2083,4602626,15702390,5057495,1520663,3081963,3047555,12654835
Kazakhstan,2084,4595386,15671645,5145678,1512433,3082953,3043664,12627981
Kazakhstan,2085,4584408,15645235,5230632,1502932,3081476,3041980,12603255
Kazakhstan,2086,4571666,15624706,5308650,1492312,3079354,3044112,12580594
Kazakhstan,2087,4555957,15611975,5378820,1481760,3074197,3048459,12563516
Kazakhstan,2088,4536903,15604950,5443309,1471068,3065835,3054047,12550903
Kazakhstan,2089,4514486,15601364,5504070,1460090,3054396,3059644,12541720
Kazakhstan,2090,4488884,15599263,5562623,1448705,3040179,3064281,12534982
Kazakhstan,2091,4464972,15606257,5606339,1438304,3026668,3070820,12535437
Kazakhstan,2092,4438908,15615589,5645755,1428415,3010493,3076076,12539513
Kazakhstan,2093,4410809,15624594,5683429,1418938,2991871,3079386,12545208
Kazakhstan,2094,4381083,15630491,5721773,1409810,2971273,3080097,12550394
Kazakhstan,2095,4350225,15631499,5762140,1400978,2949247,3077803,12553696
Kazakhstan,2096,4324647,15637824,5787957,1394819,2929828,3075921,12561903
Kazakhstan,2097,4298597,15639477,5815013,1389026,2909571,3070769,12568708
Kazakhstan,2098,4272543,15635172,5844172,1383683,2888860,3062407,12572765
Kazakhstan,2099,4247224,15623610,5876016,1379130,2868094,3051048,12572562
Kazakhstan,2100,4223473,15603391,5911142,1375974,2847499,3036802,12566589
Kenya,1950,2416756,3421480,238522,1056233,1360523,1149547,2271933
Kenya,1951,2523347,3472351,244465,1135996,1387351,1169513,2302838
Kenya,1952,2630540,3531606,250217,1201255,1429285,1190404,2341202
Kenya,1953,2743113,3594429,255567,1257796,1485317,1209771,2384658
Kenya,1954,2862803,3658983,260501,1309121,1553682,1225843,2433140
Kenya,1955,2989828,3725048,265055,1360800,1629028,1238331,2486717
Kenya,1956,3139502,3774497,272212,1418423,1721079,1241995,2532502
Kenya,1957,3292868,3829512,279041,1467529,1825339,1244196,2585316
Kenya,1958,3449450,3890965,285580,1512995,1936455,1248199,2642766
Kenya,1959,3607090,3961480,291905,1559634,2047456,1259337,2702143
Kenya,1960,3764042,4043323,298075,1611526,2152516,1281495,2761828
Kenya,1961,3932921,4121188,307332,1665534,2267387,1309354,2811834
Kenya,1962,4101589,4211147,316236,1722600,2378989,1348251,2862896
Kenya,1963,4269399,4314187,324836,1783228,2486171,1399120,2915067
Kenya,1964,4435675,4431290,333192,1846746,2588929,1462877,2968413
Kenya,1965,4600668,4562710,341325,1913567,2687101,1539803,3022907
Kenya,1966,4783280,4688016,351203,1990201,2793079,1622469,3065547
Kenya,1967,4961967,4831696,360821,2059941,2902026,1719673,3112023
Kenya,1968,5140807,4991244,370194,2127375,3013432,1827046,3164198
Kenya,1969,5325670,5162758,379288,2199467,3126203,1937964,3224794
Kenya,1970,5520297,5344100,388095,2282458,3237839,2048306,3295794
Kenya,1971,5738332,5520075,399107,2375829,3362503,2152180,3367895
Kenya,1972,5965472,5708029,409687,2472274,3493198,2256148,3451881
Kenya,1973,6201611,5908364,419877,2572834,3628777,2360400,3547964
Kenya,1974,6445137,6122739,429719,2676913,3768224,2466156,3656583
Kenya,1975,6695280,6352090,439259,2785337,3909943,2574335,3777755
Kenya,1976,6970559,6575664,450481,2905613,4064946,2676086,3899578
Kenya,1977,7248156,6818679,461458,3015856,4232300,2781363,4037316
Kenya,1978,7531265,7079474,472255,3121146,4410119,2890609,4188865
Kenya,1979,7824326,7355646,482880,3229299,4595027,3004492,4351154
Kenya,1980,8129488,7646097,493405,3347247,4782241,3123814,4522283
Kenya,1981,8458608,7936628,506441,3472970,4985638,3243311,4693317
Kenya,1982,8796501,8243679,519250,3599398,5197103,3369262,4874417
Kenya,1983,9139661,8567794,531949,3725989,5413672,3502234,5065560
Kenya,1984,9482028,8911022,544688,3849636,5632392,3643344,5267678
Kenya,1985,9819027,9274574,557624,3968816,5850211,3793387,5481187
Kenya,1986,10173988,9632547,572091,4095055,6078933,3944293,5688254
Kenya,1987,10518208,10014624,586486,4204810,6313398,4105916,5908708
Kenya,1988,10850379,10419930,601133,4299699,6550680,4277877,6142053
Kenya,1989,11167757,10848768,616497,4380089,6787668,4460204,6388564
Kenya,1990,11467190,11302334,632983,4447720,7019470,4653212,6649122
Kenya,1991,11767216,11760473,651909,4511451,7255765,4855457,6905016
Kenya,1992,12038394,12253977,671582,4545250,7493144,5070756,7183221
Kenya,1993,12287452,12774744,691918,4565426,7722026,5294478,7480266
Kenya,1994,12527082,13308759,712645,4598796,7928286,5519486,7789273
Kenya,1995,12766107,13846783,733566,4664670,8101437,5740855,8105928
Kenya,1996,13035463,14352785,759486,4736455,8299008,5966978,8385807
Kenya,1997,13326573,14844152,783389,4876916,8449657,6185444,8658708
Kenya,1998,13627127,15337182,805494,5062827,8564300,6401131,8936051
Kenya,1999,13917680,15856578,826139,5253640,8664040,6622378,9234200
Kenya,2000,14191415,16413627,845441,5422693,8768722,6851999,9561628
Kenya,2001,14532174,16923640,865668,5644829,8887345,7059590,9864050
Kenya,2002,14836533,17491632,885844,5789333,9047200,7285201,10206431
Kenya,2003,15128672,18097274,904906,5881097,9247575,7514153,10583121
Kenya,2004,15444881,18708957,921093,5966102,9478779,7725123,10983834
Kenya,2005,15802363,19312051,933874,6079730,9722633,7907851,11404200
Kenya,2006,16179955,19920987,951108,6186302,9993653,8048373,11872614
Kenya,2007,16600762,20519573,965574,6320263,10280499,8163725,12355848
Kenya,2008,17045624,21123135,979657,6472291,10573333,8268192,12854943
Kenya,2009,17478912,21761471,996821,6614540,10864372,8385521,13375950
Kenya,2010,17880094,22450925,1019133,6729111,11150983,8530101,13920824
Kenya,2011,18267407,23170011,1049421,6841680,11425727,8673972,14496039
Kenya,2012,18610545,23951175,1084909,6901408,11709137,8846056,15105119
Kenya,2013,18921486,24780008,1125355,6926358,11995128,9045128,15734880
Kenya,2014,19223909,25630264,1170077,6950404,12273505,9266792,16363472
Kenya,2015,19529772,26487609,1218878,6997245,12532527,9508572,16979037
Kenya,2016,19813651,27372406,1275510,7023357,12790294,9776051,17596355
Kenya,2017,20111743,28252967,1335152,7098565,13013178,10059931,18193036
Kenya,2018,20410340,29142722,1397817,7208394,13201946,10356528,18786194
Kenya,2019,20687827,30063462,1463502,7323930,13363897,10660164,19403298
Kenya,2020,20935593,31023808,1532296,7425491,13510102,10964773,20059035
Kenya,2021,21203715,31973430,1603707,7553631,13650084,11254336,20719094
Kenya,2022,21437712,32966104,1677956,7648383,13789329,11545367,21420737
Kenya,2023,21651596,33988205,1755344,7719137,13932459,11831434,22156771
Kenya,2024,21868976,35017143,1835949,7786636,14082340,12103410,22913733
Kenya,2025,22102309,36040626,1920223,7866497,14235812,12356176,23684450
Kenya,2026,22357793,37052191,2008192,7953624,14404169,12587197,24464994
Kenya,2027,22626174,38060401,2099697,8043786,14582388,12798832,25261569
Kenya,2028,22902770,39068372,2195505,8137183,14765587,12992909,26075463
Kenya,2029,23176161,40085545,2296536,8228464,14947697,13173597,26911948
Kenya,2030,23439750,41116358,2403885,8314898,15124852,13343898,27772460
Kenya,2031,23716039,42140780,2514395,8407135,15308904,13498513,28642267
Kenya,2032,23982194,43178032,2630791,8488872,15493322,13642199,29535833
Kenya,2033,24238280,44224231,2755386,8561714,15676566,13781592,30442639
Kenya,2034,24485865,45273181,2891073,8628925,15856940,13925801,31347380
Kenya,2035,24725127,46320835,3040144,8693103,16032024,14080686,32240149
Kenya,2036,24971762,47356121,3196999,8759103,16212659,14244382,33111739
Kenya,2037,25206910,48392959,3365708,8817439,16389471,14419849,33973110
Kenya,2038,25429525,49429693,3547741,8869567,16559958,14603956,34825737
Kenya,2039,25638235,50464759,3744754,8916603,16721632,14790627,35674132
Kenya,2040,25832124,51496509,3958232,8959653,16872471,14975793,36520716
Kenya,2041,26028140,52514760,4180372,9003310,17024830,15160314,37354446
Kenya,2042,26209278,53531046,4416000,9042226,17167052,15343565,38187481
Kenya,2043,26375416,54544176,4666230,9077278,17298138,15525664,39018512
Kenya,2044,26527384,55552112,4932312,9109739,17417645,15706733,39845379
Kenya,2045,26666199,56552654,5215301,9140829,17525370,15886321,40666333
Kenya,2046,26811789,57537268,5503178,9176592,17635197,16064810,41472458
Kenya,2047,26945315,58516827,5803105,9210115,17735200,16239857,42276970
Kenya,2048,27066636,59490870,6115014,9241174,17825462,16410309,43080561
Kenya,2049,27175854,60458990,6438550,9269187,17906667,16574240,43884750
Kenya,2050,27273435,61420143,6773559,9294249,17979186,16730094,44690049
Kenya,2051,27385537,62364119,7103450,9328057,18057480,16879561,45484558
Kenya,2052,27484601,63303513,7442464,9352842,18131759,17020607,46282906
Kenya,2053,27572035,64240028,7786575,9370707,18201328,17152876,47087152
Kenya,2054,27649765,65177464,8129083,9384682,18265083,17275858,47901606
Kenya,2055,27718725,66116749,8467212,9397382,18321343,17389313,48727436
Kenya,2056,27802054,67055905,8778997,9415995,18386059,17498354,49557551
Kenya,2057,27876224,67998981,9083211,9429959,18446265,17597498,50401483
Kenya,2058,27940559,68935920,9389842,9439997,18500562,17688212,51247708
Kenya,2059,27993741,69853161,9713042,9446299,18547442,17772447,52080714
Kenya,2060,28035062,70741370,10062146,9449418,18585644,17851409,52889961
Kenya,2061,28090734,71602688,10408044,9458753,18631981,17931281,53671407
Kenya,2062,28134229,72439644,10773981,9461983,18672246,18005862,54433782
Kenya,2063,28165502,73252240,11159222,9459924,18705578,18075674,55176566
Kenya,2064,28184861,74042016,11561129,9453675,18731186,18140916,55901100
Kenya,2065,28192441,74808638,11979137,9444341,18748100,18201606,56607032
Kenya,2066,28214368,75554738,12383918,9441104,18773264,18265156,57289582
Kenya,2067,28224140,76283178,12798463,9432005,18792135,18324541,57958637
Kenya,2068,28221444,76989437,13226698,9417696,18803748,18379428,58610009
Kenya,2069,28205714,77667714,13673976,9398583,18807131,18428931,59238783
Kenya,2070,28176511,78313905,14144049,9375288,18801223,18472323,59841582
Kenya,2071,28160751,78934046,14603405,9357663,18803088,18517619,60416427
Kenya,2072,28131302,79530137,15076947,9333080,18798222,18557102,60973035
Kenya,2073,28088765,80105274,15560865,9303165,18785600,18590807,61514467
Kenya,2074,28034254,80665152,16048467,9270126,18764128,18618561,62046591
Kenya,2075,27968440,81211825,16537088,9235747,18732693,18640056,62571769
Kenya,2076,27915479,81755834,16991746,9206492,18708987,18664621,63091213
Kenya,2077,27853426,82292973,17438413,9176264,18677162,18682824,63610149
Kenya,2078,27781743,82817226,17883797,9145031,18636712,18694730,64122496
Kenya,2079,27699918,83320334,18336947,9112395,18587523,18700144,64620190
Kenya,2080,27608064,83795360,18804863,9078361,18529703,18698621,65096739
Kenya,2081,27535395,84257754,19242930,9053575,18481820,18700172,65557582
Kenya,2082,27454497,84701553,19684278,9025713,18428784,18695312,66006241
Kenya,2083,27365615,85122750,20132231,8995029,18370586,18683575,66439175
Kenya,2084,27269108,85517064,20590060,8961842,18307266,18664007,66853057
Kenya,2085,27165054,85880020,21061723,8926692,18238362,18635838,67244182
Kenya,2086,27084670,86233815,21493660,8901635,18183035,18611011,67622804
Kenya,2087,26996676,86566762,21928965,8870511,18126165,18578818,67987944
Kenya,2088,26901534,86873400,22372744,8834847,18066687,18539293,68334107
Kenya,2089,26800052,87148931,22829202,8796772,18003280,18492613,68656318
Kenya,2090,26692610,87389889,23301636,8758103,17934507,18439064,68950825
Kenya,2091,26605837,87626170,23733639,8726547,17879290,18391620,69234550
Kenya,2092,26514799,87838626,24169395,8693678,17821121,18338243,69500383
Kenya,2093,26418610,88025337,24611773,8659545,17759065,18280114,69745223
Kenya,2094,26315588,88184140,25064727,8623498,17692090,18218503,69965637
Kenya,2095,26204276,88311506,25533397,8584976,17619300,18153894,70157612
Kenya,2096,26113840,88436696,25959595,8554729,17559111,18098652,70338044
Kenya,2097,26016701,88544460,26386479,8520548,17496153,18041992,70502468
Kenya,2098,25912210,88630720,26819163,8482552,17429658,17983406,70647314
Kenya,2099,25800714,88690843,27262434,8441926,17358788,17921767,70769076
Kenya,2100,25682816,88720134,27720949,8400403,17282413,17856058,70864076
Kiribati,1950,13454,18357,1237,5510,7944,7067,11290
Kiribati,1951,13793,18569,1261,5785,8008,6971,11598
Kiribati,1952,14112,18884,1290,5943,8169,6946,11938
Kiribati,1953,14487,19200,1320,6096,8391,6951,12249
Kiribati,1954,14939,19493,1345,6279,8660,6964,12529
Kiribati,1955,15465,19765,1366,6510,8955,6978,12787
Kiribati,1956,16032,20007,1416,6712,9320,6948,13059
Kiribati,1957,16674,20208,1464,6954,9720,6912,13296
Kiribati,1958,17343,20419,1506,7210,10133,6897,13522
Kiribati,1959,17996,20697,1547,7456,10540,6934,13763
Kiribati,1960,18612,21043,1578,7689,10923,7031,14012
Kiribati,1961,19288,21361,1608,7966,11322,7102,14259
Kiribati,1962,19906,21758,1638,8160,11746,7224,14534
Kiribati,1963,20466,22234,1663,8283,12183,7406,14828
Kiribati,1964,20975,22765,1685,8357,12618,7649,15116
Kiribati,1965,21431,23318,1704,8403,13028,7954,15364
Kiribati,1966,21886,23850,1723,8449,13437,8253,15597
Kiribati,1967,22267,24427,1743,8406,13861,8606,15821
Kiribati,1968,22566,25061,1761,8303,14263,9007,16054
Kiribati,1969,22780,25731,1783,8166,14614,9434,16297
Kiribati,1970,22914,26458,1806,8027,14887,9875,16583
Kiribati,1971,22966,27213,1846,7859,15107,10280,16933
Kiribati,1972,22961,27972,1891,7692,15269,10660,17312
Kiribati,1973,22910,28757,1937,7554,15356,11032,17725
Kiribati,1974,22846,29551,1983,7483,15363,11401,18150
Kiribati,1975,22792,30355,2022,7509,15283,11776,18579
Kiribati,1976,22791,31157,2029,7600,15191,12082,19075
Kiribati,1977,22884,31900,2026,7851,15033,12361,19539
Kiribati,1978,23046,32601,2015,8209,14837,12624,19977
Kiribati,1979,23228,33281,1997,8572,14656,12863,20418
Kiribati,1980,23398,33957,1984,8883,14515,13078,20879
Kiribati,1981,23802,34301,2030,9345,14457,13124,21177
Kiribati,1982,24065,34766,2089,9576,14489,13238,21528
Kiribati,1983,24268,35338,2162,9667,14601,13432,21906
Kiribati,1984,24573,35955,2237,9771,14802,13669,22286
Kiribati,1985,25100,36583,2320,10009,15091,13907,22676
Kiribati,1986,25632,37506,2380,10193,15439,14068,23438
Kiribati,1987,26452,38382,2427,10527,15925,14117,24265
Kiribati,1988,27448,39196,2454,10957,16491,14066,25130
Kiribati,1989,28404,39989,2467,11349,17055,13963,26026
Kiribati,1990,29174,40759,2479,11596,17578,13830,26929
Kiribati,1991,29983,41151,2566,11838,18145,13607,27544
Kiribati,1992,30596,41538,2635,11914,18682,13361,28177
Kiribati,1993,31062,41977,2680,11867,19195,13164,28813
Kiribati,1994,31491,42482,2698,11802,19689,13093,29389
Kiribati,1995,31958,43073,2699,11803,20155,13201,29872
Kiribati,1996,32352,43818,2737,11774,20578,13482,30336
Kiribati,1997,32795,44626,2763,11855,20940,13907,30719
Kiribati,1998,33223,45546,2781,11981,21242,14445,31101
Kiribati,1999,33544,46631,2791,12035,21509,15047,31584
Kiribati,2000,33733,47871,2802,11971,21762,15682,32189
Kiribati,2001,33996,48952,2910,12009,21987,16350,32602
Kiribati,2002,33958,50353,3032,11669,22289,17114,33239
Kiribati,2003,33791,51966,3138,11163,22628,17937,34029
Kiribati,2004,33773,53549,3220,10819,22954,18706,34843
Kiribati,2005,34081,54966,3278,10813,23268,19347,35619
Kiribati,2006,34109,56783,3368,10393,23716,19974,36809
Kiribati,2007,34760,58108,3443,10926,23834,20348,37760
Kiribati,2008,35713,59222,3505,12054,23659,20595,38627
Kiribati,2009,36526,60470,3572,13196,23330,20872,39598
Kiribati,2010,37011,61997,3644,13951,23060,21236,40761
Kiribati,2011,37838,63092,3726,15002,22836,21388,41704
Kiribati,2012,38223,64577,3813,15331,22892,21659,42918
Kiribati,2013,38370,66245,3920,15133,23237,21974,44271
Kiribati,2014,38666,67756,4036,14836,23830,22198,45558
Kiribati,2015,39280,68964,4163,14751,24529,22281,46683
Kiribati,2016,39832,70219,4344,14486,25346,22311,47908
Kiribati,2017,40729,71135,4534,14542,26187,22190,48945
Kiribati,2018,41811,71874,4729,14840,26971,22003,49871
Kiribati,2019,42784,72708,4936,15157,27627,21881,50827
Kiribati,2020,43502,73792,5145,15337,28165,21895,51897
Kiribati,2021,44125,74931,5377,15542,28583,21960,52971
Kiribati,2022,44524,76281,5608,15627,28897,22132,54149
Kiribati,2023,44748,77784,5856,15604,29144,22424,55360
Kiribati,2024,44923,79292,6128,15555,29368,22844,56448
Kiribati,2025,45107,80732,6431,15528,29579,23388,57344
Kiribati,2026,45292,82117,6771,15525,29767,24024,58093
Kiribati,2027,45461,83466,7131,15502,29959,24790,58676
Kiribati,2028,45611,84795,7503,15473,30138,25611,59184
Kiribati,2029,45726,86125,7888,15439,30287,26375,59750
Kiribati,2030,45793,87468,8277,15404,30389,27007,60461
Kiribati,2031,45843,88800,8686,15387,30456,27480,61320
Kiribati,2032,45869,90116,9100,15371,30498,27804,62312
Kiribati,2033,45880,91456,9496,15364,30516,28025,63431
Kiribati,2034,45896,92840,9847,15382,30514,28218,64622
Kiribati,2035,45925,94274,10141,15429,30496,28433,65841
Kiribati,2036,45982,95733,10384,15522,30460,28624,67109
Kiribati,2037,46073,97230,10569,15642,30431,28807,68423
Kiribati,2038,46198,98746,10718,15786,30412,28983,69763
Kiribati,2039,46355,100240,10865,15947,30408,29136,71104
Kiribati,2040,46549,101714,11032,16122,30427,29262,72452
Kiribati,2041,46835,103084,11228,16372,30463,29322,73762
Kiribati,2042,47150,104438,11429,16588,30562,29358,75080
Kiribati,2043,47500,105757,11645,16781,30719,29376,76381
Kiribati,2044,47879,107046,11883,16952,30927,29383,77663
Kiribati,2045,48279,108284,12134,17113,31166,29386,78898
Kiribati,2046,48728,109422,12443,17303,31425,29353,80069
Kiribati,2047,49179,110538,12762,17431,31748,29314,81224
Kiribati,2048,49624,111633,13103,17512,32112,29289,82344
Kiribati,2049,50059,112697,13474,17565,32494,29290,83407
Kiribati,2050,50469,113736,13880,17605,32864,29339,84397
Kiribati,2051,50833,114718,14374,17621,33212,29409,85309
Kiribati,2052,51176,115684,14888,17627,33549,29514,86170
Kiribati,2053,51481,116649,15403,17620,33861,29659,86990
Kiribati,2054,51732,117671,15906,17599,34133,29861,87810
Kiribati,2055,51920,118761,16369,17559,34361,30121,88640
Kiribati,2056,52050,119871,16840,17512,34538,30410,89461
Kiribati,2057,52123,121056,17253,17452,34671,30742,90314
Kiribati,2058,52144,122297,17648,17381,34763,31109,91188
Kiribati,2059,52122,123521,18060,17308,34814,31486,92035
Kiribati,2060,52064,124713,18512,17237,34827,31866,92847
Kiribati,2061,51989,125829,19035,17186,34803,32220,93609
Kiribati,2062,51884,126902,19589,17130,34754,32558,94344
Kiribati,2063,51761,127990,20128,17079,34682,32876,95114
Kiribati,2064,51627,129148,20587,17033,34594,33163,95985
Kiribati,2065,51495,130409,20926,17007,34488,33410,96999
Kiribati,2066,51384,131727,21168,17017,34367,33602,98125
Kiribati,2067,51285,133138,21290,17029,34256,33742,99396
Kiribati,2068,51196,134571,21365,17047,34149,33839,100732
Kiribati,2069,51127,135909,21508,17073,34054,33899,102010
Kiribati,2070,51077,137098,21781,17111,33966,33934,103164
Kiribati,2071,51078,138082,22205,17192,33886,33925,104157
Kiribati,2072,51096,138939,22726,17257,33839,33883,105056
Kiribati,2073,51140,139702,23319,17315,33825,33818,105884
Kiribati,2074,51203,140427,23921,17366,33837,33739,106688
Kiribati,2075,51280,141149,24503,17418,33862,33656,107493
Kiribati,2076,51395,141794,25126,17496,33899,33554,108240
Kiribati,2077,51518,142439,25725,17545,33973,33447,108992
Kiribati,2078,51647,143083,26310,17576,34071,33347,109736
Kiribati,2079,51769,143715,26892,17586,34183,33259,110456
Kiribati,2080,51881,144330,27486,17585,34296,33194,111136
Kiribati,2081,51982,144876,28128,17582,34400,33139,111737
Kiribati,2082,52065,145425,28754,17553,34512,33104,112321
Kiribati,2083,52123,145991,29372,17500,34623,33091,112900
Kiribati,2084,52146,146565,29975,17430,34716,33105,113460
Kiribati,2085,52138,147146,30568,17350,34788,33147,113999
Kiribati,2086,52094,147697,31184,17257,34837,33212,114485
Kiribati,2087,52015,148273,31777,17159,34856,33295,114978
Kiribati,2088,51904,148867,32342,17055,34849,33399,115468
Kiribati,2089,51753,149483,32887,16945,34808,33514,115969
Kiribati,2090,51571,150117,33409,16834,34737,33638,116479
Kiribati,2091,51367,150730,33940,16730,34637,33762,116968
Kiribati,2092,51142,151373,34428,16629,34513,33885,117488
Kiribati,2093,50894,152027,34890,16531,34363,34001,118026
Kiribati,2094,50632,152684,35328,16438,34194,34101,118583
Kiribati,2095,50353,153344,35753,16349,34004,34184,119160
Kiribati,2096,50098,153958,36179,16291,33807,34241,119717
Kiribati,2097,49839,154573,36576,16229,33610,34271,120302
Kiribati,2098,49579,155172,36958,16167,33412,34271,120901
Kiribati,2099,49331,155743,37349,16111,33220,34245,121498
Kiribati,2100,49100,156265,37760,16075,33025,34187,122078
Kuwait,1950,55849,92798,4449,23099,32750,33349,59449
Kuwait,1951,56929,96416,4587,23814,33115,34511,61905
Kuwait,1952,58328,99684,4684,25255,33073,35349,64335
Kuwait,1953,59896,103231,4769,26890,33006,36001,67230
Kuwait,1954,61586,107633,4872,28379,33207,36611,71022
Kuwait,1955,63684,113200,5004,29749,33935,37175,76025
Kuwait,1956,66938,120131,4906,31131,35807,40672,79459
Kuwait,1957,70554,129630,4881,32309,38245,44104,85526
Kuwait,1958,75513,141460,4938,33993,41520,47248,94212
Kuwait,1959,82790,155345,5100,37069,45721,50013,105332
Kuwait,1960,93176,171066,5376,42347,50829,52361,118705
Kuwait,1961,106936,188744,5656,47371,59565,61256,127488
Kuwait,1962,123048,209168,6080,54824,68224,70620,138548
Kuwait,1963,141621,231657,6613,64335,77286,79552,152105
Kuwait,1964,162097,255909,7229,74949,87148,87666,168243
Kuwait,1965,184062,281604,7888,85813,98249,94764,186840
Kuwait,1966,210951,304830,9075,97656,113295,102843,201987
Kuwait,1967,238907,329836,10264,109179,129728,111854,217982
Kuwait,1968,268213,355245,11439,120406,147807,120712,234533
Kuwait,1969,298540,379967,12622,131629,166911,128773,251194
Kuwait,1970,328951,403937,13879,142737,186214,135860,268077
Kuwait,1971,355615,430675,14852,152616,202999,143451,287224
Kuwait,1972,382581,456394,15629,165254,217327,151251,305143
Kuwait,1973,409917,482385,16218,179256,230661,159628,322757
Kuwait,1974,437111,510917,16806,192156,244955,169232,341685
Kuwait,1975,463698,543525,17717,201788,261910,180116,363409
Kuwait,1976,483946,586419,18844,207233,276713,196800,389619
Kuwait,1977,502095,634847,20091,209219,292876,212666,422181
Kuwait,1978,518746,687658,21197,208661,310085,226597,461061
Kuwait,1979,535483,742256,21944,208845,326638,237958,504298
Kuwait,1980,553515,796428,22375,212861,340654,246855,549573
Kuwait,1981,569453,850472,23066,217057,352396,264641,585831
Kuwait,1982,587554,900381,23379,227653,359901,278113,622268
Kuwait,1983,608498,948765,23375,242681,365817,287348,661417
Kuwait,1984,631156,1001322,23355,257556,373600,294300,707022
Kuwait,1985,654051,1061296,23647,268331,385720,300619,760677
Kuwait,1986,688456,1123104,24545,280940,407516,325589,797515
Kuwait,1987,719751,1197070,25989,285927,433824,350719,846351
Kuwait,1988,742301,1269138,27446,282082,460219,370166,898972
Kuwait,1989,748514,1320231,28187,269751,478763,378369,941862
Kuwait,1990,732490,1339227,27898,249780,482710,374225,965002
Kuwait,1991,685567,1321452,28642,227418,458149,366666,954786
Kuwait,1992,625337,1263748,27792,205895,419442,343742,920006
Kuwait,1993,563888,1187413,25836,187216,376672,309835,877578
Kuwait,1994,516450,1123782,23700,175239,341211,274172,849610
Kuwait,1995,494704,1094036,21911,174642,320062,243145,850891
Kuwait,1996,491469,1118110,22161,172830,318639,251509,866601
Kuwait,1997,507276,1184242,23796,182171,325105,271359,912883
Kuwait,1998,535468,1274473,26412,199512,335956,296363,978110
Kuwait,1999,563852,1363825,29389,217179,346673,318347,1045478
Kuwait,2000,582297,1436140,32304,226903,355394,332270,1103870
Kuwait,2001,590367,1483754,35234,231224,359143,358618,1125136
Kuwait,2002,588125,1517460,38248,227484,360641,373402,1144058
Kuwait,2003,581666,1545959,41493,218640,363026,377344,1168615
Kuwait,2004,580560,1582286,45093,211955,368605,374610,1207676
Kuwait,2005,591407,1636080,49136,213652,377755,369664,1266416
Kuwait,2006,597970,1728248,51040,211598,386372,398270,1329978
Kuwait,2007,614075,1836387,52948,220349,393726,422090,1414297
Kuwait,2008,638654,1958749,54937,237334,401320,439017,1519732
Kuwait,2009,667161,2094602,57176,256791,410370,449589,1645013
Kuwait,2010,695877,2242441,59765,273838,422039,455705,1786736
Kuwait,2011,728021,2399788,63242,291370,436651,455244,1944544
Kuwait,2012,757466,2570814,67276,302623,454843,457000,2113814
Kuwait,2013,783048,2743684,71653,307950,475098,458005,2285679
Kuwait,2014,804799,2901402,76249,309912,494887,454898,2446504
Kuwait,2015,822026,3032529,81239,310784,511242,447191,2585338
Kuwait,2016,850166,3113472,88946,316110,534056,481275,2632197
Kuwait,2017,872450,3167068,97010,320418,552032,506251,2660817
Kuwait,2018,890784,3200467,105877,323828,566956,520492,2679975
Kuwait,2019,905663,3226975,116336,325309,580354,525777,2701198
Kuwait,2020,917261,3256703,128911,324221,593040,525578,2731125
Kuwait,2021,928702,3288983,143785,323042,605660,548183,2740800
Kuwait,2022,935034,3325870,161166,319232,615802,567262,2758608
Kuwait,2023,938437,3365165,180296,313639,624798,580120,2785045
Kuwait,2024,940899,3403939,199866,308049,632850,586722,2817217
Kuwait,2025,942795,3440981,219138,303590,639205,589289,2851692
Kuwait,2026,940724,3480608,237746,297149,643575,606857,2873751
Kuwait,2027,938565,3519867,256051,294708,643857,624177,2895690
Kuwait,2028,936460,3557075,275397,295088,641372,638193,2918882
Kuwait,2029,933443,3590846,297788,296231,637212,646966,2943880
Kuwait,2030,928862,3620485,324327,296716,632146,650760,2969725
Kuwait,2031,925903,3644859,352936,299330,626573,665377,2979482
Kuwait,2032,920302,3667026,384971,300662,619640,677809,2989217
Kuwait,2033,913953,3685997,419681,301039,612914,685812,3000185
Kuwait,2034,908882,3701132,455903,301409,607473,688095,3013037
Kuwait,2035,905788,3712625,492910,302476,603312,685086,3027539
Kuwait,2036,905481,3722170,528220,304768,600713,693832,3028338
Kuwait,2037,905703,3729646,564143,306740,598963,698066,3031580
Kuwait,2038,907299,3734787,600007,308631,598668,696456,3038331
Kuwait,2039,910147,3738558,634874,310497,599650,689187,3049371
Kuwait,2040,913695,3741994,668132,312396,601299,677677,3064317
Kuwait,2041,918620,3747271,696934,314467,604153,678582,3068689
Kuwait,2042,923476,3753479,723598,316747,606729,676060,3077419
Kuwait,2043,928758,3759473,748638,319058,609700,669467,3090006
Kuwait,2044,934334,3764444,772770,321105,613229,659584,3104860
Kuwait,2045,939706,3768412,796359,322659,617047,648062,3120350
Kuwait,2046,946052,3772812,816723,324407,621645,651654,3121158
Kuwait,2047,951053,3777631,836251,325603,625450,654454,3123177
Kuwait,2048,955511,3782538,854557,326280,629231,654715,3127823
Kuwait,2049,959807,3788039,870920,326545,633262,651709,3136330
Kuwait,2050,963723,3794873,884936,326437,637286,646187,3148686
Kuwait,2051,967483,3804253,895238,326046,641437,653687,3150566
Kuwait,2052,969900,3815873,903340,325469,644431,659830,3156043
Kuwait,2053,971695,3828473,909844,324722,646973,663006,3165467
Kuwait,2054,973110,3841078,915515,323799,649311,662753,3178325
Kuwait,2055,973945,3853416,920903,322668,651277,659898,3193518
Kuwait,2056,974142,3865631,925979,321254,652888,668829,3196802
Kuwait,2057,973156,3878827,930301,320080,653076,676034,3202793
Kuwait,2058,971723,3891416,934857,319083,652640,680011,3211405
Kuwait,2059,970224,3901875,940999,318213,652011,680365,3221510
Kuwait,2060,968618,3909656,949458,317424,651194,677896,3231760
Kuwait,2061,966839,3913369,961776,316774,650065,685962,3227407
Kuwait,2062,964404,3915309,976210,316442,647962,692098,3223211
Kuwait,2063,962075,3916037,991555,316362,645713,694855,3221182
Kuwait,2064,960231,3917249,1005866,316466,643765,693796,3223453
Kuwait,2065,958802,3920208,1018023,316706,642096,689653,3230555
Kuwait,2066,957843,3922450,1030502,317348,640495,694887,3227563
Kuwait,2067,956589,3927321,1040754,317988,638601,698007,3229314
Kuwait,2068,955767,3933158,1049707,318645,637122,697765,3235393
Kuwait,2069,955673,3938266,1058743,319346,636327,693934,3244332
Kuwait,2070,956156,3941910,1068740,320117,636039,687355,3254555
Kuwait,2071,957176,3942743,1081075,321099,636077,689820,3252923
Kuwait,2072,958010,3943433,1093782,322004,636006,690505,3252928
Kuwait,2073,959206,3943164,1107073,322832,636374,688339,3254825
Kuwait,2074,960875,3941650,1121031,323549,637326,683231,3258419
Kuwait,2075,962753,3939009,1135733,324130,638623,676046,3262963
Kuwait,2076,964882,3934596,1151741,324688,640194,677927,3256669
Kuwait,2077,966490,3930123,1168078,325101,641389,678672,3251451
Kuwait,2078,968077,3924923,1184825,325363,642714,677218,3247705
Kuwait,2079,969751,3918708,1202083,325452,644299,673350,3245358
Kuwait,2080,971268,3911562,1219907,325331,645937,667765,3243797
Kuwait,2081,972767,3903883,1237733,325082,647685,670947,3232936
Kuwait,2082,973506,3896307,1255651,324770,648736,673281,3223026
Kuwait,2083,973935,3888604,1273408,324366,649569,673665,3214939
Kuwait,2084,974208,3881134,1290510,323835,650373,671757,3209377
Kuwait,2085,974162,3874359,1306637,323131,651031,668107,3206252
Kuwait,2086,974090,3869024,1320738,322381,651709,672432,3196592
Kuwait,2087,973225,3865269,1333448,321652,651573,675788,3189481
Kuwait,2088,972032,3862228,1345180,320912,651120,677122,3185106
Kuwait,2089,970734,3859211,1356436,320148,650586,676086,3183125
Kuwait,2090,969245,3855970,1367564,319332,649913,673165,3182805
Kuwait,2091,967936,3853289,1377445,318631,649305,677253,3176036
Kuwait,2092,966068,3851339,1386642,318036,648032,680191,3171148
Kuwait,2093,964101,3849400,1395440,317513,646588,681035,3168365
Kuwait,2094,962220,3846890,1404236,317020,645200,679488,3167402
Kuwait,2095,960290,3843511,1413490,316499,643791,676004,3167507
Kuwait,2096,958912,3840257,1421622,316265,642647,678737,3161520
Kuwait,2097,957170,3837163,1429545,316052,641118,680292,3156871
Kuwait,2098,955440,3833461,1437696,315827,639613,679830,3153631
Kuwait,2099,953877,3828635,1446489,315589,638288,677120,3151515
Kuwait,2100,952431,3822533,1456191,315393,637038,672624,3149909
Kyrgyzstan,1950,502843,1094911,142250,167117,335726,359499,735412
Kyrgyzstan,1951,511216,1108942,145397,191807,319409,365207,743735
Kyrgyzstan,1952,516474,1129791,148865,211275,305199,371392,758399
Kyrgyzstan,1953,524382,1151970,151843,229226,295156,376203,775767
Kyrgyzstan,1954,539261,1171516,153718,246906,292355,378242,793274
Kyrgyzstan,1955,563006,1186775,154279,265938,297068,376961,809814
Kyrgyzstan,1956,596679,1195368,155172,287746,308933,372027,823341
Kyrgyzstan,1957,636965,1202361,155235,306684,330281,365457,836904
Kyrgyzstan,1958,683267,1208869,154779,323819,359448,357372,851497
Kyrgyzstan,1959,733877,1217122,154182,340412,393465,348029,869093
Kyrgyzstan,1960,787616,1228788,153689,357744,429872,337969,890819
Kyrgyzstan,1961,842981,1243908,154864,372839,470142,327664,916244
Kyrgyzstan,1962,900928,1262486,156041,388559,512369,316702,945784
Kyrgyzstan,1963,959330,1284681,157452,403962,555368,307988,976693
Kyrgyzstan,1964,1015019,1310961,159450,416952,598067,305895,1005066
Kyrgyzstan,1965,1065563,1341690,162205,425801,639762,313163,1028527
Kyrgyzstan,1966,1112796,1373706,166548,432315,680481,328829,1044877
Kyrgyzstan,1967,1152856,1411630,171590,433492,719364,354154,1057476
Kyrgyzstan,1968,1186201,1454339,176795,430933,755268,387065,1067274
Kyrgyzstan,1969,1214561,1499671,181312,427948,786613,423800,1075871
Kyrgyzstan,1970,1238955,1546219,184690,426853,812102,461640,1084579
Kyrgyzstan,1971,1255656,1594973,189138,423668,831988,501236,1093737
Kyrgyzstan,1972,1272411,1641455,191669,428532,843879,539705,1101750
Kyrgyzstan,1973,1288201,1687049,193043,438821,849380,576245,1110804
Kyrgyzstan,1974,1300950,1734495,194243,449520,851430,610993,1123502
Kyrgyzstan,1975,1309698,1785639,195740,456684,853014,644291,1141348
Kyrgyzstan,1976,1316006,1837614,198998,465989,850017,673892,1163722
Kyrgyzstan,1977,1318521,1893125,202674,469941,848580,700583,1192542
Kyrgyzstan,1978,1319742,1951287,206200,470348,849394,723895,1227392
Kyrgyzstan,1979,1324047,2009899,208576,471974,852073,742846,1267053
Kyrgyzstan,1980,1334056,2067586,209339,478964,855092,757281,1310305
Kyrgyzstan,1981,1349550,2122903,210219,490125,859425,772969,1349934
Kyrgyzstan,1982,1371266,2176209,209709,505353,865913,784006,1392203
Kyrgyzstan,1983,1398630,2226935,208603,523874,874756,790486,1436449
Kyrgyzstan,1984,1428993,2276073,207992,543158,885835,793679,1482394
Kyrgyzstan,1985,1460136,2324477,208493,561387,898749,794979,1529498
Kyrgyzstan,1986,1500183,2365706,209298,584660,915523,793335,1572371
Kyrgyzstan,1987,1539502,2408588,210517,603229,936273,792001,1616587
Kyrgyzstan,1988,1576737,2450154,212404,616725,960012,791230,1658924
Kyrgyzstan,1989,1609937,2486478,215453,624884,985053,791207,1695271
Kyrgyzstan,1990,1637016,2515936,219938,627906,1009110,792422,1723514
Kyrgyzstan,1991,1663176,2529752,226703,631880,1031296,797094,1732658
Kyrgyzstan,1992,1680218,2539696,234275,626459,1053759,803473,1736223
Kyrgyzstan,1993,1691588,2550691,241561,614976,1076612,812156,1738535
Kyrgyzstan,1994,1702132,2569584,247085,602236,1099896,823934,1745650
Kyrgyzstan,1995,1715043,2600890,250154,592086,1122957,839456,1761434
Kyrgyzstan,1996,1719916,2653381,256101,575485,1144431,858533,1794848
Kyrgyzstan,1997,1727754,2717864,260020,564401,1163353,880667,1837197
Kyrgyzstan,1998,1734385,2789480,262908,557268,1177117,905126,1884354
Kyrgyzstan,1999,1733090,2861722,266317,549790,1183300,931174,1930548
Kyrgyzstan,2000,1719310,2930437,270971,537802,1181508,958048,1972389
Kyrgyzstan,2001,1700456,2984547,277587,523394,1177062,981277,2003270
Kyrgyzstan,2002,1671226,3035239,284222,507909,1163317,1005516,2029723
Kyrgyzstan,2003,1634868,3088175,289226,492616,1142252,1030835,2057340
Kyrgyzstan,2004,1599124,3148533,290272,482487,1116637,1056492,2092041
Kyrgyzstan,2005,1571157,3217826,286397,482900,1088257,1081682,2136144
Kyrgyzstan,2006,1564846,3281156,280728,495771,1069075,1109863,2171293
Kyrgyzstan,2007,1566374,3351230,272116,515806,1050568,1140637,2210593
Kyrgyzstan,2008,1576964,3423056,262274,542501,1034463,1170801,2252255
Kyrgyzstan,2009,1595658,3492026,253097,573163,1022495,1195939,2296087
Kyrgyzstan,2010,1621147,3555922,245268,605268,1015879,1212401,2343521
Kyrgyzstan,2011,1651028,3610265,245308,643789,1007239,1198346,2411919
Kyrgyzstan,2012,1687994,3660694,245420,678749,1009245,1174004,2486690
Kyrgyzstan,2013,1730638,3707445,245725,708933,1021705,1142765,2564680
Kyrgyzstan,2014,1776714,3750673,247179,732295,1044419,1109599,2641074
Kyrgyzstan,2015,1824102,3790312,250987,747691,1076411,1078073,2712239
Kyrgyzstan,2016,1876960,3819328,259446,760477,1116483,1045366,2773962
Kyrgyzstan,2017,1925009,3848757,271351,756843,1168166,1015311,2833446
Kyrgyzstan,2018,1969001,3878266,285665,742100,1226901,989391,2888875
Kyrgyzstan,2019,2010071,3907713,300832,724338,1285733,969470,2938243
Kyrgyzstan,2020,2047639,3938077,316002,709041,1338598,957366,2980711
Kyrgyzstan,2021,2065291,3981561,335046,679568,1385723,954855,3026706
Kyrgyzstan,2022,2085085,4020626,353344,665923,1419162,958372,3062254
Kyrgyzstan,2023,2101442,4059999,371953,663026,1438416,970260,3089739
Kyrgyzstan,2024,2107552,4105301,392438,661919,1445633,993229,3112072
Kyrgyzstan,2025,2101009,4158545,415518,656180,1444829,1028146,3130399
Kyrgyzstan,2026,2089569,4211694,441500,654513,1435056,1071107,3140587
Kyrgyzstan,2027,2066143,4272889,469380,647742,1418401,1125050,3147839
Kyrgyzstan,2028,2034834,4339540,498026,637252,1397582,1184648,3154892
Kyrgyzstan,2029,2003315,4406330,525579,627584,1375731,1241401,3164929
Kyrgyzstan,2030,1976149,4470161,550974,622039,1354110,1289730,3180431
Kyrgyzstan,2031,1952677,4531925,574137,620444,1332233,1328889,3203036
Kyrgyzstan,2032,1933657,4590838,595134,620632,1313025,1359119,3231719
Kyrgyzstan,2033,1919029,4646616,614468,622720,1296309,1380027,3266589
Kyrgyzstan,2034,1907092,4700292,632917,625687,1281405,1392103,3308189
Kyrgyzstan,2035,1896912,4752410,650962,629152,1267760,1395939,3356471
Kyrgyzstan,2036,1891586,4801192,667355,636182,1255404,1389588,3411604
Kyrgyzstan,2037,1888488,4848101,683222,641510,1246978,1373811,3474290
Kyrgyzstan,2038,1887817,4892829,698549,645567,1242250,1351714,3541115
Kyrgyzstan,2039,1889674,4935216,713159,649063,1240611,1327965,3607251
Kyrgyzstan,2040,1893724,4975388,727066,652604,1241120,1305920,3669468
Kyrgyzstan,2041,1900177,5013307,740051,657183,1242994,1284443,3728864
Kyrgyzstan,2042,1908088,5049277,752684,660153,1247935,1264944,3784333
Kyrgyzstan,2043,1916959,5083167,765412,661843,1255116,1247783,3835384
Kyrgyzstan,2044,1925928,5115106,778730,662485,1263443,1232820,3882286
Kyrgyzstan,2045,1934184,5145250,793109,662293,1271891,1220169,3925081
Kyrgyzstan,2046,1940743,5173642,809399,661306,1279437,1209117,3964525
Kyrgyzstan,2047,1946533,5201008,825894,659484,1287049,1200765,4000243
Kyrgyzstan,2048,1951021,5226126,844323,656844,1294177,1195383,4030743
Kyrgyzstan,2049,1953709,5246986,867185,653354,1300355,1193080,4053906
Kyrgyzstan,2050,1954207,5262657,895789,649009,1305198,1193927,4068730
Kyrgyzstan,2051,1951542,5273020,931205,644003,1307539,1196612,4076408
Kyrgyzstan,2052,1946907,5279048,971242,638407,1308500,1201833,4077215
Kyrgyzstan,2053,1940240,5283117,1013592,632323,1307917,1209084,4074033
Kyrgyzstan,2054,1931748,5288538,1054731,625972,1305776,1217482,4071056
Kyrgyzstan,2055,1921591,5297378,1092448,619557,1302034,1226430,4070948
Kyrgyzstan,2056,1909129,5308939,1128094,613338,1295791,1234652,4074287
Kyrgyzstan,2057,1895599,5323717,1159974,607233,1288366,1242620,4081097
Kyrgyzstan,2058,1881121,5341484,1188300,601308,1279813,1250073,4091411
Kyrgyzstan,2059,1865965,5361664,1213484,595674,1270291,1256643,4105021
Kyrgyzstan,2060,1850388,5383850,1235793,590504,1259884,1262103,4121747
Kyrgyzstan,2061,1834689,5408070,1254951,586642,1248047,1265341,4142729
Kyrgyzstan,2062,1819134,5433989,1271042,582874,1236260,1266750,4167239
Kyrgyzstan,2063,1803902,5461498,1284068,579290,1224612,1266445,4195053
Kyrgyzstan,2064,1789228,5490699,1293745,576030,1213198,1264581,4226118
Kyrgyzstan,2065,1775268,5521391,1300170,573306,1201962,1261374,4260017
Kyrgyzstan,2066,1762840,5553707,1302443,572297,1190543,1256067,4297640
Kyrgyzstan,2067,1751303,5587139,1301737,570896,1180407,1249066,4338073
Kyrgyzstan,2068,1740746,5619328,1300332,569271,1171475,1240723,4378605
Kyrgyzstan,2069,1731155,5647113,1301367,567611,1163544,1231471,4415642
Kyrgyzstan,2070,1722405,5668493,1306970,566142,1156263,1221730,4446763
Kyrgyzstan,2071,1715002,5684284,1315840,565826,1149176,1210951,4473333
Kyrgyzstan,2072,1708348,5694759,1328325,564770,1143578,1199567,4495192
Kyrgyzstan,2073,1702371,5699136,1345359,563176,1139195,1188013,4511123
Kyrgyzstan,2074,1696871,5696522,1368061,561244,1135627,1176784,4519738
Kyrgyzstan,2075,1691589,5686685,1396989,559184,1132405,1166322,4520363
Kyrgyzstan,2076,1686204,5669691,1432420,557400,1128804,1155975,4513716
Kyrgyzstan,2077,1680991,5646265,1473351,555031,1125960,1146261,4500004
Kyrgyzstan,2078,1675761,5618996,1517442,552196,1123565,1137412,4481584
Kyrgyzstan,2079,1670291,5591795,1561054,549004,1121287,1129627,4462168
Kyrgyzstan,2080,1664338,5567199,1601923,545575,1118763,1123078,4444121
Kyrgyzstan,2081,1657173,5544127,1641873,542056,1115117,1116945,4427182
Kyrgyzstan,2082,1649688,5524315,1678240,538210,1111478,1111812,4412503
Kyrgyzstan,2083,1641775,5507367,1711518,534120,1107655,1107659,4399708
Kyrgyzstan,2084,1633342,5492272,1742777,529882,1103460,1104309,4387963
Kyrgyzstan,2085,1624250,5478231,1772920,525582,1098668,1101618,4376613
Kyrgyzstan,2086,1614266,5466093,1801321,521493,1092773,1099047,4367046
Kyrgyzstan,2087,1603969,5455982,1827217,517353,1086616,1096807,4359175
Kyrgyzstan,2088,1593236,5447215,1851314,513172,1080064,1094743,4352472
Kyrgyzstan,2089,1582049,5439101,1874198,508985,1073064,1092623,4346478
Kyrgyzstan,2090,1570419,5431140,1896250,504875,1065544,1090329,4340811
Kyrgyzstan,2091,1559192,5426142,1913733,501585,1057607,1087854,4338288
Kyrgyzstan,2092,1547793,5421524,1929780,498147,1049646,1084852,4336672
Kyrgyzstan,2093,1536281,5416468,1945132,494643,1041638,1081317,4335151
Kyrgyzstan,2094,1524749,5409950,1960717,491188,1033561,1077217,4332733
Kyrgyzstan,2095,1513224,5401231,1977213,487910,1025314,1072574,4328657
Kyrgyzstan,2096,1503013,5394575,1989021,485702,1017311,1067764,4326811
Kyrgyzstan,2097,1492973,5386016,2001207,483287,1009686,1062144,4323872
Kyrgyzstan,2098,1483082,5375022,2014233,480729,1002353,1055832,4319190
Kyrgyzstan,2099,1473354,5361165,2028433,478141,995213,1048989,4312176
Kyrgyzstan,2100,1463817,5344181,2043936,475716,988101,1041777,4302404
Laos,1950,680638,966317,35960,274746,405892,321893,644424
Laos,1951,702133,983354,37675,286263,415870,325651,657703
Laos,1952,723432,1001217,39358,296777,426655,329881,671336
Laos,1953,744045,1020423,41047,305714,438331,334774,685649
Laos,1954,763945,1041083,42747,313276,450669,340422,700661
Laos,1955,783360,1063024,44468,320400,462960,346861,716163
Laos,1956,807179,1080948,46685,329940,477239,352362,728586
Laos,1957,829534,1101262,48933,336377,493157,359059,742203
Laos,1958,851158,1123358,51150,341255,509903,366713,756645
Laos,1959,872560,1146850,53289,346137,526423,375155,771695
Laos,1960,893846,1171715,55335,352300,541546,384419,787296
Laos,1961,917430,1194983,57930,359058,558372,393539,801444
Laos,1962,941059,1219677,60386,366530,574529,403425,816252
Laos,1963,964504,1246092,62753,374850,589654,414259,831833
Laos,1964,987285,1274728,65124,383754,603531,426381,848347
Laos,1965,1009264,1305788,67542,393287,615977,439984,865804
Laos,1966,1034949,1333679,70568,405237,629712,453167,880512
Laos,1967,1059126,1364220,73574,415540,643586,467813,896407
Laos,1968,1082933,1397394,76525,425144,657789,483550,913844
Laos,1969,1108005,1433058,79371,435539,672466,499826,933232
Laos,1970,1135239,1471086,82103,448041,687198,516333,954753
Laos,1971,1169160,1507587,85518,463729,705431,531853,975734
Laos,1972,1204921,1547118,88802,479337,725584,547895,999223
Laos,1973,1240376,1587051,91860,494275,746101,563442,1023609
Laos,1974,1272036,1624332,94597,507090,764946,577352,1046980
Laos,1975,1297430,1657212,96935,516964,780466,589050,1068162
Laos,1976,1332588,1665653,100732,532100,800488,589862,1075791
Laos,1977,1361558,1670180,104104,541438,820120,591348,1078832
Laos,1978,1387360,1674253,107230,547491,839869,595132,1079121
Laos,1979,1414932,1682056,110340,554174,860758,602990,1079066
Laos,1980,1447954,1696542,113648,564859,883095,616033,1080509
Laos,1981,1478734,1727574,117069,574171,904563,632040,1095534
Laos,1982,1514423,1766209,120610,585846,928577,651083,1115126
Laos,1983,1554229,1811526,124222,600228,954001,672792,1138734
Laos,1984,1596568,1862017,127796,617210,979358,696500,1165517
Laos,1985,1640394,1916246,131258,636896,1003498,721614,1194632
Laos,1986,1687296,1971291,135456,658752,1028544,746091,1225200
Laos,1987,1735443,2030300,139420,681179,1054264,771458,1258842
Laos,1988,1784600,2092523,143172,703920,1080680,797318,1295205
Laos,1989,1834572,2157074,146762,726712,1107860,823204,1333870
Laos,1990,1885019,2223246,150207,749620,1135399,848808,1374438
Laos,1991,1945401,2279676,154996,777866,1167535,869182,1410494
Laos,1992,2004542,2338253,159568,801289,1203253,890300,1447953
Laos,1993,2061134,2398337,163809,819674,1241460,911921,1486416
Laos,1994,2112900,2459864,167616,832150,1280750,933910,1525954
Laos,1995,2157765,2523176,170982,838614,1319151,956412,1566764
Laos,1996,2205215,2576426,175539,845973,1359242,973108,1603318
Laos,1997,2242672,2634081,179766,840824,1401848,992004,1642077
Laos,1998,2271523,2695576,183664,827196,1444327,1013558,1682018
Laos,1999,2294049,2760016,187219,810983,1483066,1038307,1721709
Laos,2000,2311444,2827394,190466,796669,1514775,1066719,1760675
Laos,2001,2318692,2900561,195315,776093,1542599,1093321,1807240
Laos,2002,2323645,2973975,199653,762996,1560649,1122541,1851434
Laos,2003,2325329,3050730,203597,756256,1569073,1155686,1895044
Laos,2004,2322915,3134425,207265,753361,1569554,1193828,1940597
Laos,2005,2317128,3226188,210710,752591,1564537,1236762,1989426
Laos,2006,2307045,3327235,215076,755651,1551394,1276263,2050972
Laos,2007,2297274,3433356,219157,761520,1535754,1316594,2116762
Laos,2008,2287522,3541629,223039,768492,1519030,1355391,2186238
Laos,2009,2277479,3647770,226787,774557,1502922,1389160,2258610
Laos,2010,2266670,3749115,230489,778501,1488169,1415928,2333187
Laos,2011,2261699,3836177,235611,789463,1472236,1425618,2410559
Laos,2012,2254083,3920307,240779,789741,1464342,1428912,2491395
Laos,2013,2246732,4001632,246193,783128,1463604,1426936,2574696
Laos,2014,2243608,4080625,252164,775506,1468102,1420999,2659626
Laos,2015,2246562,4158485,258920,771632,1474930,1412816,2745669
Laos,2016,2248402,4242601,267350,765610,1482792,1411144,2831457
Laos,2017,2255296,4326530,276334,763420,1491876,1406407,2920123
Laos,2018,2264626,4410779,285805,764118,1500508,1400631,3010148
Laos,2019,2271947,4496648,295647,764739,1507208,1396745,3099903
Laos,2020,2274679,4584330,305813,763224,1511455,1396441,3187889
Laos,2021,2275654,4669210,317437,762235,1513419,1396405,3272805
Laos,2022,2272145,4755872,329196,758296,1513849,1399581,3356291
Laos,2023,2264959,4843515,341291,752046,1512913,1405634,3437881
Laos,2024,2256129,4930421,353945,745163,1510966,1413365,3517056
Laos,2025,2246820,5015624,367329,738896,1507924,1421948,3593676
Laos,2026,2236932,5098088,382443,732989,1503943,1429587,3668501
Laos,2027,2226474,5178747,398000,727132,1499342,1437929,3740818
Laos,2028,2215161,5257833,414027,721404,1493757,1446455,3811378
Laos,2029,2202449,5335905,430497,715555,1486894,1454203,3881702
Laos,2030,2188152,5413078,447468,709541,1478611,1460478,3952600
Laos,2031,2173915,5486998,465593,704578,1469337,1463120,4023878
Laos,2032,2158529,5559759,483947,698877,1459652,1463596,4096163
Laos,2033,2142120,5630929,502784,692648,1449472,1462546,4168383
Laos,2034,2125036,5699822,522394,686252,1438784,1460781,4239041
Laos,2035,2107515,5765938,543014,680044,1427471,1458784,4307154
Laos,2036,2090914,5827509,564997,675028,1415886,1454562,4372947
Laos,2037,2073981,5886408,587689,669342,1404639,1449570,4436838
Laos,2038,2056719,5942563,611130,663230,1393489,1444003,4498560
Laos,2039,2039117,5995975,635271,656934,1382183,1437820,4558155
Laos,2040,2021175,6046559,660171,650725,1370450,1431009,4615550
Laos,2041,2004200,6092717,686088,645520,1358680,1421985,4670732
Laos,2042,1987067,6136138,712433,639752,1347315,1412052,4724086
Laos,2043,1969686,6176422,739640,633605,1336081,1401686,4774736
Laos,2044,1951986,6213059,768224,627272,1324714,1391307,4821752
Laos,2045,1933933,6245664,798549,620970,1312963,1381165,4864499
Laos,2046,1916773,6273022,830563,615573,1301200,1369739,4903283
Laos,2047,1899429,6296791,863694,609682,1289747,1358195,4938596
Laos,2048,1881809,6316782,898232,603460,1278349,1346852,4969930
Laos,2049,1863903,6332744,934487,597100,1266803,1335838,4996906
Laos,2050,1845720,6344480,972692,590824,1254896,1325214,5019266
Laos,2051,1828488,6351348,1012276,585454,1243034,1313828,5037520
Laos,2052,1811130,6354832,1052812,579698,1231432,1302446,5052386
Laos,2053,1793569,6354712,1094589,573698,1219871,1291308,5063404
Laos,2054,1775784,6350682,1137925,567607,1208177,1280481,5070201
Laos,2055,1757788,6342573,1182966,561607,1196181,1269973,5072600
Laos,2056,1740855,6330063,1228779,556548,1184307,1258740,5071323
Laos,2057,1723844,6314357,1275313,551109,1172735,1247417,5066940
Laos,2058,1706727,6296188,1321881,545453,1161274,1236237,5059951
Laos,2059,1689544,6276654,1367372,539780,1149764,1225282,5051372
Laos,2060,1672343,6256390,1411129,534304,1138039,1214592,5041798
Laos,2061,1656329,6235340,1452025,529773,1126556,1203266,5032074
Laos,2062,1640475,6214044,1490580,525043,1115432,1191791,5022253
Laos,2063,1624697,6192322,1527091,520205,1104492,1180423,5011899
Laos,2064,1608939,6169978,1561836,515341,1093598,1169287,5000691
Laos,2065,1593185,6146780,1595093,510577,1082608,1158447,4988333
Laos,2066,1578746,6122836,1625507,506800,1071946,1147064,4975772
Laos,2067,1564400,6098988,1653486,502616,1061784,1135626,4963362
Laos,2068,1550111,6074229,1680137,498164,1051947,1124370,4949859
Laos,2069,1535900,6047153,1706901,493622,1042278,1113408,4933745
Laos,2070,1521761,6016912,1734708,489174,1032587,1102803,4914109
Laos,2071,1508650,5983426,1762733,485490,1023160,1091731,4891695
Laos,2072,1495691,5947748,1790871,481463,1014228,1080697,4867051
Laos,2073,1482800,5910221,1818934,477222,1005578,1069946,4840275
Laos,2074,1469937,5871482,1846425,472912,997025,1059618,4811864
Laos,2075,1457061,5831870,1873126,468682,988379,1049775,4782095
Laos,2076,1444838,5790660,1899161,465037,979801,1039557,4751103
Laos,2077,1432757,5749411,1923586,461185,971572,1029523,4719888
Laos,2078,1420721,5707875,1946819,457209,963512,1019877,4687998
Laos,2079,1408681,5665752,1969313,453199,955482,1010722,4655030
Laos,2080,1396613,5622835,1991429,449264,947349,1002083,4620752
Laos,2081,1385023,5578056,2013759,445878,939145,993046,4585010
Laos,2082,1373555,5533559,2034613,442281,931274,984249,4549310
Laos,2083,1362140,5489264,2054245,438558,923582,975830,4513434
Laos,2084,1350769,5445128,2072811,434810,915959,967806,4477322
Laos,2085,1339423,5401063,2090504,431156,908267,960153,4440910
Laos,2086,1328481,5355764,2108333,428008,900473,951963,4403801
Laos,2087,1317717,5311529,2124267,424667,893050,943895,4367634
Laos,2088,1307062,5268076,2138702,421214,885848,936090,4331986
Laos,2089,1296469,5225014,2152066,417742,878727,928576,4296438
Laos,2090,1285886,5182011,2164775,414356,871530,921343,4260668
Laos,2091,1275757,5138488,2176994,411453,864304,913651,4224837
Laos,2092,1265804,5096021,2187478,408383,857421,906019,4190002
Laos,2093,1255944,5054209,2196747,405216,850728,898572,4155637
Laos,2094,1246124,5012696,2205279,402031,844093,891381,4121315
Laos,2095,1236310,4971168,2213439,398925,837385,884450,4086718
Laos,2096,1227035,4929767,2220593,396301,830734,877234,4052533
Laos,2097,1217928,4889251,2226367,393537,824391,870088,4019163
Laos,2098,1208911,4849291,2231180,390693,818218,863126,3986165
Laos,2099,1199937,4809542,2235408,387843,812094,856391,3953151
Laos,2100,1190963,4769682,2239382,385066,805897,849877,3919805
Latin America and the Caribbean,1950,67994195,94914531,6008967,27074374,40919821,31931306,62983225
Latin America and the Caribbean,1951,70280484,97038809,6177833,28280466,42000018,32524969,64513840
Latin America and the Caribbean,1952,72664390,99223817,6345729,29525178,43139212,33127031,66096786
Latin America and the Caribbean,1953,75078362,101514158,6514916,30713901,44364461,33761475,67752683
Latin America and the Caribbean,1954,77487147,103933293,6684833,31796955,45690192,34448478,69484815
Latin America and the Caribbean,1955,79896899,106472374,6854409,32807963,47088936,35197011,71275363
Latin America and the Caribbean,1956,82720867,108658033,7088830,34054231,48666636,35841958,72816075
Latin America and the Caribbean,1957,85448896,111076127,7325808,34966122,50482774,36597881,74478246
Latin America and the Caribbean,1958,88168784,113658868,7565717,35697621,52471163,37440397,76218471
Latin America and the Caribbean,1959,90964527,116344081,7811136,36432089,54532438,38344416,77999665
Latin America and the Caribbean,1960,93867830,119117668,8065043,37317530,56550300,39308505,79809163
Latin America and the Caribbean,1961,96871581,121935369,8386858,38178834,58692747,40306504,81628865
Latin America and the Caribbean,1962,100022151,124807058,8708485,39229867,60792284,41341470,83465588
Latin America and the Caribbean,1963,103215264,127801442,9030269,40399333,62815931,42458508,85342934
Latin America and the Caribbean,1964,106282438,131036168,9354111,41526412,64756026,43732614,87303554
Latin America and the Caribbean,1965,109129420,134567334,9681406,42512013,66617407,45206481,89360853
Latin America and the Caribbean,1966,112168751,137945254,10034654,43657663,68511088,46724982,91220272
Latin America and the Caribbean,1967,114889022,141709558,10391988,44418071,70470951,48464265,93245293
Latin America and the Caribbean,1968,117388188,145772176,10753939,44912303,72475885,50365302,95406874
Latin America and the Caribbean,1969,119825534,149994924,11118577,45350393,74475141,52334873,97660051
Latin America and the Caribbean,1970,122278687,154312478,11486287,45898702,76379985,54320820,99991658
Latin America and the Caribbean,1971,124771938,158656624,11901334,46438720,78333218,56277168,102379456
Latin America and the Caribbean,1972,127284172,163094599,12307417,47066047,80218125,58233789,104860810
Latin America and the Caribbean,1973,129765467,167660997,12709948,47771010,81994457,60191671,107469326
Latin America and the Caribbean,1974,132123235,172426860,13116858,48489342,83633893,62164468,110262392
Latin America and the Caribbean,1975,134315858,177419443,13532184,49188247,85127611,64156664,113262779
Latin America and the Caribbean,1976,136596916,182323287,14009308,50010010,86586906,66002817,116320470
Latin America and the Caribbean,1977,138731612,187431693,14489671,50731196,88000416,67842825,119588868
Latin America and the Caribbean,1978,140751616,192726311,14967947,51372020,89379596,69680633,123045678
Latin America and the Caribbean,1979,142718007,198169546,15433351,51981433,90736574,71516694,126652852
Latin America and the Caribbean,1980,144665850,203736412,15882043,52609413,92056437,73352510,130383902
Latin America and the Caribbean,1981,146774872,209209411,16353698,53347600,93427272,75101223,134108188
Latin America and the Caribbean,1982,148821918,214842423,16805406,53970537,94851381,76847029,137995394
Latin America and the Caribbean,1983,150806829,220595907,17251826,54505801,96301028,78567178,142028729
Latin America and the Caribbean,1984,152708240,226439397,17711874,54968558,97739682,80230709,146208688
Latin America and the Caribbean,1985,154501374,232360762,18197485,55380526,99120848,81825475,150535287
Latin America and the Caribbean,1986,156264264,238209293,18765164,55802476,100461788,83254152,154955141
Latin America and the Caribbean,1987,157900580,244155025,19342464,56092437,101808143,84603460,159551565
Latin America and the Caribbean,1988,159416434,250198500,19936259,56288412,103128022,85911287,164287213
Latin America and the Caribbean,1989,160823908,256343943,20552750,56439762,104384146,87232906,169111037
Latin America and the Caribbean,1990,162128406,262595270,21195533,56589341,105539065,88608180,173987090
Latin America and the Caribbean,1991,163351614,268858497,21936393,56705020,106646594,90021164,178837333
Latin America and the Caribbean,1992,164470858,275221944,22691321,56820939,107649919,91469988,183751956
Latin America and the Caribbean,1993,165465347,281687729,23452109,56933478,108531869,92949001,188738728
Latin America and the Caribbean,1994,166314935,288253914,24205346,57029091,109285844,94437017,193816897
Latin America and the Caribbean,1995,167012139,294904234,24946189,57100309,109911830,95914541,198989693
Latin America and the Caribbean,1996,167649204,301396773,25821242,57212138,110437066,97242010,204154763
Latin America and the Caribbean,1997,168173053,307934064,26679615,57289720,110883333,98547210,209386854
Latin America and the Caribbean,1998,168570341,314492396,27534698,57317848,111252493,99818022,214674374
Latin America and the Caribbean,1999,168826379,321041798,28403749,57272290,111554089,101029359,220012439
Latin America and the Caribbean,2000,168932569,327563167,29299237,57142596,111789973,102165299,225397868
Latin America and the Caribbean,2001,168974807,333894066,30281675,57046541,111928266,103122758,230771308
Latin America and the Caribbean,2002,168839382,340230487,31283777,56776499,112062883,104002717,236227770
Latin America and the Caribbean,2003,168574674,346576305,32307846,56389915,112184759,104815392,241760913
Latin America and the Caribbean,2004,168248717,352940010,33352709,55969391,112279326,105567927,247372083
Latin America and the Caribbean,2005,167899417,359332800,34423654,55576650,112322767,106267141,253065659
Latin America and the Caribbean,2006,167388978,365895084,35534477,55082864,112306114,106955084,258940000
Latin America and the Caribbean,2007,166870891,372474430,36668173,54658755,112212136,107550487,264923943
Latin America and the Caribbean,2008,166321987,379059912,37840405,54304491,112017496,108077545,270982367
Latin America and the Caribbean,2009,165717559,385627072,39069027,54013542,111704017,108563667,277063405
Latin America and the Caribbean,2010,165059645,392131608,40370277,53782846,111276799,109018707,283112901
Latin America and the Caribbean,2011,164412932,398488983,41759799,53598221,110814711,109426850,289062133
Latin America and the Caribbean,2012,163787624,404731129,43195142,53534213,110253411,109779101,294952028
Latin America and the Caribbean,2013,163159438,410830607,44708801,53536242,109623196,110071384,300759223
Latin America and the Caribbean,2014,162497101,416752982,46343839,53523822,108973279,110289718,306463264
Latin America and the Caribbean,2015,161787952,422463499,48129380,53446008,108341944,110422012,312041487
Latin America and the Caribbean,2016,161301863,427729076,50017700,53530766,107771097,110428889,317300187
Latin America and the Caribbean,2017,160688703,432865821,52038729,53373181,107315522,110377740,322488081
Latin America and the Caribbean,2018,160012739,437825773,54173489,53047384,106965355,110247990,327577783
Latin America and the Caribbean,2019,159358705,442557824,56389028,52672307,106686398,110008287,332549537
Latin America and the Caribbean,2020,158755885,447042828,58674825,52333642,106422243,109648238,337394590
Latin America and the Caribbean,2021,158161371,451366845,60982772,51939375,106221996,109211619,342155226
Latin America and the Caribbean,2022,157634288,455453846,63323973,51608577,106025711,108653161,346800685
Latin America and the Caribbean,2023,157119510,459320231,65735306,51323882,105795628,108031070,351289161
Latin America and the Caribbean,2024,156526593,463002607,68269606,51031226,105495367,107429620,355572987
Latin America and the Caribbean,2025,155809297,466510241,70962340,50694240,105115057,106899924,359610317
Latin America and the Caribbean,2026,155092465,469848176,73681684,50367040,104725425,106459315,363388861
Latin America and the Caribbean,2027,154278244,473031323,76507471,50023330,104254914,106080448,366950875
Latin America and the Caribbean,2028,153371244,476056566,79434044,49660123,103711121,105758327,370298239
Latin America and the Caribbean,2029,152402212,478910394,82439260,49289477,103112735,105471786,373438608
Latin America and the Caribbean,2030,151391728,481578255,85513408,48919602,102472126,105203622,376374633
Latin America and the Caribbean,2031,150454271,484112567,88487346,48599068,101855203,104986641,379125926
Latin America and the Caribbean,2032,149476896,486495610,91491309,48265130,101211766,104794471,381701139
Latin America and the Caribbean,2033,148465114,488702731,94545089,47922648,100542466,104597108,384105623
Latin America and the Caribbean,2034,147424111,490705307,97673864,47576003,99848108,104347548,386357759
Latin America and the Caribbean,2035,146358075,492477635,100900319,47230723,99127352,104014764,388462871
Latin America and the Caribbean,2036,145395010,494121835,103994225,46939502,98455508,103641761,390480074
Latin America and the Caribbean,2037,144417588,495577350,107132686,46635584,97782004,103180170,392397180
Latin America and the Caribbean,2038,143427738,496818826,110339216,46323832,97103906,102645230,394173596
Latin America and the Caribbean,2039,142426942,497820419,113638149,46009849,96417093,102062872,395757547
Latin America and the Caribbean,2040,141415679,498561281,117050053,45699157,95716522,101449903,397111378
Latin America and the Caribbean,2041,140517118,499194018,120299406,45438524,95078594,100852484,398341534
Latin America and the Caribbean,2042,139619087,499618039,123599414,45172603,94446484,100219179,399398860
Latin America and the Caribbean,2043,138717907,499817520,126970025,44902070,93815837,99557901,400259619
Latin America and the Caribbean,2044,137808377,499778308,130431154,44626569,93181808,98875960,400902348
Latin America and the Caribbean,2045,136886238,499486741,134001354,44346947,92539291,98178245,401308496
Latin America and the Caribbean,2046,136077339,499123535,137374435,44114888,91962451,97520899,401602636
Latin America and the Caribbean,2047,135263450,498576455,140781467,43868605,91394845,96854836,401721619
Latin America and the Caribbean,2048,134442032,497841629,144229884,43610351,90831681,96183842,401657787
Latin America and the Caribbean,2049,133608821,496914024,147730302,43342485,90266336,95508129,401405895
Latin America and the Caribbean,2050,132756860,495779397,151304944,43066747,89690113,94826342,400953055
Latin America and the Caribbean,2051,132009964,494677285,154591636,42830191,89179773,94204783,400472502
Latin America and the Caribbean,2052,131253834,493450664,157862027,42580948,88672886,93583746,399866918
Latin America and the Caribbean,2053,130480642,492076352,161146581,42319536,88161106,92962853,399113499
Latin America and the Caribbean,2054,129682722,490536458,164469941,42046337,87636385,92340614,398195844
Latin America and the Caribbean,2055,128853421,488815145,167854122,41761970,87091451,91715230,397099915
Latin America and the Caribbean,2056,128121607,487210546,170873110,41512862,86608745,91160426,396050120
Latin America and the Caribbean,2057,127372159,485519104,173847126,41254125,86118034,90607114,394911990
Latin America and the Caribbean,2058,126600489,483713361,176809587,40986957,85613532,90054434,393658927
Latin America and the Caribbean,2059,125802158,481753652,179806471,40713137,85089021,89498493,392255159
Latin America and the Caribbean,2060,124970982,479601414,182884204,40433281,84537701,88933663,390667751
Latin America and the Caribbean,2061,124243614,477620293,185544474,40192986,84050628,88443485,389176808
Latin America and the Caribbean,2062,123505892,475547104,188166729,39955085,83550807,87949822,387597282
Latin America and the Caribbean,2063,122748481,473367266,190777486,39715378,83033103,87448005,385919261
Latin America and the Caribbean,2064,121962646,471077748,193391197,39468326,82494320,86931913,384145835
Latin America and the Caribbean,2065,121142297,468668156,196027443,39210450,81931847,86395836,382272320
Latin America and the Caribbean,2066,120446919,466533686,198134375,39004071,81442848,85929526,380604160
Latin America and the Caribbean,2067,119734656,464377831,200153595,38784260,80950396,85451267,378926564
Latin America and the Caribbean,2068,119003377,462171380,202119716,38553081,80450296,84957138,377214242
Latin America and the Caribbean,2069,118252571,459881570,204069370,38315047,79937524,84441218,375440352
Latin America and the Caribbean,2070,117477788,457471605,206047559,38072994,79404794,83897663,373573942
Latin America and the Caribbean,2071,116829265,455384012,207464800,37877364,78951901,83422864,371961148
Latin America and the Caribbean,2072,116180540,453290016,208780456,37681988,78498552,82931222,370358794
Latin America and the Caribbean,2073,115521763,451128155,210070938,37483806,78037957,82421512,368706643
Latin America and the Caribbean,2074,114840931,448824938,211427528,37277757,77563174,81892845,366932093
Latin America and the Caribbean,2075,114127846,446321301,212924712,37060215,77067631,81342732,364978569
Latin America and the Caribbean,2076,113545334,444084164,213937237,36891918,76653416,80869916,363214248
Latin America and the Caribbean,2077,112953430,441767937,214954386,36713373,76240057,80388853,361379084
Latin America and the Caribbean,2078,112345028,439347261,216011901,36523762,75821266,79897025,359450236
Latin America and the Caribbean,2079,111713004,436802980,217139172,36323089,75389915,79390700,357412280
Latin America and the Caribbean,2080,111048064,434107657,218376141,36110694,74937370,78865050,355242607
Latin America and the Caribbean,2081,110509587,431755345,219073507,35942507,74567080,78424028,353331317
Latin America and the Caribbean,2082,109962344,429376082,219740839,35766355,74195989,77979299,351396783
Latin America and the Caribbean,2083,109396596,426933110,220429203,35580814,73815782,77526408,349406702
Latin America and the Caribbean,2084,108801745,424389802,221190535,35384155,73417590,77059676,347330126
Latin America and the Caribbean,2085,108167218,421709072,222077066,35174561,72992657,76573087,345135985
Latin America and the Caribbean,2086,107654875,419417712,222404130,35007002,72647873,76174334,343243378
Latin America and the Caribbean,2087,107131142,417120134,222704784,34835078,72296064,75771316,341348818
Latin America and the Caribbean,2088,106585040,414772856,223038463,34655729,71929311,75359043,339413813
Latin America and the Caribbean,2089,106006535,412334365,223461974,34465954,71540581,74932343,337402022
Latin America and the Caribbean,2090,105386771,409766567,224027074,34263247,71123524,74485809,335280758
Latin America and the Caribbean,2091,104890389,407603998,224038327,34104695,70785694,74127595,333476403
Latin America and the Caribbean,2092,104380706,405438823,224043418,33940797,70439909,73764959,331673864
Latin America and the Caribbean,2093,103849334,403229932,224094508,33769335,70079999,73391924,329838008
Latin America and the Caribbean,2094,103287571,400931502,224248418,33588054,69699517,73000504,327930998
Latin America and the Caribbean,2095,102685432,398496073,224565011,33394367,69291065,72582422,325913651
Latin America and the Caribbean,2096,102211225,396477229,224324940,33246582,68964643,72249056,324228173
Latin America and the Caribbean,2097,101726145,394451291,224093146,33093573,68632572,71906149,322545142
Latin America and the Caribbean,2098,101219313,392368288,223933312,32932298,68287015,71547000,320821288
Latin America and the Caribbean,2099,100680295,390178361,223908625,32760069,67920226,71164483,319013878
Latin America and the Caribbean,2100,100100549,387839254,224072833,32575400,67525149,70752428,317086826
Latvia,1950,490731,1241250,194587,149870,340861,338709,902541
Latvia,1951,483378,1252818,197795,148855,334523,341609,911209
Latvia,1952,476526,1268086,201344,148978,327548,344243,923843
Latvia,1953,470391,1286172,205092,149936,320455,346510,939662
Latvia,1954,465610,1306027,208758,151709,313901,348389,957638
Latvia,1955,462676,1326727,212167,154506,308170,349827,976900
Latvia,1956,461935,1348320,214420,159151,302784,348596,999724
Latvia,1957,461719,1370818,216778,162140,299579,347315,1023503
Latvia,1958,462616,1393196,219360,164086,298530,345475,1047721
Latvia,1959,465129,1414705,222170,165722,299407,342335,1072370
Latvia,1960,469388,1435008,225190,167687,301701,337589,1097419
Latvia,1961,477294,1451161,229205,169385,307909,336317,1114844
Latvia,1962,485828,1467196,232854,171134,314694,333768,1133428
Latvia,1963,494210,1482996,236597,172695,321515,330469,1152527
Latvia,1964,501204,1498636,241105,173356,327848,327521,1171115
Latvia,1965,506121,1514065,246755,172682,333439,325729,1188336
Latvia,1966,510376,1527140,253949,171608,338768,324602,1202538
Latvia,1967,512170,1540456,261874,168626,343544,324730,1215726
Latvia,1968,512329,1553826,270167,164717,347612,326052,1227774
Latvia,1969,512462,1566666,278267,161763,350699,328135,1238531
Latvia,1970,513530,1578614,285873,160956,352574,330583,1248031
Latvia,1971,513827,1590550,293999,158846,354981,337911,1252639
Latvia,1972,516182,1601353,300732,162363,353819,346392,1254961
Latvia,1973,519011,1611742,306424,169251,349760,355551,1256191
Latvia,1974,519815,1622891,311687,175598,344217,364668,1258223
Latvia,1975,517587,1635044,316805,178683,338904,372779,1262265
Latvia,1976,520885,1639773,321523,184286,336599,377303,1262470
Latvia,1977,519026,1647508,326444,183293,335733,381919,1265589
Latvia,1978,514567,1657483,330463,178140,336427,386019,1271464
Latvia,1979,511653,1668294,331788,173358,338295,388573,1279721
Latvia,1980,512506,1679271,329608,172013,340493,388798,1290473
Latvia,1981,513229,1690658,327126,167937,345292,385806,1304852
Latvia,1982,519779,1699730,320933,170643,349136,380175,1319555
Latvia,1983,529818,1707992,313117,178052,351766,373452,1334540
Latvia,1984,539659,1717823,306625,186375,353284,367879,1349944
Latvia,1985,547695,1729995,303061,193073,354622,364514,1365481
Latvia,1986,557553,1741319,303279,201936,355617,363398,1377921
Latvia,1987,565096,1755993,305810,207892,357204,364263,1391730
Latvia,1988,570290,1769862,309669,210614,359676,365839,1404023
Latvia,1989,572896,1777561,313467,209876,363020,366465,1411096
Latvia,1990,571704,1776325,316403,205151,366553,365170,1411155
Latvia,1991,569144,1756085,323923,198932,370212,359564,1396521
Latvia,1992,561254,1728414,330578,187499,373755,353701,1374713
Latvia,1993,549183,1697260,336207,172585,376598,347916,1349344
Latvia,1994,534950,1667970,340702,156965,377985,342866,1325104
Latvia,1995,520240,1644044,344189,142927,377313,339106,1304938
Latvia,1996,500132,1630205,348488,125470,374662,336458,1293747
Latvia,1997,481626,1620393,351283,113286,368340,334828,1285565
Latvia,1998,463801,1613512,353234,105578,358223,334539,1278973
Latvia,1999,445325,1607615,355150,100600,344725,335967,1271648
Latvia,2000,425729,1601085,357349,96609,329120,338954,1262131
Latvia,2001,404416,1590802,363459,92496,311920,341863,1248939
Latvia,2002,384371,1578975,369146,92439,291932,345882,1233093
Latvia,2003,365185,1566515,374075,94735,270450,350062,1216453
Latvia,2004,347049,1554123,377683,97766,249283,352732,1201391
Latvia,2005,330589,1541767,379627,100715,229874,352680,1189087
Latvia,2006,321822,1520581,382820,108773,213049,345022,1175559
Latvia,2007,312981,1500481,385056,112457,200524,335762,1164719
Latvia,2008,305393,1480282,386206,113165,192228,324840,1155442
Latvia,2009,300499,1458612,386198,112771,187728,311965,1146647
Latvia,2010,298531,1435150,385167,112517,186014,297120,1138030
Latvia,2011,297238,1409488,385767,110740,186498,279499,1129989
Latvia,2012,297728,1383075,385571,108352,189376,260515,1122560
Latvia,2013,299239,1356575,384970,105751,193488,241767,1114808
Latvia,2014,300649,1331022,384454,103155,197494,225212,1105810
Latvia,2015,301509,1306896,384258,100811,200698,211793,1095103
Latvia,2016,300328,1285447,384755,96834,203494,197900,1087547
Latvia,2017,300358,1264166,385146,94976,205382,185699,1078467
Latvia,2018,300632,1243692,385614,94483,206149,175852,1067840
Latvia,2019,300178,1224500,386430,94269,205909,169016,1055484
Latvia,2020,298552,1206690,387751,93505,205047,165554,1041136
Latvia,2021,296114,1189176,390239,93277,202837,165831,1023345
Latvia,2022,292071,1173619,393058,92002,200069,169351,1004268
Latvia,2023,286994,1159601,396063,89929,197065,174980,984621
Latvia,2024,281907,1146377,399026,87699,194208,180922,965455
Latvia,2025,277341,1133505,401836,85796,191545,185999,947506
Latvia,2026,272644,1120657,405505,84047,188597,190893,929764
Latvia,2027,268089,1108503,408981,82134,185955,194717,913786
Latvia,2028,263731,1097016,411997,80250,183481,197396,899620
Latvia,2029,259425,1086426,414172,78477,180948,199043,887383
Latvia,2030,255093,1076791,415308,76897,178196,199742,877049
Latvia,2031,250397,1066786,416968,75203,175194,199209,867577
Latvia,2032,246041,1057554,417352,73997,172044,197377,860177
Latvia,2033,241972,1048816,416916,73201,168771,194662,854154
Latvia,2034,238152,1040109,416368,72710,165442,191710,848399
Latvia,2035,234618,1031098,416178,72462,162156,188935,842163
Latvia,2036,231551,1020665,417287,72616,158935,186169,834496
Latvia,2037,228901,1009979,418524,72994,155907,183598,826381
Latvia,2038,226687,999233,419683,73523,153164,181119,818114
Latvia,2039,224936,988760,420370,74138,150798,178509,810251
Latvia,2040,223649,978714,420391,74804,148845,175647,803067
Latvia,2041,223242,968110,420343,75935,147307,172527,795583
Latvia,2042,223098,958092,419663,76686,146412,169327,788765
Latvia,2043,223268,948326,418613,77156,146112,166081,782245
Latvia,2044,223740,938367,417555,77453,146287,162842,775525
Latvia,2045,224437,927980,416761,77670,146767,159665,768315
Latvia,2046,225252,916756,416717,77779,147473,156520,760236
Latvia,2047,226160,905496,416649,77670,148490,153466,752030
Latvia,2048,227073,894139,416702,77387,149686,150646,743493
Latvia,2049,227851,882590,417113,76957,150894,148251,734339
Latvia,2050,228364,870817,418019,76386,151978,146409,724408
Latvia,2051,228337,858501,420048,75485,152852,145055,713446
Latvia,2052,228126,846213,422232,74646,153480,144226,701987
Latvia,2053,227634,834334,424297,73823,153811,143892,690442
Latvia,2054,226797,823367,425828,72959,153838,143987,679380
Latvia,2055,225587,813573,426576,72006,153581,144439,669134
Latvia,2056,223955,804525,427021,70962,152993,145175,659350
Latvia,2057,222054,796636,426618,69956,152098,146237,650399
Latvia,2058,219897,790147,425115,68978,150919,147485,642662
Latvia,2059,217549,785388,422137,68029,149520,148712,636676
Latvia,2060,215067,782451,417558,67119,147948,149775,632676
Latvia,2061,212548,781075,411537,66326,146222,150627,630448
Latvia,2062,209986,781545,403819,65573,144413,151266,630279
Latvia,2063,207416,783007,395235,64875,142541,151641,631366
Latvia,2064,204892,784305,386890,64257,140635,151725,632580
Latvia,2065,202465,784679,379509,63752,138713,151496,633183
Latvia,2066,200276,784193,372910,63443,136833,150952,633241
Latvia,2067,198266,782974,367015,63208,135058,150069,632905
Latvia,2068,196460,780917,361939,63048,133412,148902,632015
Latvia,2069,194846,777906,357812,62952,131894,147522,630384
Latvia,2070,193400,773834,354780,62914,130486,145991,627843
Latvia,2071,192316,768657,352707,63079,129237,144326,624331
Latvia,2072,191427,762539,351600,63202,128225,142541,619998
Latvia,2073,190713,755732,351225,63289,127424,140672,615060
Latvia,2074,190154,748733,351111,63353,126801,138771,609962
Latvia,2075,189723,741873,350966,63416,126307,136888,604985
Latvia,2076,189513,735160,350670,63551,125962,135062,600098
Latvia,2077,189410,728815,350135,63602,125808,133305,595510
Latvia,2078,189380,722764,349462,63578,125802,131654,591110
Latvia,2079,189367,716859,348859,63481,125886,130141,586718
Latvia,2080,189311,711006,348477,63319,125992,128793,582213
Latvia,2081,189193,705187,348340,63094,126099,127604,577583
Latvia,2082,189039,699750,348069,62800,126239,126610,573140
Latvia,2083,188815,694657,347730,62443,126372,125814,568843
Latvia,2084,188473,689826,347448,62026,126447,125197,564629
Latvia,2085,187960,685129,347367,61544,126416,124737,560392
Latvia,2086,187296,680794,347242,60991,126305,124469,556325
Latvia,2087,186526,676821,347017,60441,126085,124366,552455
Latvia,2088,185616,673153,346751,59885,125731,124384,548769
Latvia,2089,184540,669724,346500,59313,125227,124456,545268
Latvia,2090,183283,666469,346337,58717,124566,124539,541930
Latvia,2091,182074,664122,345263,58173,123901,124759,539363
Latvia,2092,180770,662057,344031,57664,123106,124972,537085
Latvia,2093,179346,660074,342862,57171,122175,125120,534954
Latvia,2094,177815,658030,341864,56690,121125,125160,532870
Latvia,2095,176208,655929,340992,56217,119991,125076,530853
Latvia,2096,174885,654677,338950,55912,118973,125042,529635
Latvia,2097,173499,653276,337080,55595,117904,124840,528436
Latvia,2098,172092,651689,335341,55274,116818,124480,527209
Latvia,2099,170728,649863,333702,54984,115744,123982,525881
Latvia,2100,169460,647655,332210,54774,114686,123344,524311
Least developed countries,1950,80358901,108488223,6411932,32570853,47788048,37160936,71327287
Least developed countries,1951,82416056,110182908,6453172,33588220,48827836,37686046,72496862
Least developed countries,1952,84417068,112024776,6463016,34500260,49916808,38256674,73768102
Least developed countries,1953,86352448,114083895,6448677,35321566,51030882,38895712,75188183
Least developed countries,1954,88258357,116371032,6415669,36144519,52113838,39610232,76760800
Least developed countries,1955,90181298,118872905,6366860,37096348,53084950,40405067,78467838
Least developed countries,1956,92767321,120783530,6482153,38379890,54387431,41004045,79779485
Least developed countries,1957,95261797,123036642,6586484,39414726,55847071,41732935,81303707
Least developed countries,1958,97736221,125554138,6676718,40333912,57402309,42564028,82990110
Least developed countries,1959,100243992,128265287,6750193,41274146,58969846,43471820,84793467
Least developed countries,1960,102800200,131134948,6807048,42371819,60428381,44449690,86685258
Least developed countries,1961,105947179,133461399,6997892,43707725,62239454,45237770,88223629
Least developed countries,1962,109056370,136035768,7172203,44888673,64167697,46138017,89897751
Least developed countries,1963,112159662,138859469,7333592,46014445,66145217,47152218,91707251
Least developed countries,1964,115280515,141953266,7488055,47185203,68095312,48290060,93663206
Least developed countries,1965,118435118,145325872,7639512,48515146,69919972,49562831,95763041
Least developed countries,1966,122211540,148293950,7914436,50124275,72087265,50723327,97570623
Least developed countries,1967,125943139,151624900,8183502,51576434,74366705,52044832,99580068
Least developed countries,1968,129613179,155237965,8441674,52937475,76675704,53498179,101739786
Least developed countries,1969,133168509,159050870,8683205,54253094,78915415,55054910,103995960
Least developed countries,1970,136555755,163023688,8906930,55585233,80970522,56705736,106317952
Least developed countries,1971,140431857,166337085,9235690,57208875,83222982,57943986,108393099
Least developed countries,1972,144109852,169850714,9545936,58501131,85608721,59246684,110604030
Least developed countries,1973,147671435,173583269,9840525,59612173,88059262,60621731,112961538
Least developed countries,1974,151236256,177561287,10122752,60758137,90478119,62092007,115469280
Least developed countries,1975,154885986,181811259,10395881,62158831,92727155,63703133,118108126
Least developed countries,1976,159138393,185761013,10754204,63891945,95246448,65517232,120243781
Least developed countries,1977,163388654,190096654,11095846,65564608,97824046,67518873,122577781
Least developed countries,1978,167664455,194767643,11422318,67253235,100411220,69665640,125102003
Least developed countries,1979,171956209,199738437,11735210,68998732,102957477,71912475,127825962
Least developed countries,1980,176251348,204992249,12035706,70865477,105385871,74237520,130754729
Least developed countries,1981,181301348,209706695,12400638,73074725,108226623,76414429,133292266
Least developed countries,1982,186235732,214867239,12743628,75005919,111229813,78735662,136131577
Least developed countries,1983,191109289,220437907,13066721,76768523,114340766,81177502,139260405
Least developed countries,1984,195983297,226381633,13372760,78500927,117482370,83710048,142671585
Least developed countries,1985,200894603,232681753,13664625,80363935,120530668,86321884,146359869
Least developed countries,1986,206482294,238505658,14127783,82507151,123975143,88638098,149867560
Least developed countries,1987,211944313,244835151,14585474,84282722,127661591,91080779,153754372
Least developed countries,1988,217352157,251644258,15036650,85866356,131485801,93653771,157990487
Least developed countries,1989,222770134,258926390,15480353,87454847,135315287,96378676,162547714
Least developed countries,1990,228228515,266681527,15917534,89243680,138984835,99281608,167399919
Least developed countries,1991,234192604,274343485,16484279,91211823,142980781,101996684,172346801
Least developed countries,1992,240131425,282545827,17043198,93040906,147090519,104885682,177660145
Least developed countries,1993,245992083,291216122,17595976,94817321,151174762,107940445,183275677
Least developed countries,1994,251678454,300277767,18145737,96605813,155072641,111165368,189112399
Least developed countries,1995,257120250,309679794,18696131,98495854,158624396,114576348,195103446
Least developed countries,1996,263280334,318300844,19344984,100852516,162427818,117913054,200387790
Least developed countries,1997,269133489,327325370,19978189,102975162,166158327,121469621,205855749
Least developed countries,1998,274790179,336758486,20598156,104982063,169808116,125208199,211550287
Least developed countries,1999,280415629,346611465,21202018,107017384,173398245,129068140,217543325
Least developed countries,2000,286128204,356888215,21788344,109231139,176897065,133012863,223875352
Least developed countries,2001,292597335,366851577,22483314,111874619,180722716,136657613,230193964
Least developed countries,2002,299090662,377315928,23154149,114235867,184854795,140371906,236944022
Least developed countries,2003,305600139,388161429,23811324,116413446,189186693,144093501,244067928
Least developed countries,2004,312059289,399269842,24467452,118506046,193553243,147769520,251500322
Least developed countries,2005,318394903,410592011,25131158,120632782,197762121,151400528,259191483
Least developed countries,2006,325272882,421256678,25959406,123079263,202193619,154527473,266729205
Least developed countries,2007,331958948,432242348,26776845,125161858,206797090,157629773,274612575
Least developed countries,2008,338521122,443625864,27584011,127031650,211489472,160799270,282826594
Least developed countries,2009,345058103,455513497,28381720,128867540,216190563,164177647,291335850
Least developed countries,2010,351628535,467986458,29176969,130839467,220789068,167888787,300097671
Least developed countries,2011,358230912,480953416,30113778,132897497,225333415,171951452,309001964
Least developed countries,2012,364799548,494574358,31049568,134861255,229938293,176299917,318274441
Least developed countries,2013,371314067,508788552,31991377,136792426,234521641,180869964,327918588
Least developed countries,2014,377733370,523516145,32942806,138740889,238992481,185566252,337949893
Least developed countries,2015,384031723,538689969,33909416,140770364,243261359,190333096,348356873
Least developed countries,2016,390551977,553825887,35010061,142971011,247580966,195010079,358815808
Least developed countries,2017,396930204,569446552,36109201,145073284,251856920,199757681,369688871
Least developed countries,2018,403189624,585520214,37226896,147120314,256069310,204552662,380967552
Least developed countries,2019,409361602,602016047,38387027,149155043,260206559,209370065,392645982
Least developed countries,2020,415466236,618907735,39610306,151236665,264229571,214197304,404710431
Least developed countries,2021,421936686,635639912,41014134,153562670,268374016,218852458,416787454
Least developed countries,2022,428254397,652846219,42462118,155654411,272599986,223506642,429339577
Least developed countries,2023,434461414,670444466,43973268,157600754,276860660,228134432,442310034
Least developed countries,2024,440606561,688338099,45567894,159514630,281091931,232707424,455630675
Least developed countries,2025,446709838,706467550,47263189,161502543,285207295,237218256,469249294
Least developed countries,2026,453146937,724345415,49157189,163663117,289483820,241535118,482810297
Least developed countries,2027,459509406,742504841,51119328,165707835,293801571,245783372,496721469
Least developed countries,2028,465787501,760942562,53157621,167681616,298105885,249990141,510952421
Least developed countries,2029,471953690,779679707,55276475,169617083,302336607,254199284,525480423
Least developed countries,2030,477991422,798720682,57483596,171561923,306429499,258445023,540275659
Least developed countries,2031,484355032,817530175,59850248,173691803,310663229,262601237,554928938
Least developed countries,2032,490549219,836691918,62275000,175641235,314907984,266792530,569899388
Least developed countries,2033,496585228,856172678,64768097,177464466,319120762,271019244,585153434
Least developed countries,2034,502482623,875937006,67332664,179228395,323254228,275276339,600660667
Least developed countries,2035,508247384,895957077,69978173,181001135,327246249,279566370,616390707
Least developed countries,2036,514304139,915739929,72761290,182933141,331370998,283803272,631936657
Least developed countries,2037,520183584,935835403,75590188,184702983,335480601,288074251,647761152
Least developed countries,2038,525888371,956194955,78498582,186359554,339528817,292368090,663826865
Least developed countries,2039,531419316,976768187,81523698,187954258,343465058,296666349,680101838
Least developed countries,2040,536774007,997512824,84697677,189542741,347231266,300961381,696551443
Least developed countries,2041,542388183,1017942780,88059634,191281371,351106812,305188164,712754616
Least developed countries,2042,547800550,1038606510,91509797,192874816,354925734,309398265,729208245
Least developed countries,2043,553011825,1059439026,95097060,194361036,358650789,313591304,745847722
Least developed countries,2044,558022855,1080363983,98880106,195778831,362244024,317766941,762597042
Least developed countries,2045,562832701,1101326477,102899883,197173294,365659407,321928065,779398412
Least developed countries,2046,567906874,1121857248,107146571,198727719,369179155,326032001,795825247
Least developed countries,2047,572750436,1142490102,111571162,200118437,372631999,330104407,812385695
Least developed countries,2048,577376413,1163223156,116154915,201391411,375985002,334137679,829085477
Least developed countries,2049,581805904,1184080381,120847235,202602366,379203538,338119266,845961115
Least developed countries,2050,586050992,1205065097,125625492,203807145,382243847,342045674,863019423
Least developed countries,2051,590562255,1225749333,130456946,205167130,385395125,345918627,879830706
Least developed countries,2052,594875178,1246608195,135318065,206409704,388465474,349717290,896890905
Least developed countries,2053,598990863,1267568717,140267302,207564217,391426646,353443048,914125669
Least developed countries,2054,602907301,1288543911,145379142,208656977,394250324,357095777,931448134
Least developed countries,2055,606623318,1309462504,150712353,209721639,396901679,360678138,948784366
Least developed countries,2056,610637970,1329906173,156173684,210960961,399677009,364214203,965691970
Least developed countries,2057,614433004,1350387219,161758453,212049898,402383106,367666415,982720804
Least developed countries,2058,618021326,1370841018,167508538,213027227,404994099,371034101,999806917
Least developed countries,2059,621422140,1391197936,173465212,213941338,407480802,374312600,1016885336
Least developed countries,2060,624644249,1411398711,179669024,214839945,409804304,377502983,1033895728
Least developed countries,2061,628180235,1431094488,185964968,215904188,412276047,380671277,1050423211
Least developed countries,2062,631527262,1450733349,192394454,216853762,414673500,383739876,1066993473
Least developed countries,2063,634680925,1470264077,198999184,217711459,416969466,386714038,1083550039
Least developed countries,2064,637631736,1489642653,205817716,218496108,419135628,389598231,1100044422
Least developed countries,2065,640372467,1508826468,212885467,219234182,421138285,392398594,1116427874
Least developed countries,2066,643445776,1527499616,219963388,220146126,423299650,395204065,1132295551
Least developed countries,2067,646289469,1546104507,227159155,220902247,425387222,397918115,1148186392
Least developed countries,2068,648909317,1564587923,234507345,221535827,427373490,400543159,1164044764
Least developed countries,2069,651316561,1582908044,242025301,222088449,429228112,403079545,1179828499
Least developed countries,2070,653514759,1601030382,249731308,222601113,430913646,405532119,1195498263
Least developed countries,2071,656029340,1618711415,257331876,223265251,432764089,408024191,1210687224
Least developed countries,2072,658323996,1636319047,264984057,223807597,434516399,410422617,1225896430
Least developed countries,2073,660395027,1653804708,272727936,224251441,436143586,412731735,1241072973
Least developed countries,2074,662236547,1671125013,280600473,224618701,437617846,414952707,1256172306
Least developed countries,2075,663843404,1688230318,288645065,224935179,438908225,417087665,1271142653
Least developed countries,2076,665770068,1704912386,296505363,225409870,440360198,419278742,1285633644
Least developed countries,2077,667460657,1721521853,304377507,225761534,441699123,421374828,1300147025
Least developed countries,2078,668917184,1737981024,312328234,226012959,442904225,423376281,1314604743
Least developed countries,2079,670145239,1754205024,320428435,226190547,443954692,425278344,1328926680
Least developed countries,2080,671146360,1770117640,328744912,226322336,444824024,427078636,1343039004
Least developed countries,2081,672490865,1785582306,336836274,226620627,445870238,428945154,1356637152
Least developed countries,2082,673610551,1800895715,344967046,226804346,446806205,430703617,1370192098
Least developed countries,2083,674505752,1815982663,353205940,226894138,447611614,432350505,1383632158
Least developed countries,2084,675179931,1830779018,361607938,226912994,448266937,433878642,1396900376
Least developed countries,2085,675635570,1845227189,370222965,226886781,448748789,435285501,1409941688
Least developed countries,2086,676452014,1859238224,378555067,227031284,449420730,436757808,1422480416
Least developed countries,2087,677054661,1873070119,386916099,227064906,449989755,438104284,1434965835
Least developed countries,2088,677445941,1886646875,395376061,227008090,450437851,439328233,1447318642
Least developed countries,2089,677629994,1899894961,404001814,226883856,450746138,440431075,1459463886
Least developed countries,2090,677607819,1912746396,412857323,226716906,450890913,441414941,1471331455
Least developed countries,2091,677951436,1925149653,421419004,226717819,451233617,442478313,1482671340
Least developed countries,2092,678097107,1937346890,430004839,226615753,451481354,443422015,1493924875
Least developed countries,2093,678043645,1949262634,438687991,226427814,451615831,444249285,1505013349
Least developed countries,2094,677789873,1960824953,447538141,226172275,451617598,444960423,1515864530
Least developed countries,2095,677332078,1971963739,456626189,225869280,451462798,445556161,1526407578
Least developed countries,2096,677241415,1982674017,465383604,225730370,451511045,446246801,1536427216
Least developed countries,2097,676956274,1993175579,474150419,225485834,451470440,446827324,1546348255
Least developed countries,2098,676472931,2003388594,483008980,225150931,451322000,447299743,1556088851
Least developed countries,2099,675788453,2013235599,492039115,224743682,451044771,447662673,1565572926
Least developed countries,2100,674898051,2022641531,501320630,224284926,450613125,447914992,1574726539
Lebanon,1950,456656,780768,97197,180936,275720,255327,525441
Lebanon,1951,472935,788129,97153,196190,276745,256617,531512
Lebanon,1952,495910,799510,97305,215216,280694,258311,541199
Lebanon,1953,521790,815169,97890,233611,288179,260643,554526
Lebanon,1954,549057,833956,98946,249681,299376,263395,570561
Lebanon,1955,577798,854003,100308,263918,313880,266115,587888
Lebanon,1956,613543,868689,101798,282051,331492,267185,601504
Lebanon,1957,646752,886791,103584,291973,354779,269111,617680
Lebanon,1958,679748,906315,105298,297223,382525,271493,634822
Lebanon,1959,714395,926163,106604,301548,412847,274274,651889
Lebanon,1960,751044,946478,107404,307579,443465,277803,668675
Lebanon,1961,784825,970844,108936,309414,475411,283506,687338
Lebanon,1962,821769,993806,109701,316914,504855,289299,704507
Lebanon,1963,858422,1016586,109972,327809,530613,296381,720205
Lebanon,1964,889734,1041324,110149,337494,552240,306551,734773
Lebanon,1965,912874,1069020,110454,342460,570414,320750,748270
Lebanon,1966,931251,1093873,111512,347612,583639,336845,757028
Lebanon,1967,941573,1120794,112478,348004,593569,355889,764905
Lebanon,1968,946940,1150503,113516,345077,601863,377168,773335
Lebanon,1969,952768,1183150,114684,342530,610238,399538,783612
Lebanon,1970,962512,1218887,115990,343379,619133,422404,796483
Lebanon,1971,975766,1259303,118486,345288,630478,448085,811218
Lebanon,1972,992226,1303535,120974,350046,642180,474944,828591
Lebanon,1973,1008962,1348158,123299,356535,652427,500935,847223
Lebanon,1974,1021073,1389115,125309,361913,659160,523388,865727
Lebanon,1975,1025210,1423597,126883,363769,661441,540467,883130
Lebanon,1976,1029242,1438030,131082,368075,661167,545300,892730
Lebanon,1977,1027876,1443536,134809,369520,658356,544788,898748
Lebanon,1978,1023179,1443840,137846,368634,654545,541230,902610
Lebanon,1979,1018769,1443899,139898,366999,651770,537632,906267
Lebanon,1980,1017125,1447285,140883,365906,651219,536094,911191
Lebanon,1981,1007904,1467333,140510,363090,644814,535135,932198
Lebanon,1982,1002051,1490730,139495,361148,640903,535327,955403
Lebanon,1983,997904,1514971,138417,359387,638517,535518,979453
Lebanon,1984,992496,1536745,137979,356342,636154,534515,1002230
Lebanon,1985,983699,1554283,138601,350945,632754,531948,1022335
Lebanon,1986,972269,1564383,140628,343883,628386,527450,1036933
Lebanon,1987,956709,1571954,143510,333631,623078,522088,1049866
Lebanon,1988,940028,1581045,147512,322157,617871,517648,1063397
Lebanon,1989,927302,1596435,152868,313313,613989,516212,1080223
Lebanon,1990,922575,1620736,159705,310868,611707,518933,1101803
Lebanon,1991,923517,1663559,165386,309889,613628,532801,1130758
Lebanon,1992,931378,1718224,172260,313490,617888,549935,1168289
Lebanon,1993,942988,1778215,179651,320502,622486,567645,1210570
Lebanon,1994,952213,1835758,186669,326890,625323,582674,1253084
Lebanon,1995,954250,1886351,192793,328559,625691,593196,1293155
Lebanon,1996,952699,1918874,199387,328072,624627,597355,1321519
Lebanon,1997,942965,1944501,205204,322077,620888,598646,1345855
Lebanon,1998,930001,1972592,211358,312717,617284,600140,1372452
Lebanon,1999,922302,2015043,219301,305240,617062,605495,1409548
Lebanon,2000,926529,2078857,229980,305167,621362,616662,1462195
Lebanon,2001,967625,2153341,238893,312091,655534,636464,1516877
Lebanon,2002,1015082,2255955,251800,319096,695986,668260,1587695
Lebanon,2003,1062600,2371649,267215,326010,736590,706913,1664736
Lebanon,2004,1098231,2482046,282990,328825,769406,746418,1735628
Lebanon,2005,1112604,2576628,297620,323521,789083,782842,1793786
Lebanon,2006,1103081,2644408,309861,315885,787196,799750,1844658
Lebanon,2007,1074536,2692334,319596,298533,776003,810043,1882291
Lebanon,2008,1039763,2741661,329623,277232,762531,820014,1921647
Lebanon,2009,1019288,2820179,343689,264466,754822,837856,1982323
Lebanon,2010,1028829,2944155,364157,272749,756080,868047,2076108
Lebanon,2011,1084033,3122463,381872,294671,789362,921292,2201171
Lebanon,2012,1165192,3345705,405507,333604,831588,984937,2360768
Lebanon,2013,1260907,3583579,431616,385271,875636,1049307,2534272
Lebanon,2014,1347399,3799776,456104,433600,913799,1103095,2696681
Lebanon,2015,1403808,3971190,476481,461166,942642,1139575,2831615
Lebanon,2016,1415645,4091304,499719,483217,932428,1143968,2947336
Lebanon,2017,1404367,4160131,517859,488931,915436,1130489,3029642
Lebanon,2018,1374648,4186807,532054,478732,895916,1103187,3083620
Lebanon,2019,1338257,4183677,543988,461000,877257,1066808,3116869
Lebanon,2020,1303284,4161388,555123,443334,859950,1025251,3136137
Lebanon,2021,1256601,4130064,570629,424078,832523,974527,3155537
Lebanon,2022,1217176,4073789,584253,412973,804203,917570,3156219
Lebanon,2023,1182810,4002413,597537,407384,775426,858520,3143893
Lebanon,2024,1149112,3928560,612675,402242,746870,802147,3126413
Lebanon,2025,1114987,3859892,631108,394884,720103,751093,3108799
Lebanon,2026,1094146,3792025,648400,391808,702338,710011,3082014
Lebanon,2027,1070786,3736848,669420,382721,688065,675654,3061194
Lebanon,2028,1047452,3691459,693386,370086,677366,647148,3044311
Lebanon,2029,1027653,3650573,718764,357726,669927,623160,3027413
Lebanon,2030,1012599,3611324,744675,348063,664536,602977,3008347
Lebanon,2031,1001150,3579851,766600,335613,665537,593571,2986280
Lebanon,2032,991856,3554041,789299,324616,667240,588877,2965164
Lebanon,2033,983775,3533816,812548,315309,668466,587865,2945951
Lebanon,2034,974883,3519834,836027,306886,667997,589125,2930709
Lebanon,2035,964149,3511825,859546,298771,665378,591600,2920225
Lebanon,2036,952815,3512279,878921,289286,663529,597509,2914770
Lebanon,2037,939713,3518028,897957,281030,658683,604044,2913984
Lebanon,2038,924695,3526804,917375,273730,650965,611155,2915649
Lebanon,2039,908170,3535374,938058,267233,640937,618972,2916402
Lebanon,2040,890559,3541291,960569,261312,629247,627355,2913936
Lebanon,2041,872821,3545820,981793,256262,616559,635792,2910028
Lebanon,2042,854311,3547159,1004186,251850,602461,644199,2902960
Lebanon,2043,835530,3544686,1028448,248033,587497,651620,2893066
Lebanon,2044,817286,3537753,1055488,244947,572339,656623,2881130
Lebanon,2045,800269,3525845,1085918,242808,557461,658273,2867572
Lebanon,2046,786395,3510652,1116134,242712,543683,656625,2854027
Lebanon,2047,773870,3490552,1149227,242737,531133,651613,2838939
Lebanon,2048,762957,3465731,1184838,242999,519958,643706,2822025
Lebanon,2049,753764,3436755,1222384,243601,510163,633721,2803034
Lebanon,2050,746293,3403995,1261542,244683,501610,622259,2781736
Lebanon,2051,742098,3369915,1298315,247136,494962,609392,2760523
Lebanon,2052,739398,3333144,1335858,249130,490268,595161,2737983
Lebanon,2053,738095,3293586,1374299,250775,487320,580174,2713412
Lebanon,2054,737890,3251249,1413846,252150,485740,565210,2686039
Lebanon,2055,738418,3206312,1454582,253320,485098,550836,2655476
Lebanon,2056,740575,3162093,1492265,254703,485872,537348,2624745
Lebanon,2057,743152,3116676,1529956,255449,487703,524808,2591868
Lebanon,2058,745837,3070760,1567112,255596,490241,513508,2557252
Lebanon,2059,748149,3025303,1603050,255097,493052,503669,2521634
Lebanon,2060,749629,2980888,1637481,253891,495738,495403,2485485
Lebanon,2061,751017,2941547,1665565,252186,498831,489044,2452503
Lebanon,2062,751456,2904537,1690872,249886,501570,484440,2420097
Lebanon,2063,750723,2869612,1713787,247052,503671,481463,2388149
Lebanon,2064,748677,2836306,1734835,243789,504888,479826,2356480
Lebanon,2065,745215,2804352,1754351,240142,505073,479266,2325086
Lebanon,2066,741069,2778920,1766405,236022,505047,480222,2298698
Lebanon,2067,735898,2755284,1776080,232176,503722,482144,2273140
Lebanon,2068,729521,2733755,1783258,228490,501031,484727,2249028
Lebanon,2069,721910,2714983,1787335,224843,497067,487548,2227435
Lebanon,2070,713186,2699180,1788039,221155,492031,490250,2208930
Lebanon,2071,704884,2691127,1779087,217913,486971,493291,2197836
Lebanon,2072,695950,2686352,1766095,214959,480991,496039,2190313
Lebanon,2073,686518,2683110,1750830,212261,474257,498261,2184849
Lebanon,2074,676867,2678724,1735888,209854,467013,499645,2179079
Lebanon,2075,667213,2671244,1723167,207772,459441,499922,2171322
Lebanon,2076,659171,2665045,1706799,206681,452490,499521,2165524
Lebanon,2077,651514,2656440,1691792,205780,445734,498033,2158407
Lebanon,2078,644339,2645712,1677923,205073,439266,495483,2150229
Lebanon,2079,637656,2633465,1664738,204542,433114,491892,2141573
Lebanon,2080,631406,2619646,1652503,204187,427219,487229,2132417
Lebanon,2081,627214,2608196,1635750,204784,422430,481997,2126199
Lebanon,2082,623681,2596409,1618700,205177,418504,475966,2120443
Lebanon,2083,620731,2583095,1602753,205409,415322,469296,2113799
Lebanon,2084,618217,2566788,1589665,205526,412691,462250,2104538
Lebanon,2085,615951,2546522,1580692,205570,410381,455005,2091517
Lebanon,2086,615109,2526741,1570325,206018,409091,448086,2078655
Lebanon,2087,614673,2504858,1562209,206199,408474,441309,2063549
Lebanon,2088,614447,2481038,1556437,206124,408323,434817,2046221
Lebanon,2089,614119,2455676,1552956,205765,408354,428744,2026932
Lebanon,2090,613382,2428864,1552003,205080,408302,423138,2005726
Lebanon,2091,613192,2404847,1548424,204385,408807,418505,1986342
Lebanon,2092,612823,2380978,1545603,203457,409366,414620,1966358
Lebanon,2093,612012,2357105,1543992,202266,409746,411414,1945691
Lebanon,2094,610554,2333329,1543702,200785,409769,408785,1924544
Lebanon,2095,608312,2309807,1544704,199002,409310,406643,1903164
Lebanon,2096,606221,2290904,1541711,197153,409068,405485,1885419
Lebanon,2097,603623,2273309,1538654,195266,408357,404904,1868405
Lebanon,2098,600430,2256787,1535802,193337,407093,404745,1852042
Lebanon,2099,596600,2241101,1533393,191348,405252,404804,1836297
Lebanon,2100,592097,2225984,1531657,189240,402857,404896,1821088
Lesotho,1950,298507,402670,32768,119394,179113,133086,269584
Lesotho,1951,305315,405689,33315,122099,183216,133576,272113
Lesotho,1952,311406,409686,33761,123306,188100,134834,274852
Lesotho,1953,317486,414030,34065,124234,193252,136667,277363
Lesotho,1954,323783,418523,34242,125520,198263,138980,279543
Lesotho,1955,330201,423287,34318,127503,202698,141810,281477
Lesotho,1956,337247,427284,34909,129693,207554,144184,283100
Lesotho,1957,344666,431483,35394,132347,212319,146901,284582
Lesotho,1958,352171,436236,35793,135291,216880,150131,286105
Lesotho,1959,359531,441866,36122,138389,221142,154020,287846
Lesotho,1960,366689,448508,36394,141669,225020,158647,289861
Lesotho,1961,374878,454525,37059,146083,228795,161153,293372
Lesotho,1962,382729,461739,37702,149483,233246,164374,297365
Lesotho,1963,390414,469915,38318,152257,238157,168364,301551
Lesotho,1964,398335,478603,38884,155004,243331,172935,305668
Lesotho,1965,406694,487553,39408,158252,248442,177961,309592
Lesotho,1966,415983,495986,40237,162140,253843,181858,314128
Lesotho,1967,425620,504889,41003,165668,259952,186218,318671
Lesotho,1968,435481,514285,41725,169077,266404,191106,323179
Lesotho,1969,445372,524211,42432,172577,272795,196423,327788
Lesotho,1970,455211,534688,43151,176452,278759,202046,332642
Lesotho,1971,466069,544115,44269,181163,284906,205960,338155
Lesotho,1972,476937,554050,45353,185474,291463,209883,344167
Lesotho,1973,488052,564799,46384,189683,298369,214183,350616
Lesotho,1974,499762,576734,47359,194161,305601,219282,357452
Lesotho,1975,512307,590068,48260,199293,313014,225409,364659
Lesotho,1976,525786,604569,49368,205099,320687,231247,373322
Lesotho,1977,539697,620697,50405,210434,329263,237884,382813
Lesotho,1978,553872,638097,51383,215461,338411,245184,392913
Lesotho,1979,568029,656305,52329,220330,347699,252875,403430
Lesotho,1980,581881,674996,53241,225259,356622,260749,414247
Lesotho,1981,598672,690356,54662,231650,367022,265335,425021
Lesotho,1982,615073,706182,56091,236853,378220,270516,435666
Lesotho,1983,630638,722266,57535,240998,389640,276481,445785
Lesotho,1984,644814,738420,58978,244195,400619,283301,455119
Lesotho,1985,657206,754618,60368,246713,410493,290970,463648
Lesotho,1986,668370,769518,61973,250326,418044,296863,472655
Lesotho,1987,678009,783953,63498,252154,425855,303061,480892
Lesotho,1988,687028,798270,64964,252942,434086,309698,488572
Lesotho,1989,696455,813209,66358,253688,442767,316940,496269
Lesotho,1990,706758,829506,67674,255091,451667,324915,504591
Lesotho,1991,713990,851237,69290,255422,458568,334398,516839
Lesotho,1992,722284,874157,70680,257092,465192,343739,530418
Lesotho,1993,730908,897479,71975,259601,471307,352730,544749
Lesotho,1994,738624,920282,73351,262129,476495,361305,558977
Lesotho,1995,744568,941938,74853,264055,480513,369408,572530
Lesotho,1996,752648,957463,77162,267238,485410,374647,582816
Lesotho,1997,759299,971823,79331,269975,489324,380627,591196
Lesotho,1998,764588,985459,81251,271983,492605,387363,598096
Lesotho,1999,768614,999125,82788,272875,495739,394756,604369
Lesotho,2000,771319,1013504,83876,272429,498890,402690,610814
Lesotho,2001,773299,1027267,85389,272339,500960,409699,617568
Lesotho,2002,773116,1042500,86696,269426,503690,417358,625142
Lesotho,2003,771563,1058811,87723,264780,506783,425342,633469
Lesotho,2004,769759,1075625,88344,260186,509573,433173,642452
Lesotho,2005,768357,1092658,88528,257043,511314,440508,652150
Lesotho,2006,764480,1112182,89000,252798,511682,444996,667186
Lesotho,2007,762136,1131141,89010,251447,510689,448630,682511
Lesotho,2008,761029,1150012,88889,252509,508520,451959,698053
Lesotho,2009,760561,1169571,89077,254949,505612,455792,713779
Lesotho,2010,760605,1190134,89812,258030,502575,460461,729673
Lesotho,2011,762244,1211091,90831,262472,499772,464903,746188
Lesotho,2012,764425,1233366,92137,267137,497288,469797,763569
Lesotho,2013,767224,1256525,93612,271729,495495,474788,781737
Lesotho,2014,770835,1279825,95125,276042,494793,479310,800515
Lesotho,2015,775309,1302780,96556,280082,495227,482995,819785
Lesotho,2016,783055,1322124,98642,285920,497135,483871,838253
Lesotho,2017,790407,1342302,100630,288680,501727,484666,857636
Lesotho,2018,797808,1362799,102403,289376,508432,485138,877661
Lesotho,2019,805637,1383224,103821,289365,516272,485077,898147
Lesotho,2020,813826,1403595,104796,289647,524179,484507,919088
Lesotho,2021,821271,1423589,106643,288689,532582,482786,940803
Lesotho,2022,829235,1443239,108027,288500,540735,480567,962672
Lesotho,2023,837017,1463275,108955,288861,548156,478701,984574
Lesotho,2024,843606,1484805,109429,289113,554493,478406,1006399
Lesotho,2025,848504,1508383,109443,288807,559697,480375,1028008
Lesotho,2026,852059,1532477,110184,288190,563869,483201,1049276
Lesotho,2027,854133,1558365,110504,287336,566797,488198,1070167
Lesotho,2028,854925,1585849,110475,286288,568637,494960,1090889
Lesotho,2029,855027,1614345,110171,285341,569686,502705,1111640
Lesotho,2030,854853,1643464,109640,284711,570142,510857,1132607
Lesotho,2031,854349,1672131,110049,284368,569981,518216,1153915
Lesotho,2032,853666,1701284,110293,284201,569465,526036,1175248
Lesotho,2033,852863,1730866,110415,284202,568661,533883,1196983
Lesotho,2034,851956,1760854,110432,284303,567653,541161,1219693
Lesotho,2035,851014,1791154,110393,284507,566507,547448,1243706
Lesotho,2036,850448,1820187,111465,285284,565164,551382,1268805
Lesotho,2037,849844,1849448,112566,285620,564224,554254,1295194
Lesotho,2038,849315,1878697,113793,285672,563643,556257,1322440
Lesotho,2039,848991,1907655,115288,285667,563324,557742,1349913
Lesotho,2040,848921,1936131,117145,285807,563114,558930,1377201
Lesotho,2041,849091,1962942,120562,286135,562956,558687,1404255
Lesotho,2042,849484,1989303,124304,286264,563220,558107,1431196
Lesotho,2043,850002,2015098,128519,286249,563753,557370,1457728
Lesotho,2044,850467,2040237,133415,286098,564369,556691,1483546
Lesotho,2045,850748,2064658,139096,285845,564903,556205,1508453
Lesotho,2046,850964,2087191,146578,285604,565360,555036,1532155
Lesotho,2047,850967,2109095,154723,285071,565896,554112,1554983
Lesotho,2048,850716,2130450,163454,284325,566391,553519,1576931
Lesotho,2049,850203,2151324,172664,283474,566729,553296,1598028
Lesotho,2050,849416,2171752,182302,282606,566810,553441,1618311
Lesotho,2051,848505,2190755,193154,281732,566773,553354,1637401
Lesotho,2052,847364,2209307,204313,280829,566535,553622,1655685
Lesotho,2053,845918,2227473,215728,279891,566027,554204,1673269
Lesotho,2054,844095,2245319,227333,278882,565213,554989,1690330
Lesotho,2055,841879,2262850,239088,277795,564084,555868,1706982
Lesotho,2056,839879,2279093,251323,276944,562935,556384,1722709
Lesotho,2057,837506,2295161,263497,275889,561617,556943,1738218
Lesotho,2058,834775,2310877,275727,274668,560107,557516,1753361
Lesotho,2059,831748,2326009,288177,273353,558395,558031,1767978
Lesotho,2060,828458,2340413,300935,272004,556454,558419,1781994
Lesotho,2061,825550,2353455,313988,270918,554632,558333,1795122
Lesotho,2062,822376,2365919,327159,269627,552749,558058,1807861
Lesotho,2063,818974,2378009,340236,268212,550762,557626,1820383
Lesotho,2064,815381,2390044,352878,266770,548611,557050,1832994
Lesotho,2065,811643,2402166,364909,265393,546250,556321,1845845
Lesotho,2066,808290,2413850,376322,264244,544046,555200,1858650
Lesotho,2067,804884,2425556,387084,263119,541765,553869,1871687
Lesotho,2068,801383,2437153,397390,262011,539372,552405,1884748
Lesotho,2069,797730,2448468,407461,260874,536856,550877,1897591
Lesotho,2070,793912,2459351,417468,259698,534214,549312,1910039
Lesotho,2071,790630,2469127,427395,258853,531777,547467,1921660
Lesotho,2072,787182,2478694,437049,257786,529396,545579,1933115
Lesotho,2073,783592,2487668,446784,256556,527036,543664,1944004
Lesotho,2074,779931,2495552,457050,255258,524673,541712,1953840
Lesotho,2075,776216,2502028,468138,253972,522244,539699,1962329
Lesotho,2076,772889,2506446,480274,252873,520016,537428,1969018
Lesotho,2077,769517,2509758,492930,251668,517849,535098,1974660
Lesotho,2078,766076,2512115,506001,250396,515680,532764,1979351
Lesotho,2079,762532,2513765,519271,249086,513446,530458,1983307
Lesotho,2080,758852,2514864,532633,247767,511085,528196,1986668
Lesotho,2081,755463,2514663,546411,246599,508864,525790,1988873
Lesotho,2082,752002,2514130,560002,245390,506612,523409,1990721
Lesotho,2083,748442,2513290,573427,244148,504294,521090,1992200
Lesotho,2084,744750,2512170,586678,242864,501886,518852,1993318
Lesotho,2085,740918,2510790,599766,241552,499366,516692,1994098
Lesotho,2086,737420,2508516,612841,240436,496984,514452,1994064
Lesotho,2087,733805,2506301,625427,239198,494607,512280,1994021
Lesotho,2088,730070,2504061,637596,237878,492192,510174,1993887
Lesotho,2089,726246,2501710,649423,236534,489712,508083,1993627
Lesotho,2090,722349,2499181,660965,235210,487139,505974,1993207
Lesotho,2091,718790,2496088,672200,234061,484729,503754,1992334
Lesotho,2092,715210,2493102,682818,232889,482321,501501,1991601
Lesotho,2093,711581,2490067,693014,231706,479875,499235,1990832
Lesotho,2094,707866,2486810,702990,230502,477364,496966,1989844
Lesotho,2095,704045,2483180,712933,229284,474761,494686,1988494
Lesotho,2096,700642,2478956,722537,228282,472360,492350,1986606
Lesotho,2097,697165,2474690,731745,227185,469980,489994,1984696
Lesotho,2098,693606,2470222,740739,226013,467593,487635,1982587
Lesotho,2099,689970,2465387,749673,224799,465171,485266,1980121
Lesotho,2100,686272,2460051,758666,223600,462672,482879,1977172
Less developed regions,1950,645507797,1009831230,66070625,255463966,390043831,322789223,687042007
Less developed regions,1951,666844817,1025280817,67478487,270708478,396136339,328191969,697088848
Less developed regions,1952,689225771,1038861447,68422777,286918271,402307500,332929296,705932151
Less developed regions,1953,710335886,1053558385,69072572,300570683,409765203,337747787,715810598
Less developed regions,1954,729623593,1070564578,69482520,310542210,419081383,342813180,727751398
Less developed regions,1955,747940071,1089595985,69637035,317982823,429957248,347974063,741621922
Less developed regions,1956,773289049,1101803804,70783500,329909140,443379909,350738626,751065178
Less developed regions,1957,795775137,1118441971,71821272,334821536,460953601,354455430,763986541
Less developed regions,1958,817691244,1137454964,72642920,336326028,481365216,358673817,778781147
Less developed regions,1959,840845926,1157138245,73172019,338202953,502642973,363167111,793971134
Less developed regions,1960,865707526,1177028477,73408604,343137999,522569527,368080478,808947999
Less developed regions,1961,890062607,1197226375,75531371,345716996,544345611,373585360,823641015
Less developed regions,1962,917663603,1216463266,77258080,354076675,563586928,379111085,837352181
Less developed regions,1963,946703082,1236799967,78702893,366635958,580067124,385756884,851043083
Less developed regions,1964,974512226,1261189870,80026605,380142219,594370007,395130961,866058909
Less developed regions,1965,1000051902,1290864276,81295624,392589072,607462830,408051335,882812941
Less developed regions,1966,1029459544,1318057195,84291349,408280052,621179492,421927893,896129302
Less developed regions,1967,1055498875,1351413113,87357583,419507450,635991425,439595727,911817386
Less developed regions,1968,1079361127,1389137373,90443431,427326359,652034768,459784574,929352799
Less developed regions,1969,1103004951,1428452123,93460307,433811217,669193734,480443868,948008255
Less developed regions,1970,1127224554,1467889944,96381373,440695745,686528809,500330104,967559840
Less developed regions,1971,1154076216,1504360177,100080148,448370244,705705972,518410177,985950000
Less developed regions,1972,1180160131,1542177611,103696567,453545491,726614640,536108550,1006069061
Less developed regions,1973,1205263123,1581342425,107233436,457127376,748135747,553233032,1028109393
Less developed regions,1974,1228474661,1622544823,110728194,459658326,768816335,569867976,1052676847
Less developed regions,1975,1249164714,1666289194,114219616,461775325,787389389,586185990,1080103204
Less developed regions,1976,1269090095,1709756884,118619925,463132011,805958084,601553860,1108203024
Less developed regions,1977,1286510299,1755758789,122968140,463707658,822802641,616275460,1139483329
Less developed regions,1978,1301870959,1804349860,127276812,464303444,837567515,631104041,1173245819
Less developed regions,1979,1316079860,1855350059,131531785,466097064,849982796,647125509,1208224550
Less developed regions,1980,1329931092,1908502204,135734167,470009771,859921321,664944320,1243557884
Less developed regions,1981,1344636779,1961823111,140654397,474609227,870027552,684124743,1277698368
Less developed regions,1982,1359867656,2016465200,145359804,482173462,877694194,704667492,1311797708
Less developed regions,1983,1375524906,2072719195,149929053,491976917,883547989,725931145,1346788050
Less developed regions,1984,1391530115,2130881258,154445658,502950699,888579416,746829007,1384052251
Less developed regions,1985,1408099472,2190783904,158963397,514521215,893578257,766553844,1424230060
Less developed regions,1986,1430596466,2246633515,164089823,530123721,900472745,783605740,1463027775
Less developed regions,1987,1452966426,2304802421,169140287,543362990,909603436,799884189,1504918232
Less developed regions,1988,1475148541,2364170111,174167951,554139942,921008599,814834426,1549335685
Less developed regions,1989,1496542725,2423729654,179266081,562087236,934455489,827941588,1595788066
Less developed regions,1990,1516305356,2483114797,184524116,567246419,949058937,839086409,1644028388
Less developed regions,1991,1539466187,2536272314,190565698,573538412,965927775,846535455,1689736859
Less developed regions,1992,1557998043,2591991501,196818442,571916632,986081411,852894846,1739096655
Less developed regions,1993,1573204488,2649258005,203203084,565197118,1008007370,858540514,1790717491
Less developed regions,1994,1586793024,2706934274,209597035,557465660,1029327364,864260704,1842673570
Less developed regions,1995,1599410789,2764760667,215977489,551753024,1047657765,870873847,1893886820
Less developed regions,1996,1607070603,2825293997,223774180,541929588,1065141015,879359039,1945934958
Less developed regions,1997,1616084114,2883963573,231199882,538406187,1077677927,887887945,1996075628
Less developed regions,1998,1624498316,2942839991,238434971,539515735,1084982581,897618132,2045221859
Less developed regions,1999,1629635258,3004742398,245712646,541954882,1087680376,909972655,2094769743
Less developed regions,2000,1630683142,3070682278,253136834,543527972,1087155170,925529610,2145152668
Less developed regions,2001,1633505731,3134268654,261379030,548190709,1085315022,942808514,2191460140
Less developed regions,2002,1632611164,3201863399,269624664,551069726,1081541438,963240684,2238622715
Less developed regions,2003,1629513753,3272142820,277785683,552654030,1076859723,985104440,2287038380
Less developed regions,2004,1626991053,3342615048,285652834,554496944,1072494109,1005634483,2336980565
Less developed regions,2005,1626672770,3411756099,293184984,557820943,1068851827,1023078890,2388677209
Less developed regions,2006,1630515840,3476632435,301375079,563794431,1066721409,1036933404,2439699031
Less developed regions,2007,1635700309,3541025992,309300283,568659836,1067040473,1047952058,2493073934
Less developed regions,2008,1642552988,3604505248,317160851,573057206,1069495782,1055905839,2548599409
Less developed regions,2009,1650848512,3667112956,325245729,577423602,1073424910,1060853555,2606259401
Less developed regions,2010,1660344487,3728864282,333817884,582239349,1078105138,1063063109,2665801173
Less developed regions,2011,1672125820,3787825495,343759502,587742879,1084382941,1062819976,2725005519
Less developed regions,2012,1684987345,3846198462,353936557,592763077,1092224268,1059702365,2786496097
Less developed regions,2013,1698493797,3903572448,364840220,597336058,1101157739,1054987643,2848584805
Less developed regions,2014,1711862138,3959565467,377161909,601282966,1110579172,1050647493,2908917974
Less developed regions,2015,1724491754,4013985453,391325067,604529175,1119962579,1048032446,2965953007
Less developed regions,2016,1737761016,4064705359,407921743,607750390,1130010626,1047157363,3017547996
Less developed regions,2017,1749758903,4114474263,426106442,609549253,1140209650,1048106091,3066368172
Less developed regions,2018,1760533344,4163767536,445318768,610294843,1150238501,1050762836,3113004700
Less developed regions,2019,1770295803,4213292549,464653379,610566180,1159729623,1054734619,3158557930
Less developed regions,2020,1779104103,4263452442,483648918,610817812,1168286291,1059797500,3203654942
Less developed regions,2021,1787457556,4312998902,502995359,610622556,1176835000,1066445080,3246553822
Less developed regions,2022,1794947102,4363204701,521754402,610732467,1184214635,1074352297,3288852404
Less developed regions,2023,1801344747,4413672869,540526682,611069441,1190275306,1083244441,3330428428
Less developed regions,2024,1806412342,4463789357,560150124,611394271,1195018071,1092721105,3371068252
Less developed regions,2025,1810111807,4513046538,581159572,611561873,1198549934,1102481168,3410565370
Less developed regions,2026,1814274459,4559705144,603436867,612257752,1202016707,1112764066,3446941078
Less developed regions,2027,1817218144,4605983140,626433080,612720569,1204497575,1123183132,3482800008
Less developed regions,2028,1819128759,4651557597,650306585,613008815,1206119944,1133430995,3518126602
Less developed regions,2029,1820373525,4695962932,675190867,613295036,1207078489,1143112178,3552850754
Less developed regions,2030,1821227548,4738848633,701185910,613763226,1207464322,1151958071,3586890562
Less developed regions,2031,1823673308,4778591557,727934012,615249691,1208423617,1160222086,3618369471
Less developed regions,2032,1825652484,4817389900,755280808,616317010,1209335474,1167558440,3649831460
Less developed regions,2033,1827338540,4855243738,783042493,617144858,1210193682,1173881962,3681361776
Less developed regions,2034,1828878048,4892324487,810886170,617934909,1210943139,1179145026,3713179461
Less developed regions,2035,1830355618,4928720373,838626385,618893926,1211461692,1183354496,3745365877
Less developed regions,2036,1833630599,4963171359,865652311,620700365,1212930234,1186859053,3776312306
Less developed regions,2037,1836809503,4997333323,892197740,622168260,1214641243,1189297291,3808036032
Less developed regions,2038,1839913728,5031275477,918174913,623420251,1216493477,1190894686,3840380791
Less developed regions,2039,1842903976,5065268309,943358977,624566799,1218337177,1192000748,3873267561
Less developed regions,2040,1845739230,5099404133,967697927,625733656,1220005574,1192881050,3906523083
Less developed regions,2041,1850143311,5132488544,990656578,627546908,1222596403,1193931043,3938557501
Less developed regions,2042,1854320453,5166187750,1012343548,628994196,1225326257,1194824461,3971363289
Less developed regions,2043,1858231099,5199794299,1033471098,630150317,1228080782,1195658479,4004135820
Less developed regions,2044,1861804790,5232387784,1054985693,631080903,1230723887,1196517673,4035870111
Less developed regions,2045,1864968827,5263325858,1077565843,631867076,1233101751,1197475338,4065850520
Less developed regions,2046,1869367029,5291526669,1100633295,633137211,1236229818,1198960043,4092566626
Less developed regions,2047,1873240822,5319031187,1123896808,633923196,1239317626,1200639900,4118391287
Less developed regions,2048,1876573952,5345322251,1147869817,634325415,1242248537,1202508692,4142813559
Less developed regions,2049,1879340436,5369697505,1173261476,634453948,1244886488,1204508921,4165188584
Less developed regions,2050,1881484343,5391705305,1200564520,634410187,1247074156,1206599180,4185106125
Less developed regions,2051,1884501649,5410486445,1229137037,634694314,1249807335,1209253265,4201233180
Less developed regions,2052,1886874548,5427672197,1258862699,634628156,1252246392,1212007308,4215664889
Less developed regions,2053,1888556707,5443980246,1289062858,634278774,1254277933,1214821948,4229158298
Less developed regions,2054,1889520700,5460671946,1318497349,633715121,1255805579,1217641752,4243030194
Less developed regions,2055,1889754997,5478496633,1346429162,633011432,1256743565,1220426904,4258069729
Less developed regions,2056,1890752568,5496505175,1372314655,632663270,1258089298,1223651357,4272853818
Less developed regions,2057,1891097719,5516234190,1396048965,632086378,1259011341,1226800969,4289433221
Less developed regions,2058,1890805181,5537251628,1418085975,631343282,1259461899,1229826463,4307425165
Less developed regions,2059,1889925523,5558904567,1439076171,630516301,1259409222,1232646055,4326258512
Less developed regions,2060,1888497551,5580650566,1459563409,629684662,1258812889,1235190725,4345459841
Less developed regions,2061,1888046751,5601820939,1478709480,629362717,1258684034,1237967627,4363853312
Less developed regions,2062,1887196413,5623920327,1496396058,628954311,1258242102,1240447412,4383472915
Less developed regions,2063,1885940558,5646384615,1513214954,628470715,1257469843,1242587308,4403797307
Less developed regions,2064,1884274616,5668527049,1529878321,627912437,1256362179,1244325274,4424201775
Less developed regions,2065,1882197978,5689751301,1547001226,627306131,1254891847,1245612405,4444138896
Less developed regions,2066,1881462159,5709463869,1563440955,627374872,1254087287,1247008613,4462455256
Less developed regions,2067,1880373377,5729061002,1579505687,627131082,1253242295,1247991194,4481069808
Less developed regions,2068,1878960706,5748066043,1595649313,626648680,1252312026,1248552961,4499513082
Less developed regions,2069,1877258238,5766000825,1612318290,626027867,1251230371,1248688605,4517312220
Less developed regions,2070,1875258629,5782463203,1629925342,625363069,1249895560,1248403684,4534059519
Less developed regions,2071,1874601930,5797398022,1646896517,625254362,1249347568,1248373981,4549024041
Less developed regions,2072,1873694284,5811738313,1663900443,624889785,1248804499,1247985377,4563752936
Less developed regions,2073,1872479299,5825121522,1681351236,624310322,1248168977,1247278201,4577843321
Less developed regions,2074,1870881253,5837292450,1699570501,623548161,1247333092,1246321130,4590971320
Less developed regions,2075,1868841370,5848074747,1718789623,622649398,1246191972,1245173251,4602901496
Less developed regions,2076,1867958394,5857548427,1737334456,622199550,1245758844,1244522171,4613026256
Less developed regions,2077,1866682705,5866552800,1755929214,621470293,1245212412,1243742257,4622810543
Less developed regions,2078,1864981312,5875000999,1774711306,620504715,1244476597,1242859650,4632141349
Less developed regions,2079,1862817507,5882893243,1793739518,619349935,1243467572,1241889872,4641003371
Less developed regions,2080,1860135378,5890121255,1813197887,618048406,1242086972,1240832879,4649288376
Less developed regions,2081,1858367290,5896576643,1831771584,617103250,1241264040,1240325285,4656251358
Less developed regions,2082,1856188158,5903419868,1849634341,615943488,1240244670,1239809881,4663609987
Less developed regions,2083,1853562837,5910418316,1867074442,614598463,1238964374,1239258831,4671159485
Less developed regions,2084,1850428282,5917218479,1884531029,613087273,1237341009,1238595854,4678622625
Less developed regions,2085,1846691256,5923347416,1902588140,611422476,1235268780,1237734847,4685612569
Less developed regions,2086,1843905111,5929313063,1919195172,610151593,1233753518,1237397313,4691915750
Less developed regions,2087,1840691846,5935794430,1935053891,608694992,1231996854,1236948521,4698845909
Less developed regions,2088,1836967481,5942192283,1950849139,607059664,1229907817,1236310825,4705881458
Less developed regions,2089,1832690931,5947994857,1967131743,605269292,1227421639,1235410195,4712584662
Less developed regions,2090,1827851100,5952863053,1984249802,603360695,1224490405,1234205155,4718657898
Less developed regions,2091,1824147468,5958037318,1999262283,601928075,1222219393,1233530794,4724506524
Less developed regions,2092,1820034637,5963246444,2013985399,600333082,1219701555,1232604558,4730641886
Less developed regions,2093,1815485026,5968088033,2028848873,598594341,1216890685,1231392645,4736695388
Less developed regions,2094,1810477445,5972161820,2044271962,596732224,1213745221,1229853293,4742308527
Less developed regions,2095,1804989477,5975111493,2060629070,594771257,1210218220,1227953509,4747157984
Less developed regions,2096,1800767567,5978443920,2074659725,593340133,1207427434,1226565819,4751878101
Less developed regions,2097,1796181820,5981483111,2088659692,591734488,1204447332,1224862320,4756620791
Less developed regions,2098,1791209899,5983844049,2103023040,589975300,1201234599,1222827369,4761016680
Less developed regions,2099,1785856474,5985209447,2118046382,588102192,1197754282,1220454041,4764755406
Less developed regions,2100,1780127018,5985283340,2134000701,586168632,1193958386,1217734754,4767548586
"Less developed regions, excluding China",1950,452923457,662980716,41292363,177361119,275562338,222301718,440678998
"Less developed regions, excluding China",1951,464339886,673415530,42080764,184816629,279523257,225690403,447725127
"Less developed regions, excluding China",1952,476429608,684659509,42866268,192513680,283915928,229327869,455331640
"Less developed regions, excluding China",1953,488654244,697241521,43599556,199669298,288984946,233311620,463929901
"Less developed regions, excluding China",1954,501113440,711110654,44180241,206356713,294756727,237521475,473589179
"Less developed regions, excluding China",1955,514150994,725933853,44552101,213193069,300957925,241818872,484114981
"Less developed regions, excluding China",1956,531090074,737527060,45537786,222165763,308924311,244802475,492724585
"Less developed regions, excluding China",1957,547570851,750964580,46390889,228724138,318846713,248221607,502742973
"Less developed regions, excluding China",1958,564215591,765555553,47154345,233959091,330256500,251889045,513666508
"Less developed regions, excluding China",1959,581440241,780787035,47903914,238995056,342445185,255707301,525079734
"Less developed regions, excluding China",1960,599289385,796548902,48685481,244800189,354489196,259746675,536802227
"Less developed regions, excluding China",1961,618817583,811013974,50249065,250722092,368095491,263504820,547509154
"Less developed regions, excluding China",1962,638744684,826229574,51799401,256766608,381978076,267566393,558663181
"Less developed regions, excluding China",1963,658704757,842559955,53302188,263022216,395682541,272274553,570285402
"Less developed regions, excluding China",1964,678060509,860638997,54722185,269249200,408811309,278178794,582460203
"Less developed regions, excluding China",1965,696479882,880778191,56049376,275429187,421050695,285621913,595156278
"Less developed regions, excluding China",1966,716449321,899852788,57910959,282417211,434032110,293599807,606252981
"Less developed regions, excluding China",1967,735135599,921318020,59680937,288224752,446910847,303169246,618148774
"Less developed regions, excluding China",1968,752820341,944846368,61393439,293290448,459529893,314071608,630774760
"Less developed regions, excluding China",1969,769983731,969909387,63087390,298283918,471699813,325878452,644030935
"Less developed regions, excluding China",1970,786896225,996209600,64789129,303832453,483063772,338314257,657895343
"Less developed regions, excluding China",1971,805482876,1021263979,67063545,310265614,495217262,350421965,670842014
"Less developed regions, excluding China",1972,823574005,1047881354,69290754,316156063,507417942,363169185,684712169
"Less developed regions, excluding China",1973,841269292,1076000570,71462878,321826770,519442522,376288542,699712028
"Less developed regions, excluding China",1974,858592105,1105644192,73573566,327552614,531039491,389478192,716166000
"Less developed regions, excluding China",1975,875594231,1136796734,75627174,333718008,541876223,402576850,734219884
"Less developed regions, excluding China",1976,894677125,1166401825,78245335,341081435,553595690,414911808,751490017
"Less developed regions, excluding China",1977,913098607,1197854826,80796320,347525112,565573495,427198719,770656107
"Less developed regions, excluding China",1978,931207746,1230973662,83269857,353550566,577657180,439431224,791542438
"Less developed regions, excluding China",1979,949454811,1265538519,85640239,359834613,589620198,451663022,813875497
"Less developed regions, excluding China",1980,968106099,1301407940,87905157,367005925,601100174,463958811,837449129
"Less developed regions, excluding China",1981,989161578,1336088887,90590316,375287196,613874382,475689545,860399342
"Less developed regions, excluding China",1982,1010396511,1372264039,93120429,383424310,626972201,487488659,884775380
"Less developed regions, excluding China",1983,1031623970,1409838907,95557228,391411462,640212508,499351599,910487308
"Less developed regions, excluding China",1984,1052418070,1448847154,97988891,399002214,653415856,511317012,937530142
"Less developed regions, excluding China",1985,1072478082,1489275155,100478851,406178328,666299754,523431857,965843298
"Less developed regions, excluding China",1986,1094923424,1527316417,103624289,414567647,680355777,534571725,992744692
"Less developed regions, excluding China",1987,1115839230,1567482180,106787353,420543603,695295627,546109029,1021373151
"Less developed regions, excluding China",1988,1135497405,1609343534,109978805,424802196,710695209,557966473,1051377061
"Less developed regions, excluding China",1989,1154269204,1652370708,113204785,428331241,725937963,570057487,1082313221
"Less developed regions, excluding China",1990,1172248142,1696329578,116484257,431987333,740260809,582407343,1113922235
"Less developed regions, excluding China",1991,1190855513,1738862836,120675676,435640361,755215152,594210174,1144652662
"Less developed regions, excluding China",1992,1208497119,1782460115,124848419,438722193,769774926,606253447,1176206668
"Less developed regions, excluding China",1993,1224959886,1827311886,129008088,441480497,783479389,618683373,1208628513
"Less developed regions, excluding China",1994,1239880413,1873777400,133167489,444008278,795872135,631720048,1242057352
"Less developed regions, excluding China",1995,1253100622,1922001784,137352236,446505824,806594798,645495941,1276505843
"Less developed regions, excluding China",1996,1266874823,1968963454,142319555,449713311,817161512,659365331,1309598123
"Less developed regions, excluding China",1997,1279019212,2017708707,147211134,452391473,826627739,673811997,1343896710
"Less developed regions, excluding China",1998,1289772230,2068006564,152073936,454776031,834996199,688633592,1379372972
"Less developed regions, excluding China",1999,1299565773,2119456968,156951121,457185104,842380669,703517876,1415939092
"Less developed regions, excluding China",2000,1308740552,2171758445,161872419,459960241,848780311,718254309,1453504136
"Less developed regions, excluding China",2001,1319617188,2222033956,167418953,463919734,855697454,732216421,1489817535
"Less developed regions, excluding China",2002,1329771301,2273440355,172889270,467258938,862512363,746022668,1527417687
"Less developed regions, excluding China",2003,1339441766,2325865050,178242473,470304927,869136839,759417970,1566447080
"Less developed regions, excluding China",2004,1348909679,2379182744,183422610,473449686,875459993,772068193,1607114551
"Less developed regions, excluding China",2005,1358383995,2433250252,188442910,477091703,881292292,783810433,1649439819
"Less developed regions, excluding China",2006,1369153408,2485905013,194176665,481704597,887448811,794042118,1691862895
"Less developed regions, excluding China",2007,1379961423,2539308516,199720906,485992044,893969379,803195828,1736112688
"Less developed regions, excluding China",2008,1390865520,2593394911,205160232,490119179,900746341,811443550,1781951361
"Less developed regions, excluding China",2009,1401882951,2648124117,210606398,494202863,907680088,819130990,1828993127
"Less developed regions, excluding China",2010,1413030052,2703397739,216179164,498426555,914603497,826580086,1876817653
"Less developed regions, excluding China",2011,1425566558,2757106761,222756970,503381113,922185445,833868054,1923238707
"Less developed regions, excluding China",2012,1437913519,2811649915,229427484,507528052,930385467,841027002,1970622913
"Less developed regions, excluding China",2013,1450053684,2866610138,236385161,511082781,938970903,848065687,2018544451
"Less developed regions, excluding China",2014,1461894913,2921501593,243885624,514271371,947623542,855001654,2066499939
"Less developed regions, excluding China",2015,1473300930,2976027412,252112981,517312563,955988367,861906829,2114120583
"Less developed regions, excluding China",2016,1485241505,3028547805,261626727,520504848,964736657,868839818,2159707987
"Less developed regions, excluding China",2017,1496519973,3081006664,271681668,523004511,973515462,875757410,2205249254
"Less developed regions, excluding China",2018,1507122340,3133434756,282261230,525012330,982110010,882747516,2250687240
"Less developed regions, excluding China",2019,1517024732,3185946301,293317563,526763876,990260856,889948204,2295998097
"Less developed regions, excluding China",2020,1526207658,3238572308,304859799,528503738,997703920,897475656,2341096652
"Less developed regions, excluding China",2021,1535735904,3289695966,317406706,530398155,1005337749,905477114,2384218852
"Less developed regions, excluding China",2022,1544528358,3341073926,330216429,532131637,1012396721,913786049,2427287877
"Less developed regions, excluding China",2023,1552551703,3392616823,343364920,533765009,1018786694,922316220,2470300603
"Less developed regions, excluding China",2024,1559786048,3444210622,356933580,535305708,1024480340,930944551,2513266071
"Less developed regions, excluding China",2025,1566240822,3495725664,371000605,536785390,1029455432,939596663,2556129001
"Less developed regions, excluding China",2026,1573369555,3545439371,385801212,538714174,1034655381,948462766,2596976605
"Less developed regions, excluding China",2027,1579696893,3595335972,400813117,540302305,1039394588,957354593,2637981379
"Less developed regions, excluding China",2028,1585317325,3645277841,416084225,541651502,1043665823,966112155,2679165686
"Less developed regions, excluding China",2029,1590392602,3695100045,431634364,542919619,1047472983,974513678,2720586367
"Less developed regions, excluding China",2030,1595044995,3744638132,447513286,544275599,1050769396,982423437,2762214695
"Less developed regions, excluding China",2031,1600796760,3792271672,463807531,546283349,1054513411,990025692,2802245980
"Less developed regions, excluding China",2032,1606078437,3839905723,480155349,547959141,1058119296,997125107,2842780616
"Less developed regions, excluding China",2033,1610960924,3887333796,496668640,549420956,1061539968,1003694281,2883639515
"Less developed regions, excluding China",2034,1615503352,3934355964,513460093,550791638,1064711714,1009732847,2924623117
"Less developed regions, excluding China",2035,1619744867,3980793530,530643939,552210730,1067534137,1015261774,2965531756
"Less developed regions, excluding China",2036,1625270637,4025148731,548111169,554263685,1071006952,1020473771,3004674960
"Less developed regions, excluding China",2037,1630441780,4069233355,565674053,555945474,1074496306,1025180578,3044052777
"Less developed regions, excluding China",2038,1635294012,4112867256,583465825,557372891,1077921121,1029453392,3083413864
"Less developed regions, excluding China",2039,1639848646,4155899360,601607765,558673069,1081175577,1033402922,3122496438
"Less developed regions, excluding China",2040,1644108147,4198187029,620227227,559978262,1084129885,1037125362,3161061667
"Less developed regions, excluding China",2041,1649541299,4238355695,639213253,561803645,1087737654,1040880209,3197475486
"Less developed regions, excluding China",2042,1654620842,4278187336,658285047,563299815,1091321027,1044443874,3233743462
"Less developed regions, excluding China",2043,1659332181,4317399880,677705796,564545055,1094787126,1047862023,3269537857
"Less developed regions, excluding China",2044,1663641639,4355667787,697795395,565611567,1098030072,1051177029,3304490758
"Less developed regions, excluding China",2045,1667516905,4392759251,718783551,566586143,1100930762,1054428942,3338330309
"Less developed regions, excluding China",2046,1672431557,4427394248,740452393,568016247,1104415310,1057924239,3369470009
"Less developed regions, excluding China",2047,1676840237,4461378999,762522736,569055507,1107784730,1061390168,3399988831
"Less developed regions, excluding China",2048,1680743970,4494710380,784975246,569790976,1110952994,1064830285,3429880095
"Less developed regions, excluding China",2049,1684144548,4527454488,807722401,570319681,1113824867,1068224659,3459229829
"Less developed regions, excluding China",2050,1687025311,4559600667,830772246,570739052,1116286259,1071563143,3488037524
"Less developed regions, excluding China",2051,1690791843,4590014461,853838507,571540781,1119251062,1075218284,3514796177
"Less developed regions, excluding China",2052,1694003658,4620358710,876680280,572013681,1121989977,1078817124,3541541586
"Less developed regions, excluding China",2053,1696649746,4650487415,899428782,572229634,1124420112,1082342575,3568144840
"Less developed regions, excluding China",2054,1698720544,4680265244,922200869,572260845,1126459699,1085760617,3594504627
"Less developed regions, excluding China",2055,1700204599,4709552374,945126573,572183592,1128021007,1089047560,3620504814
"Less developed regions, excluding China",2056,1702516423,4737439257,967685537,572487380,1130029043,1092622018,3644817239
"Less developed regions, excluding China",2057,1704264735,4765401057,989790857,572525903,1131738832,1096047067,3669353990
"Less developed regions, excluding China",2058,1705461755,4793251930,1011622472,572368763,1133092992,1099300462,3693951468
"Less developed regions, excluding China",2059,1706143844,4820803346,1033346351,572103651,1134040193,1102342930,3718460416
"Less developed regions, excluding China",2060,1706337977,4847856063,1055144816,571815691,1134522286,1105145012,3742711051
"Less developed regions, excluding China",2061,1707481579,4873713763,1076277147,571983282,1135498297,1108193571,3765520192
"Less developed regions, excluding China",2062,1708217899,4899611765,1096859291,572017753,1136200146,1110983465,3788628300
"Less developed regions, excluding China",2063,1708533723,4925289101,1117164828,571937136,1136596587,1113496054,3811793047
"Less developed regions, excluding China",2064,1708416510,4950482959,1137467646,571748378,1136668132,1115702519,3834780440
"Less developed regions, excluding China",2065,1707865221,4974940565,1158021539,571482509,1136382712,1117583484,3857357081
"Less developed regions, excluding China",2066,1708473706,4998004666,1177890765,571781653,1136692053,1119648755,3878355911
"Less developed regions, excluding China",2067,1708660433,5020985074,1197350188,571765309,1136895124,1121406914,3899578160
"Less developed regions, excluding China",2068,1708456372,5043540504,1216715223,571505185,1136951187,1122850969,3920689535
"Less developed regions, excluding China",2069,1707901801,5065305207,1236317198,571096668,1136805133,1123968029,3941337178
"Less developed regions, excluding China",2070,1707001578,5085982675,1256453391,570628985,1136372593,1124757280,3961225395
"Less developed regions, excluding China",2071,1707195438,5105118991,1276142225,570618700,1136576738,1125781076,3979337915
"Less developed regions, excluding China",2072,1707067383,5123886334,1295630304,570367892,1136699491,1126511386,3997374948
"Less developed regions, excluding China",2073,1706588513,5142053563,1315179472,569921575,1136666938,1126977217,4015076346
"Less developed regions, excluding China",2074,1705709637,5159435090,1335025434,569316278,1136393359,1127217208,4032217882
"Less developed regions, excluding China",2075,1704385668,5175845072,1355401287,568596304,1135789364,1127259537,4048585535
"Less developed regions, excluding China",2076,1704036055,5190908458,1375266686,568273041,1135763014,1127679393,4063229065
"Less developed regions, excluding China",2077,1703293257,5205759307,1394861403,567714352,1135578905,1127941674,4077817633
"Less developed regions, excluding China",2078,1702133803,5220216694,1414397252,566957048,1135176755,1128059442,4092157252
"Less developed regions, excluding China",2079,1700530991,5234118171,1434072111,566040278,1134490713,1128034268,4106083903
"Less developed regions, excluding China",2080,1698446412,5247261458,1454134759,565003034,1133443378,1127859260,4119402198
"Less developed regions, excluding China",2081,1697273495,5259467098,1473376422,564341203,1132932292,1128131184,4131335914
"Less developed regions, excluding China",2082,1695692906,5271740631,1492116207,563470033,1132222873,1128304153,4143436478
"Less developed regions, excluding China",2083,1693669705,5283792741,1510687775,562415711,1131253994,1128345082,4155447659
"Less developed regions, excluding China",2084,1691175634,5295356278,1529396257,561207655,1129967979,1128202890,4167153388
"Less developed regions, excluding China",2085,1688182707,5306183091,1548526144,559879943,1128302764,1127839642,4178343449
"Less developed regions, excluding China",2086,1686115910,5316379311,1566555247,558941316,1127174594,1127888582,4188490729
"Less developed regions, excluding China",2087,1683640683,5326667106,1584099371,557806447,1125834236,1127760627,4198906479
"Less developed regions, excluding China",2088,1680733887,5336726748,1601499704,556503066,1124230821,1127431192,4209295556
"Less developed regions, excluding China",2089,1677377472,5346230940,1619096820,555063713,1122313759,1126864628,4219366312
"Less developed regions, excluding China",2090,1673546459,5354868920,1637225195,553522485,1120023974,1126029125,4228839795
"Less developed regions, excluding China",2091,1670691509,5363079811,1653999270,552390602,1118300907,1125599861,4237479950
"Less developed regions, excluding China",2092,1667473670,5371258033,1670372712,551093607,1116380063,1124947281,4246310752
"Less developed regions, excluding China",2093,1663863905,5379057133,1686733670,549651592,1114212313,1124049155,4255007978
"Less developed regions, excluding China",2094,1659838456,5386147182,1703448925,548086819,1111751637,1122879098,4263268084
"Less developed regions, excluding China",2095,1655373960,5392235041,1720847456,546426008,1108947952,1121416167,4270818874
"Less developed regions, excluding China",2096,1651952553,5398035503,1736743239,545200173,1106752380,1120371164,4277664339
"Less developed regions, excluding China",2097,1648202506,5403666288,1752399208,543810136,1104392370,1119088901,4284577387
"Less developed regions, excluding China",2098,1644101583,5408802942,1768168858,542277110,1101824473,1117555366,4291247576
"Less developed regions, excluding China",2099,1639634679,5413129270,1784388569,540630962,1099003717,1115751436,4297377834
"Less developed regions, excluding China",2100,1634784102,5416342284,1801381615,538909242,1095874860,1113657969,4302684315
"Less developed regions, excluding least developed countries",1950,565148896,901343007,59658693,222893113,342255783,285628287,615714720
"Less developed regions, excluding least developed countries",1951,584428761,915097909,61025315,237120258,347308503,290505923,624591986
"Less developed regions, excluding least developed countries",1952,604808703,926836671,61959761,252418011,352390692,294672622,632164049
"Less developed regions, excluding least developed countries",1953,623983438,939474490,62623895,265249117,358734321,298852075,640622415
"Less developed regions, excluding least developed countries",1954,641365236,954193546,63066851,274397691,366967545,303202948,650990598
"Less developed regions, excluding least developed countries",1955,657758773,970723080,63270175,280886475,376872298,307568996,663154084
"Less developed regions, excluding least developed countries",1956,680521728,981020274,64301347,291529250,388992478,309734581,671285693
"Less developed regions, excluding least developed countries",1957,700513340,995405329,65234788,295406810,405106530,312722495,682682834
"Less developed regions, excluding least developed countries",1958,719955023,1011900826,65966202,295992116,423962907,316109789,695791037
"Less developed regions, excluding least developed countries",1959,740601934,1028872958,66421826,296928807,443673127,319695291,709177667
"Less developed regions, excluding least developed countries",1960,762907326,1045893529,66601556,300766180,462141146,323630788,722262741
"Less developed regions, excluding least developed countries",1961,784115428,1063764976,68533479,302009271,482106157,328347590,735417386
"Less developed regions, excluding least developed countries",1962,808607233,1080427498,70085877,309188002,499419231,332973068,747454430
"Less developed regions, excluding least developed countries",1963,834543420,1097940498,71369301,320621513,513921907,338604666,759335832
"Less developed regions, excluding least developed countries",1964,859231711,1119236604,72538550,332957016,526274695,346840901,772395703
"Less developed regions, excluding least developed countries",1965,881616784,1145538404,73656112,344073926,537542858,358488504,787049900
"Less developed regions, excluding least developed countries",1966,907248004,1169763245,76376913,358155777,549092227,371204566,798558679
"Less developed regions, excluding least developed countries",1967,929555736,1199788213,79174081,367931016,561624720,387550895,812237318
"Less developed regions, excluding least developed countries",1968,949747948,1233899408,82001757,374388884,575359064,406286395,827613013
"Less developed regions, excluding least developed countries",1969,969836442,1269401253,84777102,379558123,590278319,425388958,844012295
"Less developed regions, excluding least developed countries",1970,990668799,1304866256,87474443,385110512,605558287,443624368,861241888
"Less developed regions, excluding least developed countries",1971,1013644359,1338023092,90844458,391161369,622482990,460466191,877556901
"Less developed regions, excluding least developed countries",1972,1036050279,1372326897,94150631,395044360,641005919,476861866,895465031
"Less developed regions, excluding least developed countries",1973,1057591688,1407759156,97392911,397515203,660076485,492611301,915147855
"Less developed regions, excluding least developed countries",1974,1077238405,1444983536,100605442,398900189,678338216,507775969,937207567
"Less developed regions, excluding least developed countries",1975,1094278728,1484477935,103823735,399616494,694662234,522482857,961995078
"Less developed regions, excluding least developed countries",1976,1109951702,1523995871,107865721,399240066,710711636,536036628,987959243
"Less developed regions, excluding least developed countries",1977,1123121645,1565662135,111872294,398143050,724978595,548756587,1016905548
"Less developed regions, excluding least developed countries",1978,1134206504,1609582217,115854494,397050209,737156295,561438401,1048143816
"Less developed regions, excluding least developed countries",1979,1144123651,1655611622,119796575,397098332,747025319,575213034,1080398588
"Less developed regions, excluding least developed countries",1980,1153679744,1703509955,123698461,399144294,754535450,590706800,1112803155
"Less developed regions, excluding least developed countries",1981,1163335431,1752116416,128253759,401534502,761800929,607710314,1144406102
"Less developed regions, excluding least developed countries",1982,1173631924,1801597961,132616176,407167543,766464381,625931830,1175666131
"Less developed regions, excluding least developed countries",1983,1184415617,1852281288,136862332,415208394,769207223,644753643,1207527645
"Less developed regions, excluding least developed countries",1984,1195546818,1904499625,141072898,424449772,771097046,663118959,1241380666
"Less developed regions, excluding least developed countries",1985,1207204869,1958102151,145298772,434157280,773047589,680231960,1277870191
"Less developed regions, excluding least developed countries",1986,1224114172,2008127857,149962040,447616570,776497602,694967642,1313160215
"Less developed regions, excluding least developed countries",1987,1241022113,2059967270,154554813,459080268,781941845,708803410,1351163860
"Less developed regions, excluding least developed countries",1988,1257796384,2112525853,159131301,468273586,789522798,721180655,1391345198
"Less developed regions, excluding least developed countries",1989,1273772591,2164803264,163785728,474632389,799140202,731562912,1433240352
"Less developed regions, excluding least developed countries",1990,1288076841,2216433270,168606582,478002739,810074102,739804801,1476628469
"Less developed regions, excluding least developed countries",1991,1305273583,2261928829,174081419,482326589,822946994,744538771,1517390058
"Less developed regions, excluding least developed countries",1992,1317866618,2309445674,179775244,478875726,838990892,748009164,1561436510
"Less developed regions, excluding least developed countries",1993,1327212405,2358041883,185607108,470379797,856832608,750600069,1607441814
"Less developed regions, excluding least developed countries",1994,1335114570,2406656507,191451298,460859847,874254723,753095336,1653561171
"Less developed regions, excluding least developed countries",1995,1342290539,2455080873,197281358,453257170,889033369,756297499,1698783374
"Less developed regions, excluding least developed countries",1996,1343790269,2506993153,204429196,441077072,902713197,761445985,1745547168
"Less developed regions, excluding least developed countries",1997,1346950625,2556638203,211221693,435431025,911519600,766418324,1790219879
"Less developed regions, excluding least developed countries",1998,1349708137,2606081505,217836815,434533672,915174465,772409933,1833671572
"Less developed regions, excluding least developed countries",1999,1349219629,2658130933,224510628,434937498,914282131,780904515,1877226418
"Less developed regions, excluding least developed countries",2000,1344554938,2713794063,231348490,434296833,910258105,792516747,1921277316
"Less developed regions, excluding least developed countries",2001,1340908396,2767417077,238895716,436316090,904592306,806150901,1961266176
"Less developed regions, excluding least developed countries",2002,1333520502,2824547471,246470515,436833859,896686643,822868778,2001678693
"Less developed regions, excluding least developed countries",2003,1323913614,2883981391,253974359,436240584,887673030,841010939,2042970452
"Less developed regions, excluding least developed countries",2004,1314931764,2943345206,261185382,435990898,878940866,857864963,2085480243
"Less developed regions, excluding least developed countries",2005,1308277867,3001164088,268053826,437188161,871089706,871678362,2129485726
"Less developed regions, excluding least developed countries",2006,1305242958,3055375757,275415673,440715168,864527790,882405931,2172969826
"Less developed regions, excluding least developed countries",2007,1303741361,3108783644,282523438,443497978,860243383,890322285,2218461359
"Less developed regions, excluding least developed countries",2008,1304031866,3160879384,289576840,446025556,858006310,895106569,2265772815
"Less developed regions, excluding least developed countries",2009,1305790409,3211599459,296864009,448556062,857234347,896675908,2314923551
"Less developed regions, excluding least developed countries",2010,1308715952,3260877824,304640915,451399882,857316070,895174322,2365703502
"Less developed regions, excluding least developed countries",2011,1313894908,3306872079,313645724,454845382,859049526,890868524,2416003555
"Less developed regions, excluding least developed countries",2012,1320187797,3351624104,322886989,457901822,862285975,883402448,2468221656
"Less developed regions, excluding least developed countries",2013,1327179730,3394783896,332848843,460543632,866636098,874117679,2520666217
"Less developed regions, excluding least developed countries",2014,1334128768,3436049322,344219103,462542077,871586691,865081241,2570968081
"Less developed regions, excluding least developed countries",2015,1340460031,3475295484,357415651,463758811,876701220,857699350,2617596134
"Less developed regions, excluding least developed countries",2016,1347209039,3510879472,372911682,464779379,882429660,852147284,2658732188
"Less developed regions, excluding least developed countries",2017,1352828699,3545027711,389997241,464475969,888352730,848348410,2696679301
"Less developed regions, excluding least developed countries",2018,1357343720,3578247322,408091872,463174529,894169191,846210174,2732037148
"Less developed regions, excluding least developed countries",2019,1360934201,3611276502,426266352,461411137,899523064,845364554,2765911948
"Less developed regions, excluding least developed countries",2020,1363637867,3644544707,444038612,459581147,904056720,845600196,2798944511
"Less developed regions, excluding least developed countries",2021,1365520870,3677358990,461981225,457059886,908460984,847592622,2829766368
"Less developed regions, excluding least developed countries",2022,1366692705,3710358482,479292284,455078056,911614649,850845655,2859512827
"Less developed regions, excluding least developed countries",2023,1366883333,3743228403,496553414,453468687,913414646,855110009,2888118394
"Less developed regions, excluding least developed countries",2024,1365805781,3775451258,514582230,451879641,913926140,860013681,2915437577
"Less developed regions, excluding least developed countries",2025,1363401969,3806578988,533896383,450059330,913342639,865262912,2941316076
"Less developed regions, excluding least developed countries",2026,1361127522,3835359729,554279678,448594635,912532887,871228948,2964130781
"Less developed regions, excluding least developed countries",2027,1357708738,3863478299,575313752,447012734,910696004,877399760,2986078539
"Less developed regions, excluding least developed countries",2028,1353341258,3890615035,597148964,445327199,908014059,883440854,3007174181
"Less developed regions, excluding least developed countries",2029,1348419835,3916283225,619914392,443677953,904741882,888912894,3027370331
"Less developed regions, excluding least developed countries",2030,1343236126,3940127951,643702314,442201303,901034823,893513048,3046614903
"Less developed regions, excluding least developed countries",2031,1339318276,3961061382,668083764,441557888,897760388,897620849,3063440533
"Less developed regions, excluding least developed countries",2032,1335103265,3980697982,693005808,440675775,894427490,900765910,3079932072
"Less developed regions, excluding least developed countries",2033,1330753312,3999071060,718274396,439680392,891072920,902862718,3096208342
"Less developed regions, excluding least developed countries",2034,1326395425,4016387481,743553506,438706514,887688911,903868687,3112518794
"Less developed regions, excluding least developed countries",2035,1322108234,4032763296,768648212,437892791,884215443,903788126,3128975170
"Less developed regions, excluding least developed countries",2036,1319326460,4047431430,792891021,437767224,881559236,903055781,3144375649
"Less developed regions, excluding least developed countries",2037,1316625919,4061497920,816607552,437465277,879160642,901223040,3160274880
"Less developed regions, excluding least developed countries",2038,1314025357,4075080522,839676331,437060697,876964660,898526596,3176553926
"Less developed regions, excluding least developed countries",2039,1311484660,4088500122,861835279,436612541,874872119,895334399,3193165723
"Less developed regions, excluding least developed countries",2040,1308965223,4101891309,883000250,436190915,872774308,891919669,3209971640
"Less developed regions, excluding least developed countries",2041,1307755128,4114545764,902596944,436265537,871489591,888742879,3225802885
"Less developed regions, excluding least developed countries",2042,1306519903,4127581240,920833751,436119380,870400523,885426196,3242155044
"Less developed regions, excluding least developed countries",2043,1305219274,4140355273,938374038,435789281,869429993,882067175,3258288098
"Less developed regions, excluding least developed countries",2044,1303781935,4152023801,956105587,435302072,868479863,878750732,3273273069
"Less developed regions, excluding least developed countries",2045,1302136126,4161999381,974665960,434693782,867442344,875547273,3286452108
"Less developed regions, excluding least developed countries",2046,1301460155,4169669421,993486724,434409492,867050663,872928042,3296741379
"Less developed regions, excluding least developed countries",2047,1300490386,4176541085,1012325646,433804759,866685627,870535493,3306005592
"Less developed regions, excluding least developed countries",2048,1299197539,4182099095,1031714902,432934004,866263535,868371013,3313728082
"Less developed regions, excluding least developed countries",2049,1297534532,4185617124,1052414241,431851582,865682950,866389655,3319227469
"Less developed regions, excluding least developed countries",2050,1295433351,4186640208,1074939028,430603042,864830309,864553506,3322086702
"Less developed regions, excluding least developed countries",2051,1293939394,4184737112,1098680091,429527184,864412210,863334638,3321402474
"Less developed regions, excluding least developed countries",2052,1291999370,4181064002,1123544634,428218452,863780918,862290018,3318773984
"Less developed regions, excluding least developed countries",2053,1289565844,4176411529,1148795556,426714557,862851287,861378900,3315032629
"Less developed regions, excluding least developed countries",2054,1286613399,4172128035,1173118207,425058144,861555255,860545975,3311582060
"Less developed regions, excluding least developed countries",2055,1283131679,4169034129,1195716809,423289793,859841886,859748766,3309285363
"Less developed regions, excluding least developed countries",2056,1280114598,4166599002,1216140971,421702309,858412289,859437154,3307161848
"Less developed regions, excluding least developed countries",2057,1276664715,4165846971,1234290512,420036480,856628235,859134554,3306712417
"Less developed regions, excluding least developed countries",2058,1272783855,4166410610,1250577437,418316055,854467800,858792362,3307618248
"Less developed regions, excluding least developed countries",2059,1268503383,4167706631,1265610959,416574963,851928420,858333455,3309373176
"Less developed regions, excluding least developed countries",2060,1263853302,4169251855,1279894385,414844717,849008585,857687742,3311564113
"Less developed regions, excluding least developed countries",2061,1259866516,4170726451,1292744512,413458529,846407987,857296350,3313430101
"Less developed regions, excluding least developed countries",2062,1255669151,4173186978,1304001604,412100549,843568602,856707536,3316479442
"Less developed regions, excluding least developed countries",2063,1251259633,4176120538,1314215770,410759256,840500377,855873270,3320247268
"Less developed regions, excluding least developed countries",2064,1246642880,4178884396,1324060605,409416329,837226551,854727043,3324157353
"Less developed regions, excluding least developed countries",2065,1241825511,4180924833,1334115759,408071949,833753562,853213811,3327711022
"Less developed regions, excluding least developed countries",2066,1238016383,4181964253,1343477567,407228746,830787637,851804548,3330159705
"Less developed regions, excluding least developed countries",2067,1234083908,4182956495,1352346532,406228835,827855073,850073079,3332883416
"Less developed regions, excluding least developed countries",2068,1230051389,4183478120,1361141968,405112853,824938536,848009802,3335468318
"Less developed regions, excluding least developed countries",2069,1225941677,4183092781,1370292989,403939418,822002259,845609060,3337483721
"Less developed regions, excluding least developed countries",2070,1221743870,4181432821,1380194034,402761956,818981914,842871565,3338561256
"Less developed regions, excluding least developed countries",2071,1218572590,4178686607,1389564641,401989111,816583479,840349790,3338336817
"Less developed regions, excluding least developed countries",2072,1215370288,4175419266,1398916386,401082188,814288100,837562760,3337856506
"Less developed regions, excluding least developed countries",2073,1212084272,4171316814,1408623300,400058881,812025391,834546466,3336770348
"Less developed regions, excluding least developed countries",2074,1208644706,4166167437,1418970028,398929460,809715246,831368423,3334799014
"Less developed regions, excluding least developed countries",2075,1204997966,4159844429,1430144558,397714219,807283747,828085586,3331758843
"Less developed regions, excluding least developed countries",2076,1202188326,4152636041,1440829093,396789680,805398646,825243429,3327392612
"Less developed regions, excluding least developed countries",2077,1199222048,4145030947,1451551707,395708759,803513289,822367429,3322663518
"Less developed regions, excluding least developed countries",2078,1196064128,4137019975,1462383072,394491756,801572372,819483369,3317536606
"Less developed regions, excluding least developed countries",2079,1192672268,4128688219,1473311083,393159388,799512880,816611528,3312076691
"Less developed regions, excluding least developed countries",2080,1188989018,4120003615,1484452975,391726070,797262948,813754243,3306249372
"Less developed regions, excluding least developed countries",2081,1185876425,4110994337,1494935310,390482623,795393802,811380131,3299614206
"Less developed regions, excluding least developed countries",2082,1182577607,4102524153,1504667295,389139142,793438465,809106264,3293417889
"Less developed regions, excluding least developed countries",2083,1179057085,4094435653,1513868502,387704325,791352760,806908326,3287527327
"Less developed regions, excluding least developed countries",2084,1175248351,4086439461,1522923091,386174279,789074072,804717212,3281722249
"Less developed regions, excluding least developed countries",2085,1171055686,4078120227,1532365175,384535695,786519991,802449346,3275670881
"Less developed regions, excluding least developed countries",2086,1167453097,4070074839,1540640105,383120309,784332788,800639505,3269435334
"Less developed regions, excluding least developed countries",2087,1163637185,4062724311,1548137792,381630086,782007099,798844237,3263880074
"Less developed regions, excluding least developed countries",2088,1159521540,4055545408,1555473078,380051574,779469966,796982592,3258562816
"Less developed regions, excluding least developed countries",2089,1155060937,4048099896,1563129929,378385436,776675501,794979120,3253120776
"Less developed regions, excluding least developed countries",2090,1150243281,4040116657,1571392479,376643789,773599492,792790214,3247326443
"Less developed regions, excluding least developed countries",2091,1146196032,4032887665,1577843279,375210256,770985776,791052481,3241835184
"Less developed regions, excluding least developed countries",2092,1141937530,4025899554,1583980560,373717329,768220201,789182543,3236717011
"Less developed regions, excluding least developed countries",2093,1137441381,4018825399,1590160882,372166527,765274854,787143360,3231682039
"Less developed regions, excluding least developed countries",2094,1132687572,4011336867,1596733821,370559949,762127623,784892870,3226443997
"Less developed regions, excluding least developed countries",2095,1127657399,4003147754,1604002881,368901977,758755422,782397348,3220750406
"Less developed regions, excluding least developed countries",2096,1123526152,3995769903,1609276121,367609763,755916389,780319018,3215450885
"Less developed regions, excluding least developed countries",2097,1119225546,3988307532,1614509273,366248654,752976892,778034996,3210272536
"Less developed regions, excluding least developed countries",2098,1114736968,3980455455,1620014060,364824369,749912599,775527626,3204927829
"Less developed regions, excluding least developed countries",2099,1110068021,3971973848,1626007267,363358510,746709511,772791368,3199182480
"Less developed regions, excluding least developed countries",2100,1105228967,3962641809,1632680071,361883706,743345261,769819762,3192822047
Liberia,1950,385778,516275,27972,144620,241158,182212,334063
Liberia,1951,391244,523940,27815,146711,244533,184599,339341
Liberia,1952,398311,531854,27430,151546,246765,187203,344651
Liberia,1953,405200,541569,26930,156826,248374,190598,350971
Liberia,1954,411560,553318,26352,162068,249492,194871,358447
Liberia,1955,417764,566629,25674,167482,250282,199830,366799
Liberia,1956,427851,576227,26031,175622,252229,203430,372797
Liberia,1957,436486,588430,26334,180806,255680,208136,380294
Liberia,1958,444798,602045,26549,184377,260421,213299,388746
Liberia,1959,453928,615873,26641,187774,266154,218129,397744
Liberia,1960,464349,629352,26612,192242,272107,222230,407122
Liberia,1961,477565,640034,27387,197272,280293,224640,415394
Liberia,1962,491708,650739,28033,202271,289437,226550,424189
Liberia,1963,506454,661871,28565,207539,298915,228312,433559
Liberia,1964,521080,674265,28999,213022,308058,230508,443757
Liberia,1965,535274,688352,29346,218901,316373,233509,454843
Liberia,1966,552026,700398,30390,225878,326148,235856,464542
Liberia,1967,568157,714430,31354,232042,336115,239056,475374
Liberia,1968,583988,730267,32236,237894,346094,243279,486988
Liberia,1969,600056,747545,33036,244151,355905,248693,498852
Liberia,1970,616714,766047,33768,251500,365214,255400,510647
Liberia,1971,636588,782484,35126,260224,376364,262113,520371
Liberia,1972,656649,800644,36418,268558,388091,270295,530349
Liberia,1973,677084,820487,37658,276916,400168,279599,540888
Liberia,1974,698059,842005,38888,285682,412377,289504,552501
Liberia,1975,719696,865190,40127,295338,424358,299698,565492
Liberia,1976,744445,885834,42021,306281,438164,308626,577208
Liberia,1977,768505,908073,43911,315725,452780,317842,590231
Liberia,1978,792905,932518,45833,324645,468260,327636,604882
Liberia,1979,819198,959881,47802,334588,484610,338409,621472
Liberia,1980,848195,990278,49841,346872,501323,350328,639950
Liberia,1981,883301,1021725,52430,361491,521810,362656,659069
Liberia,1982,920758,1056070,55022,377165,543593,376018,680052
Liberia,1983,956200,1089261,57450,391990,564210,389024,700237
Liberia,1984,982739,1116822,59528,401927,580812,400133,716689
Liberia,1985,994894,1136516,61145,403278,591616,408595,727921
Liberia,1986,1001607,1137452,62774,406034,595573,410283,727169
Liberia,1987,997165,1130301,63557,402329,594836,409217,721084
Liberia,1988,983582,1117929,63579,393124,590458,406362,711567
Liberia,1989,964872,1103707,62946,381286,583586,402871,700836
Liberia,1990,945040,1090420,61772,370301,574739,399765,690655
Liberia,1991,925374,1073150,61743,359323,566051,394889,678261
Liberia,1992,902922,1058396,61411,345407,557515,390890,667506
Liberia,1993,886112,1052944,61192,333791,552321,390257,662687
Liberia,1994,886474,1064856,61555,332319,554155,396003,668853
Liberia,1995,912981,1097822,62679,348807,564174,409586,688236
Liberia,1996,961104,1163938,66137,368099,593005,435443,728495
Liberia,1997,1031048,1256197,71224,397942,633106,470826,785371
Liberia,1998,1112846,1360950,77266,435288,677558,510484,850466
Liberia,1999,1189436,1461626,83456,470843,718593,547951,913675
Liberia,2000,1247052,1548154,89316,495149,751903,579276,968878
Liberia,2001,1296189,1602527,92416,521202,774987,598704,1003823
Liberia,2002,1328370,1640263,94230,536623,791747,611386,1028877
Liberia,2003,1350460,1670413,95360,543740,806720,620628,1049785
Liberia,2004,1375290,1704551,96573,550033,825257,630535,1074016
Liberia,2005,1412899,1750002,98329,563035,849864,643723,1106279
Liberia,2006,1464685,1808802,102351,579936,884749,660818,1147984
Liberia,2007,1525790,1879981,107161,598804,926986,681407,1198574
Liberia,2008,1592241,1958469,112283,619396,972845,704103,1254366
Liberia,2009,1656257,2038169,117102,638742,1017515,727458,1310711
Liberia,2010,1711421,2115431,121273,653631,1057790,750733,1364698
Liberia,2011,1760421,2184669,125077,666397,1094024,772132,1412537
Liberia,2012,1802756,2250804,128003,677360,1125396,793150,1457654
Liberia,2013,1839492,2316319,130480,686582,1152910,814948,1501371
Liberia,2014,1873453,2384228,133056,695232,1178221,838856,1545372
Liberia,2015,1907170,2456403,136048,704628,1202542,865594,1590809
Liberia,2016,1942948,2530636,140239,715488,1227460,894497,1636139
Liberia,2017,1978454,2608798,144654,727170,1251284,925957,1682841
Liberia,2018,2013718,2690512,149286,739604,1274114,959078,1731434
Liberia,2019,2048647,2774996,154077,752468,1296179,992401,1782595
Liberia,2020,2083225,2861606,159022,765545,1317680,1024894,1836712
Liberia,2021,2119981,2947167,164934,780065,1339916,1055831,1891336
Liberia,2022,2156270,3035655,170938,793473,1362797,1086118,1949537
Liberia,2023,2192482,3126605,177090,806209,1386273,1115499,2011106
Liberia,2024,2229090,3219442,183407,818909,1410181,1143731,2075711
Liberia,2025,2266345,3313816,189935,832139,1434206,1170681,2143135
Liberia,2026,2305875,3407252,197501,846149,1459726,1196002,2211250
Liberia,2027,2345780,3502571,205160,859739,1486041,1219982,2282589
Liberia,2028,2385929,3599736,212985,873087,1512842,1243044,2356692
Liberia,2029,2425988,3698924,221049,886237,1539751,1265862,2433062
Liberia,2030,2465745,3800190,229442,899287,1566458,1288886,2511304
Liberia,2031,2506911,3900957,238945,912687,1594224,1311900,2589057
Liberia,2032,2547513,4004078,248611,925413,1622100,1335163,2668915
Liberia,2033,2587501,4109387,258588,937629,1649872,1358856,2750531
Liberia,2034,2626859,4216652,269021,949539,1677320,1383130,2833522
Liberia,2035,2665560,4325679,280022,961328,1704232,1408063,2917616
Liberia,2036,2705163,4434294,292157,973272,1731891,1433766,3000528
Liberia,2037,2743906,4544940,304653,984817,1759089,1460212,3084728
Liberia,2038,2781700,4657536,317615,996014,1785686,1487278,3170258
Liberia,2039,2818443,4771989,331146,1006861,1811582,1514709,3257280
Liberia,2040,2854101,4888156,345354,1017390,1836711,1542292,3345864
Liberia,2041,2890418,5003624,360843,1028146,1862272,1570103,3433521
Liberia,2042,2925481,5121102,376734,1038286,1887195,1598059,3523043
Liberia,2043,2959328,5240312,393205,1047935,1911393,1626049,3614263
Liberia,2044,2992064,5360849,410446,1057276,1934788,1653909,3706940
Liberia,2045,3023781,5482428,428600,1066465,1957316,1681502,3800926
Liberia,2046,3056233,5602988,447884,1075925,1980308,1709055,3893933
Liberia,2047,3087632,5724821,467747,1085088,2002544,1736227,3988594
Liberia,2048,3117967,5847923,488165,1093995,2023972,1762984,4084939
Liberia,2049,3147264,5972367,509046,1102674,2044590,1789282,4183085
Liberia,2050,3175566,6098095,530370,1111171,2064395,1815056,4283039
Liberia,2051,3204927,6222765,552389,1120168,2084759,1840578,4382187
Liberia,2052,3233269,6348763,574694,1128752,2104517,1865514,4483249
Liberia,2053,3260605,6475980,597308,1136956,2123649,1889863,4586117
Liberia,2054,3286950,6604361,620160,1144809,2142141,1913607,4690754
Liberia,2055,3312329,6733746,643304,1152360,2159969,1936719,4797027
Liberia,2056,3338956,6861903,666654,1160441,2178515,1959590,4902313
Liberia,2057,3364454,6991317,690065,1167808,2196646,1981852,5009465
Liberia,2058,3388896,7121208,714179,1174629,2214267,2003513,5117695
Liberia,2059,3412417,7250568,739827,1181156,2231261,2024565,5226003
Liberia,2060,3435083,7378705,767593,1187581,2247502,2044993,5333712
Liberia,2061,3458876,7504113,796911,1194358,2264518,2065441,5438672
Liberia,2062,3481871,7628616,827808,1201017,2280854,2085239,5543377
Liberia,2063,3503897,7752069,860490,1207452,2296445,2104487,5647582
Liberia,2064,3524717,7874415,895141,1213440,2311277,2123299,5751116
Liberia,2065,3544201,7995515,931926,1218848,2325353,2141710,5853805
Liberia,2066,3564973,8113421,970089,1224826,2340147,2160283,5953138
Liberia,2067,3584191,8230644,1009865,1229770,2354421,2178506,6052138
Liberia,2068,3601968,8347053,1051200,1233875,2368093,2196335,6150718
Liberia,2069,3618520,8462540,1093900,1237466,2381054,2213646,6248894
Liberia,2070,3633938,8576990,1137901,1240782,2393156,2230360,6346630
Liberia,2071,3650194,8689530,1182008,1244255,2405939,2247305,6442225
Liberia,2072,3665315,8801459,1226824,1247448,2417867,2263637,6537822
Liberia,2073,3679168,8912720,1272469,1250348,2428820,2279400,6633320
Liberia,2074,3691576,9023356,1318992,1252863,2438713,2294633,6728723
Liberia,2075,3702456,9133260,1366521,1254937,2447519,2309332,6823928
Liberia,2076,3714345,9241698,1413170,1257429,2456916,2324349,6917349
Liberia,2077,3724781,9349875,1460128,1259465,2465316,2338783,7011092
Liberia,2078,3733754,9457293,1507787,1261038,2472716,2352613,7104680
Liberia,2079,3741319,9563356,1556600,1262167,2479152,2365775,7197581
Liberia,2080,3747509,9667562,1606938,1262875,2484634,2378202,7289360
Liberia,2081,3755051,9769813,1656087,1264153,2490898,2390898,7378915
Liberia,2082,3761168,9870877,1706012,1264777,2496391,2402877,7468000
Liberia,2083,3765918,9970305,1757042,1264857,2501061,2414071,7556234
Liberia,2084,3769412,10067645,1809495,1264567,2504845,2424353,7643292
Liberia,2085,3771710,10162487,1863676,1264033,2507677,2433635,7728852
Liberia,2086,3775401,10255582,1916201,1263998,2511403,2443122,7812460
Liberia,2087,3778038,10346759,1969625,1263741,2514297,2451605,7895154
Liberia,2088,3779514,10435716,2024291,1263200,2516314,2459156,7976560
Liberia,2089,3779660,10522198,2080527,1262222,2517438,2465878,8056320
Liberia,2090,3778388,10605924,2138629,1260720,2517668,2471816,8134108
Liberia,2091,3778708,10687643,2194809,1259892,2518816,2478125,8209518
Liberia,2092,3777614,10767504,2251905,1258301,2519313,2483716,8283788
Liberia,2093,3775209,10845139,2310195,1256089,2519120,2488582,8356557
Liberia,2094,3771655,10920096,2369979,1253486,2518169,2492663,8427433
Liberia,2095,3767058,10991949,2431598,1250701,2516357,2495899,8496050
Liberia,2096,3763777,11062324,2491073,1248306,2515471,2499597,8562727
Liberia,2097,3759698,11130557,2551190,1245860,2513838,2502540,8628017
Liberia,2098,3754801,11196269,2612365,1243427,2511374,2504736,8691533
Liberia,2099,3748923,11259164,2675032,1240897,2508026,2506196,8752968
Liberia,2100,3741860,11318964,2739678,1238037,2503823,2506914,8812050
Libya,1950,435553,630284,58678,174164,261389,206564,423720
Libya,1951,448700,635826,58446,181309,267391,207906,427920
Libya,1952,464051,641939,57901,190833,273218,209482,432457
Libya,1953,479354,651100,57280,199706,279648,212171,438929
Libya,1954,494265,663922,56640,207504,286761,216267,447655
Libya,1955,509460,679966,55932,215079,294381,221732,458234
Libya,1956,527826,695390,56190,225555,302271,227817,467573
Libya,1957,544978,715445,56488,232540,312438,235307,480138
Libya,1958,562674,738376,56682,238262,324412,243377,494999
Libya,1959,582388,762606,56626,244857,337531,251232,511374
Libya,1960,604674,787461,56282,253959,350715,258563,528898
Libya,1961,630355,810484,57232,263699,366656,265990,544494
Libya,1962,658779,834096,57938,275597,383182,273046,561050
Libya,1963,689860,858851,58460,289813,400047,280008,578843
Libya,1964,723125,885854,58846,306019,417106,287500,598354
Libya,1965,758568,915594,59144,324143,434425,295920,619674
Libya,1966,799607,943799,60277,344969,454638,305454,638345
Libya,1967,842688,974889,61300,366441,476247,316082,658807
Libya,1968,888074,1008551,62289,388399,499675,327725,680826
Libya,1969,936043,1044428,63347,410645,525398,340355,704073
Libya,1970,986602,1082382,64542,433146,553456,354046,728336
Libya,1971,1041744,1119875,66527,457449,584295,369546,750329
Libya,1972,1097708,1161096,68686,478670,619038,386668,774428
Libya,1973,1154480,1205321,70954,497469,657011,404876,800445
Libya,1974,1211698,1251948,73242,514762,696936,423614,828334
Libya,1975,1268733,1300874,75532,531397,737336,442746,858128
Libya,1976,1326036,1350407,78253,546803,779233,464738,885669
Libya,1977,1381920,1402763,80954,560452,821468,486836,915927
Libya,1978,1436464,1458916,83713,572794,863670,509763,949153
Libya,1979,1489541,1520562,86626,584046,905495,534995,985567
Libya,1980,1540910,1588790,89766,594367,946543,563607,1025183
Libya,1981,1587377,1667044,93360,601817,985560,602174,1064870
Libya,1982,1630830,1752509,97115,608025,1022805,642580,1109929
Libya,1983,1670499,1843123,101067,613080,1057419,683424,1159699
Libya,1984,1705536,1935918,105261,617464,1088072,723268,1212650
Libya,1985,1735278,2028795,109708,621451,1113827,761395,1267400
Libya,1986,1768133,2111177,115281,626239,1141894,798866,1312311
Libya,1987,1796590,2192250,120863,632747,1163843,836522,1355728
Libya,1988,1820395,2273544,126479,639531,1180864,874069,1399475
Libya,1989,1838993,2357728,132193,643927,1195066,911350,1446378
Libya,1990,1852219,2446389,138053,644143,1208076,948199,1498190
Libya,1991,1865652,2534332,144309,646004,1219648,983673,1550659
Libya,1992,1871598,2628639,150767,639574,1232024,1019288,1609351
Libya,1993,1871532,2726412,157345,627327,1244205,1053512,1672900
Libya,1994,1867904,2823222,163877,613647,1254257,1084218,1739004
Libya,1995,1861952,2916565,170281,601728,1260224,1110253,1806312
Libya,1996,1853599,3005072,177213,586925,1266674,1139255,1865817
Libya,1997,1845115,3088494,183660,578036,1267079,1161762,1926732
Libya,1998,1836028,3169722,189752,573880,1262148,1179424,1990298
Libya,1999,1824937,3253498,195728,571629,1253308,1194993,2058505
Libya,2000,1811690,3342348,201713,569291,1242399,1210109,2132239
Libya,2001,1797557,3434991,208018,569073,1228484,1230237,2204754
Libya,2002,1781759,3531588,214168,568785,1212974,1248113,2283475
Libya,2003,1765973,3629846,220133,568681,1197292,1262263,2367583
Libya,2004,1752737,3726211,225811,570183,1182554,1271220,2454991
Libya,2005,1743272,3818340,231076,574274,1168998,1274534,2543806
Libya,2006,1742893,3900327,238215,582622,1160271,1273741,2626586
Libya,2007,1746338,3978915,245109,592638,1153700,1270832,2708083
Libya,2008,1751519,4050307,251252,603200,1148319,1264370,2785937
Libya,2009,1754820,4110309,255924,612031,1142789,1252541,2857768
Libya,2010,1753697,4156721,258722,617336,1136361,1234626,2922095
Libya,2011,1760008,4171415,262078,626749,1133259,1200676,2970739
Libya,2012,1763290,4171264,263704,631171,1132119,1163739,3007525
Libya,2013,1765835,4165511,264624,631662,1134173,1128223,3037288
Libya,2014,1771544,4166313,266251,630428,1141116,1099301,3067012
Libya,2015,1783327,4182090,269538,629902,1153425,1080213,3101877
Libya,2016,1788228,4230347,274678,626541,1161687,1070450,3159897
Libya,2017,1795055,4297573,281988,619246,1175809,1068461,3229112
Libya,2018,1802859,4377275,290822,609764,1193095,1072223,3305052
Libya,2019,1809737,4460010,300117,600014,1209723,1078865,3381145
Libya,2020,1813594,4539293,309286,591011,1222583,1086507,3452786
Libya,2021,1808636,4617132,319905,576401,1232235,1096081,3521051
Libya,2022,1803100,4689286,330466,567429,1235671,1105976,3583310
Libya,2023,1795209,4757984,341575,562164,1233045,1116686,3641298
Libya,2024,1782887,4826897,354056,557326,1225561,1129009,3697888
Libya,2025,1765682,4897640,368510,550666,1215016,1143117,3754523
Libya,2026,1748646,4964432,385398,546287,1202359,1157992,3806440
Libya,2027,1726476,5032281,403969,539239,1187237,1174010,3858271
Libya,2028,1700951,5098893,424843,530316,1170635,1189748,3909145
Libya,2029,1675218,5160515,448775,521587,1153631,1203014,3957501
Libya,2030,1651112,5214941,476293,514533,1136579,1212417,4002524
Libya,2031,1629248,5261613,507352,508802,1120446,1218551,4043062
Libya,2032,1609138,5301574,541449,504176,1104962,1220730,4080844
Libya,2033,1590710,5335154,578442,500698,1090012,1219031,4116123
Libya,2034,1573227,5363454,618120,497910,1075317,1213802,4149652
Libya,2035,1556399,5386997,660347,495606,1060793,1205357,4181640
Libya,2036,1542783,5404577,703798,494950,1047833,1194184,4210393
Libya,2037,1530258,5417807,748968,494434,1035824,1179623,4238184
Libya,2038,1518919,5426528,795925,494045,1024874,1162764,4263764
Libya,2039,1508905,5430482,844730,493862,1015043,1145156,4285326
Libya,2040,1500253,5429655,895343,493975,1006278,1127873,4301782
Libya,2041,1495242,5424470,945030,495487,999755,1111705,4312765
Libya,2042,1491154,5415722,995654,496433,994721,1096209,4319513
Libya,2043,1487866,5404006,1046552,496885,990981,1081387,4322619
Libya,2044,1485105,5390394,1096703,496876,988229,1066992,4323402
Libya,2045,1482548,5375638,1145494,496444,986104,1052936,4322702
Libya,2046,1482128,5361155,1189487,496406,985722,1040293,4320862
Libya,2047,1481430,5346722,1231292,495441,985989,1028354,4318368
Libya,2048,1480261,5331921,1271398,493677,986584,1017351,4314570
Libya,2049,1478348,5316179,1310483,491243,987105,1007549,4308630
Libya,2050,1475430,5299285,1348954,488214,987216,999113,4300172
Libya,2051,1472736,5283374,1383399,484777,987959,992875,4290499
Libya,2052,1468966,5267221,1416373,481023,987943,987903,4279318
Libya,2053,1463904,5251354,1447576,476947,986957,984136,4267218
Libya,2054,1457402,5236571,1476379,472514,984888,981407,4255164
Libya,2055,1449411,5223305,1502482,467690,981721,979543,4243762
Libya,2056,1441117,5212523,1523795,462681,978436,979151,4233372
Libya,2057,1431611,5203588,1541946,457779,973832,979432,4224156
Libya,2058,1420931,5195999,1557587,452962,967969,980122,4215877
Libya,2059,1409288,5188988,1571483,448252,961036,980817,4208171
Libya,2060,1396924,5181935,1584221,443675,953249,981183,4200752
Libya,2061,1384960,5174364,1595285,439558,945402,981534,4192830
Libya,2062,1372674,5167222,1604590,435815,936859,981380,4185842
Libya,2063,1360191,5160004,1612765,432402,927789,980562,4179442
Libya,2064,1347718,5152076,1620517,429288,918430,978884,4173192
Libya,2065,1335451,5142875,1628468,426476,908975,976186,4166689
Libya,2066,1324501,5130176,1637888,424556,899945,972501,4157675
Libya,2067,1313941,5116876,1646902,422659,891282,967766,4149110
Libya,2068,1303911,5102376,1656098,420852,883059,962064,4140312
Libya,2069,1294543,5086005,1666106,419234,875309,955521,4130484
Libya,2070,1285907,5067281,1677451,417908,867999,948241,4119040
Libya,2071,1278697,5043831,1691868,417234,861463,940248,4103583
Libya,2072,1272238,5019206,1706555,416494,855744,931638,4087568
Libya,2073,1266482,4992989,1722048,415721,850761,922630,4070359
Libya,2074,1261295,4964759,1738974,414917,846378,913517,4051242
Libya,2075,1256506,4934278,1757760,414088,842418,904497,4029781
Libya,2076,1252630,4899586,1779902,413509,839121,895625,4003961
Libya,2077,1249081,4863836,1802813,412659,836422,887025,3976811
Libya,2078,1245722,4827650,1825923,411565,834157,878810,3948840
Libya,2079,1242387,4792155,1848162,410253,832134,871103,3921052
Libya,2080,1238903,4758066,1868889,408738,830165,863983,3894083
Libya,2081,1235703,4724493,1888526,407138,828565,857650,3866843
Libya,2082,1232326,4693306,1905644,405333,826993,852016,3841290
Libya,2083,1228634,4664056,1920776,403321,825313,847055,3817001
Libya,2084,1224470,4636081,1934666,401083,823387,842673,3793408
Libya,2085,1219698,4608879,1947888,398588,821110,838777,3770102
Libya,2086,1214941,4582876,1959375,395997,818944,835688,3747188
Libya,2087,1209677,4558620,1969089,393299,816378,833095,3725525
Libya,2088,1203832,4535714,1977451,390500,813332,830874,3704840
Libya,2089,1197418,4513808,1984777,387640,809778,828844,3684964
Libya,2090,1190461,4492590,1991340,384740,805721,826854,3665736
Libya,2091,1183784,4473275,1995103,381975,801809,825353,3647922
Libya,2092,1176820,4455179,1997333,379397,797423,823845,3631334
Libya,2093,1169548,4437854,1998553,376960,792588,822223,3615631
Libya,2094,1161951,4420773,1999338,374585,787366,820344,3600429
Libya,2095,1154031,4403488,2000201,372193,781838,818093,3585395
Libya,2096,1147001,4387217,1998767,370321,776680,815901,3571316
Libya,2097,1139852,4371422,1996647,368413,771439,813344,3558078
Libya,2098,1132617,4355578,1994400,366458,766159,810381,3545197
Libya,2099,1125425,4339061,1992599,364559,760866,806957,3532104
Libya,2100,1118463,4321262,1991728,362924,755539,803004,3518258
Lithuania,1950,701441,1624134,241828,222340,479101,478705,1145429
Lithuania,1951,695732,1632253,241626,225771,469961,479695,1152558
Lithuania,1952,695584,1641469,240994,235196,460388,479179,1162290
Lithuania,1953,697088,1654023,240262,245546,451542,478171,1175852
Lithuania,1954,699090,1670027,239405,254770,444320,477118,1192909
Lithuania,1955,701680,1688719,238346,262096,439584,476085,1212634
Lithuania,1956,714830,1703102,233693,273142,441688,472232,1230870
Lithuania,1957,725155,1722512,229332,277478,447677,469338,1253174
Lithuania,1958,733713,1745801,225471,277237,456476,467319,1278482
Lithuania,1959,742100,1771565,222201,275619,466481,466008,1305557
Lithuania,1960,751684,1798653,219529,276429,475255,465624,1333029
Lithuania,1961,761793,1816941,228179,281896,479897,463787,1353154
Lithuania,1962,772444,1836800,237144,284593,487851,461833,1374967
Lithuania,1963,784642,1856089,246343,286212,498430,459204,1396885
Lithuania,1964,797703,1873853,255824,286987,510716,455943,1417910
Lithuania,1965,810200,1890254,265708,286430,523770,452572,1437682
Lithuania,1966,820062,1907024,275704,282046,538016,450638,1456386
Lithuania,1967,829407,1922483,285550,277988,551419,449042,1473441
Lithuania,1968,837411,1937635,295644,274140,563271,448784,1488851
Lithuania,1969,843585,1953433,306493,270733,572852,451052,1502381
Lithuania,1970,847820,1970434,318326,267922,579898,456562,1513872
Lithuania,1971,845630,1993533,330908,263653,581977,469816,1523717
Lithuania,1972,842973,2017101,343554,263100,579873,484854,1532247
Lithuania,1973,839318,2041740,355673,264674,574644,500600,1541140
Lithuania,1974,834006,2068206,366430,266099,567907,515795,1552411
Lithuania,1975,826905,2096585,375383,265857,561048,529635,1566950
Lithuania,1976,823730,2122234,381293,268450,555280,542469,1579765
Lithuania,1977,817201,2150845,386016,266645,550556,554848,1595997
Lithuania,1978,809342,2181195,389261,262248,547094,565767,1615428
Lithuania,1979,803119,2211587,390470,258430,544689,573772,1637815
Lithuania,1980,800064,2241180,389515,257364,542700,578134,1663046
Lithuania,1981,796960,2271862,387320,255265,541695,582809,1689053
Lithuania,1982,798123,2300632,382377,257874,540249,583361,1717271
Lithuania,1983,802261,2327792,376486,263765,538496,580884,1746908
Lithuania,1984,807036,2354251,372191,270338,536698,577367,1776884
Lithuania,1985,811359,2380093,370944,275907,535452,574023,1806070
Lithuania,1986,818710,2401415,373931,283798,534912,570619,1830796
Lithuania,1987,824976,2422821,379531,289194,535782,567538,1855283
Lithuania,1988,829979,2441629,386882,291981,537998,564211,1877418
Lithuania,1989,833371,2454529,394657,292121,541250,559892,1894637
Lithuania,1990,834011,2459948,402075,289191,544820,554345,1905603
Lithuania,1991,831309,2453640,412504,284568,546741,547989,1905651
Lithuania,1992,825098,2440859,422143,276617,548481,541229,1899630
Lithuania,1993,815605,2424150,430892,265972,549633,534333,1889817
Lithuania,1994,803388,2407026,438720,253814,549574,527702,1879324
Lithuania,1995,789124,2391798,445680,241354,547770,521667,1870131
Lithuania,1996,774530,2373302,455913,227389,547141,512505,1860797
Lithuania,1997,758946,2355998,464960,214616,544330,504389,1851609
Lithuania,1998,741866,2340265,473002,203147,538719,498105,1842160
Lithuania,1999,722850,2326020,480308,192683,530167,494589,1831431
Lithuania,2000,701752,2313031,487052,182629,519123,494357,1818674
Lithuania,2001,672370,2303290,497957,171047,501323,494662,1808628
Lithuania,2002,643754,2292533,508467,162556,481198,496511,1796022
Lithuania,2003,615579,2280374,518399,156238,459341,498679,1781695
Lithuania,2004,587862,2265997,527259,151323,436539,499355,1766642
Lithuania,2005,560935,2248724,534593,147439,413496,497495,1751229
Lithuania,2006,538419,2226123,539129,147071,391348,490555,1735568
Lithuania,2007,516491,2201996,541604,146783,369708,482750,1719246
Lithuania,2008,495705,2176705,542217,146647,349058,474520,1702185
Lithuania,2009,477057,2150347,541368,146827,330230,465560,1684787
Lithuania,2010,461244,2123048,539511,147539,313705,455370,1667678
Lithuania,2011,450875,2087953,541053,150718,300157,439641,1648312
Lithuania,2012,442163,2052906,542177,151847,290316,423059,1629847
Lithuania,2013,435290,2018691,543353,151669,283621,406579,1612112
Lithuania,2014,430468,1986272,545106,151179,279289,390963,1595309
Lithuania,2015,427950,1956143,547833,151447,276503,376381,1579762
Lithuania,2016,427264,1932955,548030,152165,275099,360994,1571961
Lithuania,2017,428435,1912637,549225,151913,276522,344404,1568233
Lithuania,2018,431323,1893865,551287,151348,279975,327576,1566289
Lithuania,2019,435295,1875022,554142,150948,284347,312025,1562997
Lithuania,2020,439635,1855068,557775,150880,288755,298824,1556244
Lithuania,2021,441877,1834007,564115,149164,292713,288456,1545551
Lithuania,2022,444975,1811726,570565,149076,295899,280298,1531428
Lithuania,2023,448040,1789020,577185,149869,298171,274446,1514574
Lithuania,2024,450085,1766949,584095,150423,299662,270792,1496157
Lithuania,2025,450665,1746026,591319,149959,300706,269188,1476838
Lithuania,2026,450919,1723256,600564,149812,301107,269289,1453967
Lithuania,2027,449199,1701993,609871,148088,301111,271600,1430393
Lithuania,2028,446018,1682277,618692,145185,300833,275404,1406873
Lithuania,2029,442324,1664019,626175,141936,300388,279600,1384419
Lithuania,2030,438571,1647229,631931,138915,299656,283457,1363772
Lithuania,2031,433713,1630990,637858,135327,298386,286836,1344154
Lithuania,2032,428942,1616327,641752,132262,296680,289679,1326648
Lithuania,2033,424075,1602934,644171,129682,294393,291988,1310946
Lithuania,2034,418772,1590364,646007,127374,291398,293889,1296475
Lithuania,2035,412941,1578244,647813,125204,287737,295432,1282812
Lithuania,2036,406660,1565736,650370,123153,283507,296345,1269391
Lithuania,2037,400397,1553571,652506,121685,278712,296585,1256986
Lithuania,2038,394188,1541940,654050,120662,273526,296252,1245688
Lithuania,2039,388211,1531127,654640,119985,268226,295512,1235615
Lithuania,2040,382644,1521178,654078,119606,263038,294467,1226711
Lithuania,2041,378148,1511208,652629,120076,258072,292966,1218242
Lithuania,2042,374085,1502111,650075,120480,253605,291185,1210926
Lithuania,2043,370582,1493451,646699,120858,249724,288993,1204458
Lithuania,2044,367755,1484687,642923,121287,246468,286174,1198513
Lithuania,2045,365621,1475442,639081,121844,243777,282640,1192802
Lithuania,2046,364567,1465191,635340,122913,241654,278354,1186837
Lithuania,2047,364027,1454799,631390,123614,240413,273470,1181329
Lithuania,2048,364000,1444028,627499,124058,239942,268233,1175795
Lithuania,2049,364377,1432638,624015,124347,240030,263007,1169631
Lithuania,2050,365008,1420480,621235,124563,240445,258062,1162418
Lithuania,2051,365707,1407121,619783,124646,241061,253312,1153809
Lithuania,2052,366616,1393477,618604,124591,242025,248881,1144596
Lithuania,2053,367576,1379513,617880,124392,243184,244927,1134586
Lithuania,2054,368377,1365128,617905,124011,244366,241617,1123511
Lithuania,2055,368849,1350287,618872,123410,245439,239054,1111233
Lithuania,2056,368770,1334536,621455,122523,246247,237132,1097404
Lithuania,2057,368411,1318742,624511,121539,246872,235986,1082756
Lithuania,2058,367682,1303530,627494,120443,247239,235531,1067999
Lithuania,2059,366539,1289729,629614,119227,247312,235582,1054147
Lithuania,2060,364930,1277788,630436,117877,247053,235995,1041793
Lithuania,2061,362793,1267486,630264,116385,246408,236708,1030778
Lithuania,2062,360329,1259193,628523,114899,245430,237746,1021447
Lithuania,2063,357500,1252628,625531,113413,244087,238962,1013666
Lithuania,2064,354365,1247414,621619,111959,242406,240170,1007244
Lithuania,2065,350982,1243276,617004,110562,240420,241239,1002037
Lithuania,2066,347463,1240419,611378,109266,238197,242150,998269
Lithuania,2067,343894,1238769,604729,108132,235762,242829,995940
Lithuania,2068,340303,1237843,597531,107149,233154,243242,994601
Lithuania,2069,336740,1236906,590491,106306,230434,243347,993559
Lithuania,2070,333233,1235358,584180,105598,227635,243103,992255
Lithuania,2071,330158,1233608,577826,105251,224907,242554,991054
Lithuania,2072,327282,1231433,571896,104981,222301,241626,989807
Lithuania,2073,324617,1228551,566650,104777,219840,240325,988226
Lithuania,2074,322190,1224753,562291,104644,217546,238676,986077
Lithuania,2075,320016,1219907,558945,104599,215417,236725,983182
Lithuania,2076,318518,1214567,555620,104920,213598,234588,979979
Lithuania,2077,317274,1208384,553109,105132,212142,232188,976196
Lithuania,2078,316281,1201492,551268,105259,211022,229593,971899
Lithuania,2079,315508,1194160,549860,105336,210172,226905,967255
Lithuania,2080,314893,1186537,548798,105389,209504,224198,962339
Lithuania,2081,314647,1179048,547452,105566,209081,221569,957479
Lithuania,2082,314532,1171646,546095,105594,208938,218984,952662
Lithuania,2083,314499,1164212,544899,105494,209005,216517,947695
Lithuania,2084,314450,1156567,544152,105276,209174,214249,942318
Lithuania,2085,314279,1148582,544085,104941,209338,212237,936345
Lithuania,2086,314043,1140625,544269,104530,209513,210531,930094
Lithuania,2087,313733,1132808,544592,104022,209711,209127,923681
Lithuania,2088,313288,1125211,545033,103424,209864,208024,917187
Lithuania,2089,312633,1117895,545619,102741,209892,207188,910707
Lithuania,2090,311685,1110768,546489,101959,209726,206570,904198
Lithuania,2091,310588,1104580,546765,101116,209472,206290,898290
Lithuania,2092,309341,1098970,546789,100298,209043,206244,892726
Lithuania,2093,307864,1093746,546801,99480,208384,206352,887394
Lithuania,2094,306104,1088790,546966,98624,207480,206505,882285
Lithuania,2095,304053,1084048,547307,97708,206345,206640,877408
Lithuania,2096,302157,1080780,546108,96930,205227,206973,873807
Lithuania,2097,300087,1077891,544773,96157,203930,207257,870634
Lithuania,2098,297860,1075191,543447,95396,202464,207438,867753
Lithuania,2099,295556,1072454,542246,94689,200867,207456,864998
Lithuania,2100,293266,1069477,541259,94109,199157,207262,862215
Low-income countries,1950,53852476,70270901,3973271,21565125,32287351,24381083,45889818
Low-income countries,1951,54849601,71102609,4016897,21985055,32864546,24676369,46426240
Low-income countries,1952,55790803,72155076,4045920,22289866,33500937,25062337,47092739
Low-income countries,1953,56714703,73417567,4061736,22567339,34147364,25534232,47883335
Low-income countries,1954,57686558,74842826,4064162,22949051,34737507,26074632,48768194
Low-income countries,1955,58742785,76400383,4052912,23535169,35207616,26674964,49725419
Low-income countries,1956,60145148,77711361,4138624,24270043,35875105,27176109,50535252
Low-income countries,1957,61579034,79180932,4212261,25010342,36568692,27735151,51445781
Low-income countries,1958,63029261,80796090,4273922,25752052,37277209,28341764,52454326
Low-income countries,1959,64464140,82553768,4324024,26479049,37985091,28986674,53567094
Low-income countries,1960,65862606,84444524,4363033,27215507,38647099,29663893,54780631
Low-income countries,1961,67748063,85847897,4473298,28192436,39555627,30131907,55715990
Low-income countries,1962,69465996,87506776,4576946,28832275,40633721,30690489,56816287
Low-income countries,1963,71112677,89364513,4674179,29283862,41828815,31313488,58051025
Low-income countries,1964,72822749,91343652,4765063,29762073,43060676,31966010,59377642
Low-income countries,1965,74670431,93409341,4850180,30457343,44213088,32639043,60770298
Low-income countries,1966,76869557,95272079,5017429,31243476,45626081,33220152,62051927
Low-income countries,1967,79199182,97227151,5175237,32141078,47058104,33822514,63404637
Low-income countries,1968,81591680,99316247,5323998,33139888,48451792,34483508,64832739
Low-income countries,1969,83929093,101617122,5465216,34163006,49766087,35257122,66360000
Low-income countries,1970,86155580,104155419,5599640,35189945,50965635,36169189,67986230
Low-income countries,1971,88841899,106287798,5793460,36479058,52362841,36978625,69309173
Low-income countries,1972,91336402,108736552,5980651,37481746,53854656,37953583,70782969
Low-income countries,1973,93707883,111428503,6159697,38300581,55407302,39056511,72371992
Low-income countries,1974,96057795,114260380,6328196,39088285,56969510,40231438,74028942
Low-income countries,1975,98435387,117180662,6485750,39986622,58448765,41448630,75732032
Low-income countries,1976,101151089,119798916,6719810,41051585,60099504,42517695,77281221
Low-income countries,1977,103854739,122552836,6945240,42010887,61843852,43630662,78922174
Low-income countries,1978,106550290,125426044,7162555,42938299,63611991,44769779,80656265
Low-income countries,1979,109211601,128429096,7371567,43894793,65316808,45926829,82502267
Low-income countries,1980,111821433,131575905,7571882,44947002,66874431,47107776,84468129
Low-income countries,1981,114855757,134354780,7798100,46162048,68693709,48211115,86143665
Low-income countries,1982,117827204,137325862,8005325,47340583,70486621,49371859,87954003
Low-income countries,1983,120760718,140520923,8199150,48514339,72246379,50619626,89901297
Low-income countries,1984,123691778,143979442,8386383,49718156,73973622,51996287,91983155
Low-income countries,1985,126663873,147718274,8570567,51027529,75636344,53526318,94191956
Low-income countries,1986,130241414,151084354,8855663,52635413,77606001,54927770,96156584
Low-income countries,1987,133734620,154864970,9144030,53952083,79782537,56524928,98340042
Low-income countries,1988,137232911,159001078,9432491,55123230,82109681,58268501,100732577
Low-income countries,1989,140838602,163421324,9716518,56328373,84510229,60089430,103331894
Low-income countries,1990,144599187,168092418,9994638,57730081,86869106,61957393,106135025
Low-income countries,1991,148824124,172673511,10330436,59281124,89543000,63710131,108963380
Low-income countries,1992,153147724,177579988,10659591,60770248,92377476,65523762,112056226
Low-income countries,1993,157523360,182765177,10983756,62257948,95265412,67397834,115367343
Low-income countries,1994,161851908,188197185,11307088,63778502,98073406,69357638,118839547
Low-income countries,1995,166066438,193853317,11633191,65393760,100672678,71431940,122421377
Low-income countries,1996,170922368,198897854,12003463,67401924,103520444,73404138,125493716
Low-income countries,1997,175628694,204215620,12365575,69237134,106391560,75515914,128699706
Low-income countries,1998,180270520,209812058,12722678,70989365,109281155,77762840,132049218
Low-income countries,1999,184964088,215706869,13074690,72763965,112200123,80143782,135563087
Low-income countries,2000,189781614,221926665,13421273,74669039,115112575,82668020,139258645
Low-income countries,2001,195118469,228018671,13856674,76863116,118255353,85078637,142940034
Low-income countries,2002,200487111,234536195,14286878,78821784,121665327,87650762,146885433
Low-income countries,2003,205906296,241410823,14717270,80644303,125261993,90335774,151075049
Low-income countries,2004,211371950,248567845,15154593,82448369,128923581,93075150,155492695
Low-income countries,2005,216862433,255974926,15603554,84353507,132508926,95850387,160124539
Low-income countries,2006,222745585,263149739,16164087,86440093,136305492,98417310,164732429
Low-income countries,2007,228607381,270644658,16725418,88390827,140216554,101043058,169601600
Low-income countries,2008,234454117,278497605,17285826,90272641,144181476,103772148,174725457
Low-income countries,2009,240286074,286770413,17843797,92142072,148144002,106678686,180091727
Low-income countries,2010,246103726,295501426,18402292,94068938,152034788,109819734,185681692
Low-income countries,2011,252100484,304456212,19015819,96120113,155980371,113074218,191381994
Low-income countries,2012,258010409,313935076,19630677,98001865,160008544,116546875,197388201
Low-income countries,2013,263847773,323893877,20245701,99784608,164063165,120197622,203696255
Low-income countries,2014,269631291,334273267,20855356,101555258,168076033,123966378,210306889
Low-income countries,2015,275365283,345033273,21460052,103397438,171967845,127818234,217215039
Low-income countries,2016,281316039,355844068,22112569,105340568,175975471,131627667,224216401
Low-income countries,2017,287177874,367084597,22744456,107209335,179968539,135528907,231555690
Low-income countries,2018,292951475,378728006,23380619,109040668,183910807,139507132,239220874
Low-income countries,2019,298632009,390748194,24054834,110862928,187769081,143545913,247202281
Low-income countries,2020,304220891,403123103,24788806,112719395,191501496,147632612,255490491
Low-income countries,2021,310092457,415414459,25640672,114743300,195349157,151600725,263813734
Low-income countries,2022,315826356,428108296,26537423,116617899,199208457,155609786,272498510
Low-income countries,2023,321450882,441187352,27466408,118401093,203049789,159647069,281540283
Low-income countries,2024,327005553,454633164,28405580,120165761,206839792,163696380,290936784
Low-income countries,2025,332512323,468428812,29347887,121983855,210528468,167749289,300679523
Low-income countries,2026,338301104,482165422,30367247,123950255,214350849,171666191,310499231
Low-income countries,2027,344004246,496287554,31380669,125803483,218200763,175586497,320701057
Low-income countries,2028,349626893,510760156,32413533,127587082,222039811,179509112,331251044
Low-income countries,2029,355167198,525546890,33499383,129342763,225824435,183433192,342113698
Low-income countries,2030,360623941,540619250,34662223,131119970,229503971,187359506,353259744
Low-income countries,2031,366352664,555561611,35955521,133038447,233314217,191162557,364399054
Low-income countries,2032,371960996,570836872,37300468,134820654,237140342,194970864,375866008
Low-income countries,2033,377454204,586422072,38704546,136509226,240944978,198789917,387632155
Low-income countries,2034,382838237,602294173,40173183,138151699,244686538,202626043,399668130
Low-income countries,2035,388113492,618433098,41714973,139798764,248314728,206484625,411948473
Low-income countries,2036,393626857,634436323,43375628,141564996,252061861,210264918,424171405
Low-income countries,2037,398991428,650744914,45091606,143193912,255797516,214070008,436674906
Low-income countries,2038,404209684,667343064,46865539,144726012,259483672,217896920,449446144
Low-income countries,2039,409284266,684219495,48695136,146205256,263079010,221737610,462481885
Low-income countries,2040,414214666,701356740,50587225,147677835,266536831,225587133,475769607
Low-income countries,2041,419345896,718365597,52575928,149254661,270091235,229368468,488997129
Low-income countries,2042,424305811,735670178,54598049,150711814,273593997,233154800,502515378
Low-income countries,2043,429092972,753219631,56692587,152079811,277013161,236944083,516275548
Low-income countries,2044,433705777,770950742,58909829,153388891,280316886,240730596,530220146
Low-income countries,2045,438143171,788815098,61286201,154674219,283468952,244509548,544305550
Low-income countries,2046,442775407,806436500,63815438,156069272,286706135,248222778,558213722
Low-income countries,2047,447204699,824233240,66467317,157330207,289874492,251920583,572312657
Low-income countries,2048,451440577,842190059,69239621,158493321,292947256,255596524,586593535
Low-income countries,2049,455499386,860299040,72117372,159602261,295897125,259237916,601061124
Low-income countries,2050,459391378,878541894,75100724,160700448,298690930,262835908,615705986
Low-income countries,2051,463479792,896572572,78162690,161906905,301572887,266366739,630205833
Low-income countries,2052,467387093,914762565,81297349,163015124,304371969,269842412,644920153
Low-income countries,2053,471113810,933067091,84536444,164048360,307065450,273261950,659805141
Low-income countries,2054,474659078,951435290,87918184,165027327,309631751,276621092,674814198
Low-income countries,2055,478024071,969819087,91476733,165978336,312045735,279915838,689903249
Low-income countries,2056,481613856,987882439,95131224,167055067,314558789,283144467,704737972
Low-income countries,2057,485004753,1006013220,98907260,168007468,316997285,286300468,719712752
Low-income countries,2058,488207265,1024156180,102839903,168866544,319340721,289382835,734773345
Low-income countries,2059,491238387,1042249332,106965106,169670993,321567394,292386579,749862753
Low-income countries,2060,494108393,1060242124,111313463,170458746,323649647,295308959,764933165
Low-income countries,2061,497216110,1077852960,115756815,171366122,325849988,298183257,779669703
Low-income countries,2062,500151755,1095418487,120355926,172179720,327972035,300968862,794449625
Low-income countries,2063,502912854,1112908040,125131159,172917693,329995161,303670715,809237325
Low-income countries,2064,505493438,1130295990,130100572,173594767,331898671,306291765,824004225
Low-income countries,2065,507890451,1147549964,135286484,174231518,333658933,308833530,838716434
Low-income countries,2066,510544414,1164404188,140502365,174997259,335547155,311349422,853054766
Low-income countries,2067,512997023,1181202245,145851369,175637034,337359989,313782802,867419443
Low-income countries,2068,515254794,1197896811,151361980,176177709,339077085,316136625,881760186
Low-income countries,2069,517328412,1214437007,157061800,176652520,340675892,318409960,896027047
Low-income countries,2070,519222383,1230778276,162978718,177093632,342128751,320602494,910175782
Low-income countries,2071,521369254,1246734352,168855072,177649398,343719856,322800979,923933373
Low-income countries,2072,523326687,1262578952,174848296,178107619,345219068,324914701,937664251
Low-income countries,2073,525090844,1278276360,180986078,178485621,346605223,326947218,951329142
Low-income countries,2074,526656856,1293798355,187289562,178799132,347857724,328899071,964899284
Low-income countries,2075,528022732,1309111267,193783108,179067610,348955122,330769925,978341342
Low-income countries,2076,529651147,1324064694,200144197,179458807,350192340,332665087,991399607
Low-income countries,2077,531073632,1338905543,206584731,179745076,351328556,334475544,1004429999
Low-income countries,2078,532293159,1353582402,213143185,179945541,352347618,336202710,1017379692
Low-income countries,2079,533315903,1368038460,219860461,180082491,353233412,337842829,1030195631
Low-income countries,2080,534144958,1382218800,226779229,180178867,353966091,339391999,1042826801
Low-income countries,2081,535250553,1396033133,233511284,180400843,354849710,340978040,1055055093
Low-income countries,2082,536160785,1409685364,240316982,180528288,355632497,342471139,1067214225
Low-income countries,2083,536876572,1423120365,247243063,180578175,356298397,343870326,1079250039
Low-income countries,2084,537400563,1436285443,254332483,180568685,356831878,345170195,1091115248
Low-income countries,2085,537735093,1449129086,261627985,180519759,357215334,346366162,1102762924
Low-income countries,2086,538360480,1461611547,268682518,180601228,357759252,347603881,1114007666
Low-income countries,2087,538800399,1473899912,275799939,180594507,358205892,348737332,1125162580
Low-income countries,2088,539056958,1485936331,283031918,180515479,358541479,349769196,1136167135
Low-income countries,2089,539134262,1497661684,290430469,180381975,358752287,350699036,1146962648
Low-income countries,2090,539034631,1509017448,298048372,180212882,358821749,351525009,1157492439
Low-income countries,2091,539238454,1520008905,305396290,180177163,359061291,352405999,1167602906
Low-income countries,2092,539273593,1530780647,312797483,180060564,359213029,353186593,1177594054
Low-income countries,2093,539139061,1541271911,320309530,179875823,359263238,353868275,1187403636
Low-income countries,2094,538834234,1551422082,327989546,179636349,359197885,354448681,1196973401
Low-income countries,2095,538357045,1561170860,335896364,179356846,359000199,354924679,1206246181
Low-income countries,2096,538191914,1570567607,343493377,179211471,358980443,355466405,1215101202
Low-income countries,2097,537862454,1579738141,351128943,178978884,358883570,355912572,1223825569
Low-income countries,2098,537365521,1588620345,358866862,178670612,358694909,356265108,1232355237
Low-income countries,2099,536699447,1597152348,366769916,178301356,358398091,356522497,1240629851
Low-income countries,2100,535862293,1605270966,374903160,177889213,357973080,356681616,1248589350
Lower-middle-income countries,1950,294393349,454330144,29553693,113497671,180895678,150149354,304180790
Lower-middle-income countries,1951,301285664,460881730,30031606,118689850,182595814,152146705,308735025
Lower-middle-income countries,1952,308632322,467872003,30508688,124161038,184471284,154259560,313612443
Lower-middle-income countries,1953,315964292,475766236,30946071,129142840,186821452,156580637,319185599
Lower-middle-income countries,1954,323369534,484524524,31262136,133593811,189775723,159016117,325508407
Lower-middle-income countries,1955,331157816,493859054,31410058,137965169,193192647,161447309,332411745
Lower-middle-income countries,1956,341959352,500565674,31948301,144008056,197951296,162907686,337657988
Lower-middle-income countries,1957,352297798,508597508,32393495,148012637,204285161,164691185,343906323
Lower-middle-income countries,1958,362727683,517374067,32772574,150907728,211819955,166610756,350763311
Lower-middle-income countries,1959,373617873,526480989,33137103,153644005,219973868,168543772,357937217
Lower-middle-income countries,1960,385010405,535848540,33519310,157004896,228005509,170524453,365324087
Lower-middle-income countries,1961,397189115,544537496,34570083,160240188,236948927,172261005,372276491
Lower-middle-income countries,1962,409816261,553558015,35597131,163849062,245967199,174054675,379503340
Lower-middle-income countries,1963,422552111,563231294,36580839,167817088,254735023,176233888,386997406
Lower-middle-income countries,1964,434809101,574112591,37505199,171812979,262996122,179320388,394792203
Lower-middle-income countries,1965,446285249,586470268,38367942,175684667,270600582,183628569,402841699
Lower-middle-income countries,1966,458753948,598084900,39611064,180105619,278648329,188435215,409649685
Lower-middle-income countries,1967,470218452,611399154,40795370,183675810,286542642,194502793,416896361
Lower-middle-income countries,1968,480923957,626135762,41943719,186704974,294218983,201593859,424541903
Lower-middle-income countries,1969,491306297,641829868,43077658,189713904,301592393,209313862,432516006
Lower-middle-income countries,1970,501606116,658228988,44211993,193159052,308447064,217413099,440815889
Lower-middle-income countries,1971,512975275,673779447,45750183,197194387,315780888,225218361,448561086
Lower-middle-income countries,1972,524130533,690242757,47240012,200957076,323173457,233396431,456846326
Lower-middle-income countries,1973,535129381,707620742,48682922,204644828,330484553,241757104,465863638
Lower-middle-income countries,1974,545959842,725997753,50085425,208407991,337551851,250093478,475904275
Lower-middle-income countries,1975,556651104,745402060,51455394,212490872,344160232,258304638,487097422
Lower-middle-income countries,1976,568979054,763606528,53231701,217473812,351505242,266037076,497569452
Lower-middle-income countries,1977,580851791,783149733,54972635,221766439,359085352,273730112,509419621
Lower-middle-income countries,1978,592537260,803888524,56651994,225740653,366796607,281395266,522493258
Lower-middle-income countries,1979,604398021,825627905,58225556,229908893,374489128,289082903,536545002
Lower-middle-income countries,1980,616649247,848234139,59678941,234738970,381910277,296837937,551396202
Lower-middle-income countries,1981,630695009,869928148,61409312,240384622,390310387,304165247,565762901
Lower-middle-income countries,1982,644965857,892619511,62987651,245932241,399033616,311557076,581062435
Lower-middle-income countries,1983,659302581,916224401,64470239,251380858,407921723,319007030,597217371
Lower-middle-income countries,1984,673360936,940748081,65941461,256551171,416809765,326528996,614219085
Lower-middle-income countries,1985,686897633,966168412,67459730,261411245,425486388,334143319,632025093
Lower-middle-income countries,1986,702057790,989871576,69411528,267086773,434971017,341108169,648763407
Lower-middle-income countries,1987,716167691,1014938296,71361661,271140509,445027182,348336257,666602039
Lower-middle-income countries,1988,729395388,1041102841,73319128,274011283,455384105,355806841,685296000
Lower-middle-income countries,1989,741968747,1068045500,75293187,276322401,465646346,363500768,704544732
Lower-middle-income countries,1990,753933831,1095634820,77299202,278615897,475317934,371446126,724188694
Lower-middle-income countries,1991,766354384,1122097008,79992549,280879385,485474999,379058414,743038594
Lower-middle-income countries,1992,777970824,1149354259,82670516,282625571,495345253,386952687,762401572
Lower-middle-income countries,1993,788656271,1177529866,85306745,284054283,504601988,395211146,782318720
Lower-middle-income countries,1994,798202946,1206847999,87867124,285277161,512925785,403940623,802907376
Lower-middle-income countries,1995,806516638,1237396716,90347655,286435793,520080845,413188865,824207851
Lower-middle-income countries,1996,814968020,1267118103,93414104,287804552,527163468,422468938,844649165
Lower-middle-income countries,1997,822251423,1298061928,96322122,288954170,533297253,432194862,865867066
Lower-middle-income countries,1998,828458412,1330104308,99146670,289988727,538469685,442257150,887847158
Lower-middle-income countries,1999,833843592,1362959860,101981043,291087574,542756018,452438926,910520934
Lower-middle-income countries,2000,838679065,1396354548,104878018,292487774,546191291,462543351,933811197
Lower-middle-income countries,2001,845128318,1427731933,108238995,294927516,550200802,471644201,956087732
Lower-middle-income countries,2002,851070845,1459734646,111543496,297007377,554063468,480629417,979105229
Lower-middle-income countries,2003,856664586,1492312059,114720569,298918654,557745932,489336060,1002975999
Lower-middle-income countries,2004,862086514,1525431669,117667242,300849574,561236940,497541744,1027889925
Lower-middle-income countries,2005,867441845,1559045036,120355223,302977326,564464519,505142695,1053902341
Lower-middle-income countries,2006,873308798,1591717487,123656410,305716096,567592702,511554341,1080163146
Lower-middle-income countries,2007,879108460,1624873895,126716212,308074762,571033698,517230900,1107642995
Lower-middle-income countries,2008,884844541,1658410344,129607196,310150235,574694306,522266535,1136143809
Lower-middle-income countries,2009,890474465,1692234746,132421565,312007723,578466742,526846465,1165388281
Lower-middle-income countries,2010,895956131,1726271502,135242753,313756416,582199715,531148328,1195123174
Lower-middle-income countries,2011,902154136,1758858270,138856956,315828807,586325329,534954507,1223903763
Lower-middle-income countries,2012,907980708,1791892054,142453067,317211077,590769631,538594308,1253297746
Lower-middle-income countries,2013,913469368,1825176058,146180311,318129178,595340190,542176347,1282999711
Lower-middle-income countries,2014,918682740,1858440127,150232322,318888769,599793971,545803569,1312636558
Lower-middle-income countries,2015,923648395,1891509341,154743263,319751960,603896435,549552638,1341956703
Lower-middle-income countries,2016,928684729,1923423165,160321637,320579661,608105068,553173648,1370249517
Lower-middle-income countries,2017,933542981,1955175302,166205894,321459512,612083469,556853078,1398322224
Lower-middle-income countries,2018,938100854,1986928733,172377310,322365871,615734983,560697157,1426231576
Lower-middle-income countries,2019,942187950,2018926978,178798505,323187130,619000820,564808836,1454118142
Lower-middle-income countries,2020,945740835,2051241208,185472102,323894567,621846268,569226230,1482014978
Lower-middle-income countries,2021,949702953,2082454001,192873514,324933537,624769416,573657626,1508796375
Lower-middle-income countries,2022,953027670,2114165904,200389547,325528160,627499510,578358415,1535807489
Lower-middle-income countries,2023,955800412,2146128232,208058296,325815648,629984764,583202128,1562926104
Lower-middle-income countries,2024,958187563,2177977418,215913283,325997249,632190314,587970250,1590007168
Lower-middle-income countries,2025,960268184,2209469172,223994801,326228001,634040183,592520751,1616948421
Lower-middle-income countries,2026,962755663,2239414044,232721239,326677984,636077679,596859569,1642554475
Lower-middle-income countries,2027,964917754,2269159243,241480555,327004095,637913659,600951160,1668208083
Lower-middle-income countries,2028,966736503,2298712546,250294281,327248102,639488401,604802187,1693910359
Lower-middle-income countries,2029,968172531,2328144883,259167542,327424440,640748091,608413551,1719731332
Lower-middle-income countries,2030,969232234,2357443940,268130388,327580559,641651675,611774974,1745668966
Lower-middle-income countries,2031,970886630,2385265428,277543054,328100518,642786112,614837603,1770427825
Lower-middle-income countries,2032,972181093,2413079087,286861901,328397938,643783155,617588983,1795490104
Lower-middle-income countries,2033,973153050,2440751519,296175689,328538374,644614676,620075691,1820675828
Lower-middle-income countries,2034,973869217,2468117554,305576500,328611546,645257671,622349976,1845767578
Lower-middle-income countries,2035,974376989,2495034969,315152434,328708647,645668342,624443241,1870591728
Lower-middle-income countries,2036,975629908,2520260598,325184054,329175599,646454309,626360128,1893900470
Lower-middle-income countries,2037,976650330,2545242214,335193652,329437406,647212924,628094908,1917147306
Lower-middle-income countries,2038,977448535,2569870486,345277074,329557291,647891244,629665966,1940204520
Lower-middle-income countries,2039,978030296,2594048964,355523184,329598510,648431786,631071936,1962977028
Lower-middle-income countries,2040,978402343,2617677201,366021582,329631057,648771286,632314126,1985363075
Lower-middle-income countries,2041,979465100,2639483852,377137075,329980909,649484191,633433494,2006050358
Lower-middle-income countries,2042,980297658,2660993909,388254342,330128163,650169495,634395785,2026598124
Lower-middle-income countries,2043,980895511,2682027878,399541638,330125157,650770354,635248804,2046779074
Lower-middle-income countries,2044,981254610,2702370012,411199756,330027150,651227460,636036047,2066333965
Lower-middle-income countries,2045,981371920,2721864190,423371632,329894091,651477829,636783342,2085080848
Lower-middle-income countries,2046,982108911,2739288741,436406986,330037358,652071553,637547155,2101741586
Lower-middle-income countries,2047,982583013,2756197706,449627721,329984715,652598298,638265155,2117932551
Lower-middle-income countries,2048,982785884,2772601632,463023285,329780153,653005731,638960443,2133641189
Lower-middle-income countries,2049,982710428,2788553322,476541106,329467558,653242870,639634481,2148918841
Lower-middle-income countries,2050,982350135,2804050750,490182796,329095962,653254173,640281712,2163769038
Lower-middle-income countries,2051,982544898,2817908033,504289556,328974845,653570053,640995570,2176912463
Lower-middle-income countries,2052,982438188,2831647883,518188153,328654099,653784089,641672258,2189975625
Lower-middle-income countries,2053,982028049,2845202945,531936192,328182072,653845977,642319648,2202883297
Lower-middle-income countries,2054,981321080,2858519153,545568066,327612411,653708669,642925619,2215593534
Lower-middle-income countries,2055,980321064,2871530259,559137149,326998063,653323001,643475044,2228055215
Lower-middle-income countries,2056,979818510,2883186997,572897417,326610287,653208223,644090175,2239096822
Lower-middle-income countries,2057,979040450,2894882142,586231347,326084982,652955468,644628114,2250254028
Lower-middle-income countries,2058,977987008,2906515091,599246960,325462613,652524395,645096382,2261418709
Lower-middle-income countries,2059,976672581,2917987996,612039325,324790927,651881654,645484603,2272503393
Lower-middle-income countries,2060,975113988,2929190175,624712179,324117601,650996387,645777126,2283413049
Lower-middle-income countries,2061,974102218,2939171259,637429608,323708147,650394071,646126726,2293044533
Lower-middle-income countries,2062,972896797,2949215325,649649510,323234387,649662410,646357368,2302857957
Lower-middle-income countries,2063,971488103,2959150692,661557413,322708121,648779982,646476100,2312674592
Lower-middle-income countries,2064,969873449,2968791523,673345722,322136668,647736781,646475097,2322316426
Lower-middle-income countries,2065,968059836,2977972971,685177078,321540234,646519602,646342233,2331630738
Lower-middle-income countries,2066,966898019,2985750448,697150619,321265581,645632438,646235906,2339514542
Lower-middle-income countries,2067,965547836,2993470474,708767244,320831719,644716117,645994267,2347476207
Lower-middle-income countries,2068,964021357,3000958316,720199234,320276548,643744809,645625563,2355332753
Lower-middle-income countries,2069,962338508,3008039005,731612417,319648862,642689646,645125431,2362913574
Lower-middle-income countries,2070,960505474,3014572561,743150488,318996354,641509120,644489655,2370082906
Lower-middle-income countries,2071,959264847,3019654240,754984275,318598476,640666371,643890417,2375763823
Lower-middle-income countries,2072,957881369,3024608866,766530833,318061746,639819623,643160747,2381448119
Lower-middle-income countries,2073,956342081,3029350135,777894855,317418896,638923185,642331001,2387019134
Lower-middle-income countries,2074,954627610,3033830327,789147786,316701668,637925942,641428720,2392401607
Lower-middle-income countries,2075,952719703,3037976411,800386742,315942768,636776935,640467638,2397508773
Lower-middle-income countries,2076,951301568,3040922206,811801928,315383668,635917900,639626106,2401296100
Lower-middle-income countries,2077,949723977,3043971754,822748477,314723640,635000337,638730923,2405240831
Lower-middle-income countries,2078,947966586,3046990406,833393168,313980156,633986430,637804768,2409185638
Lower-middle-income countries,2079,946009237,3049837813,843909542,313168665,632840572,636858391,2412979422
Lower-middle-income countries,2080,943833487,3052373052,854469140,312306856,631526631,635888982,2416484070
Lower-middle-income countries,2081,942105653,3053812623,865197220,311640422,630465231,635074356,2418738267
Lower-middle-income countries,2082,940201958,3055415392,875466329,310874299,629327659,634248982,2421166410
Lower-middle-income countries,2083,938103966,3057031670,885455887,310023355,628080611,633404851,2423626819
Lower-middle-income countries,2084,935801535,3058526617,895322432,309105833,626695702,632514862,2426011755
Lower-middle-income countries,2085,933284984,3059767798,905217976,308142011,625142973,631553244,2428214554
Lower-middle-income countries,2086,931223511,3060127612,915111695,307379156,623844355,630719030,2429408582
Lower-middle-income countries,2087,928993874,3060696228,924542117,306521382,622472492,629823473,2430872755
Lower-middle-income countries,2088,926580773,3061295995,933700877,305584696,620996077,628862269,2432433726
Lower-middle-income countries,2089,923973094,3061749613,942771566,304587048,619386046,627819045,2433930568
Lower-middle-income countries,2090,921158773,3061891420,951931025,303547739,617611034,626674502,2435216918
Lower-middle-income countries,2091,918817621,3061323344,960902838,302713815,616103806,625656292,2435667052
Lower-middle-income countries,2092,916327021,3060910033,969455730,301798972,614528049,624546841,2436363192
Lower-middle-income countries,2093,913669650,3060465233,977807547,300816717,612852933,623347145,2437118088
Lower-middle-income countries,2094,910834314,3059816816,986156970,299782548,611051766,622052416,2437764400
Lower-middle-income countries,2095,907813511,3058814532,994675789,298714717,609098794,620654144,2438160388
Lower-middle-income countries,2096,905286050,3057223158,1002932727,297858360,607427690,619400891,2437822267
Lower-middle-income countries,2097,902631783,3055729297,1010871327,296934961,605696822,618057746,2437671551
Lower-middle-income countries,2098,899839543,3054162211,1018681004,295958421,603881122,616627605,2437534606
Lower-middle-income countries,2099,896903327,3052357711,1026537258,294944648,601958679,615105493,2437252218
Lower-middle-income countries,2100,893814571,3050154151,1034613065,293910045,599904526,613480269,2436673882
Luxembourg,1950,59000,207999,29002,19000,40000,48002,159997
Luxembourg,1951,58559,209188,29841,18841,39718,47645,161543
Luxembourg,1952,58754,210190,30552,19193,39561,46771,163419
Luxembourg,1953,59157,211163,31185,19728,39429,45559,165604
Luxembourg,1954,59573,212123,31755,20341,39232,44243,167880
Luxembourg,1955,59999,212998,32264,21000,38999,43001,169997
Luxembourg,1956,61190,213093,32662,22045,39145,42586,170507
Luxembourg,1957,62271,213291,33002,22784,39487,42341,170950
Luxembourg,1958,63459,213474,33324,23333,40126,42173,171301
Luxembourg,1959,64911,213640,33669,23823,41088,42014,171626
Luxembourg,1960,66636,213900,34052,24347,42289,41844,172056
Luxembourg,1961,68206,214414,34821,24684,43522,41846,172568
Luxembourg,1962,69816,215281,35606,25051,44765,41998,173283
Luxembourg,1963,71346,216360,36415,25396,45950,42294,174066
Luxembourg,1964,72639,217490,37237,25615,47024,42725,174765
Luxembourg,1965,73601,218522,38038,25629,47972,43266,175256
Luxembourg,1966,74524,218836,39059,25539,48985,43730,175106
Luxembourg,1967,75123,219105,39999,25296,49827,44310,174795
Luxembourg,1968,75415,219521,40898,24918,50497,45027,174494
Luxembourg,1969,75480,220304,41783,24450,51030,45879,174425
Luxembourg,1970,75395,221595,42678,23934,51461,46866,174729
Luxembourg,1971,75184,223389,43653,23283,51901,48566,174823
Luxembourg,1972,74749,225779,44575,22574,52175,50253,175526
Luxembourg,1973,74148,228592,45433,21880,52268,51814,176778
Luxembourg,1974,73426,231566,46197,21286,52140,53164,178402
Luxembourg,1975,72623,234532,46828,20829,51794,54258,180274
Luxembourg,1976,71691,237012,47861,20227,51464,55220,181792
Luxembourg,1977,70914,239315,48739,20089,50825,55988,183327
Luxembourg,1978,70181,241503,49389,20255,49926,56557,184946
Luxembourg,1979,69330,243746,49713,20480,48850,56928,186818
Luxembourg,1980,68282,246098,49658,20579,47703,57092,189006
Luxembourg,1981,67148,247829,49804,20896,46252,57272,190557
Luxembourg,1982,65826,249666,49606,21004,44822,57273,192393
Luxembourg,1983,64542,251536,49227,20972,43570,57029,194507
Luxembourg,1984,63569,253333,48893,20972,42597,56500,196833
Luxembourg,1985,63066,255061,48757,21146,41920,55682,199379
Luxembourg,1986,63024,256726,48916,21381,41643,55118,201608
Luxembourg,1987,63334,258503,49241,21691,41643,54268,204235
Luxembourg,1988,64013,260371,49734,22109,41904,53155,207216
Luxembourg,1989,65003,262326,50377,22645,42358,51893,210433
Luxembourg,1990,66262,264379,51150,23314,42948,50602,213777
Luxembourg,1991,67672,266469,52211,23970,43702,50215,216254
Luxembourg,1992,69337,268676,53381,24800,44537,49775,218901
Luxembourg,1993,71239,270981,54590,25732,45507,49244,221737
Luxembourg,1994,73253,273444,55736,26619,46634,48665,224779
Luxembourg,1995,75235,276138,56776,27327,47908,48131,228007
Luxembourg,1996,77081,278970,57948,27923,49158,48428,230542
Luxembourg,1997,78734,282248,58992,28301,50433,48831,233417
Luxembourg,1998,80209,285711,59913,28475,51734,49216,236495
Luxembourg,1999,81511,289044,60707,28502,53009,49485,239559
Luxembourg,2000,82615,292112,61376,28413,54202,49639,242473
Luxembourg,2001,83326,294467,62405,28082,55244,50171,244296
Luxembourg,2002,83831,296604,63291,27806,56025,50735,245869
Luxembourg,2003,84219,298981,64122,27598,56621,51347,247634
Luxembourg,2004,84642,302171,65006,27488,57154,52062,250109
Luxembourg,2005,85262,306556,66024,27527,57735,52941,253615
Luxembourg,2006,85721,313107,66726,27464,58257,55158,257949
Luxembourg,2007,86403,320769,67550,27591,58812,57026,263743
Luxembourg,2008,87318,329263,68524,27905,59413,58483,270780
Luxembourg,2009,88418,338171,69690,28358,60060,59542,278629
Luxembourg,2010,89612,347208,71069,28853,60759,60338,286870
Luxembourg,2011,90462,356916,72563,29137,61325,63046,293870
Luxembourg,2012,91260,366902,74225,29641,61619,65561,301341
Luxembourg,2013,91937,376812,75972,30251,61686,67686,309126
Luxembourg,2014,92453,386179,77684,30860,61593,69197,316982
Luxembourg,2015,92820,394610,79311,31412,61408,69995,324615
Luxembourg,2016,94517,399771,81459,32348,62169,71189,328582
Luxembourg,2017,95938,404014,83503,33137,62801,72120,331894
Luxembourg,2018,97195,407608,85518,33807,63388,72771,334837
Luxembourg,2019,98418,410953,87621,34401,64017,73164,337789
Luxembourg,2020,99673,414356,89915,34938,64735,73339,341017
Luxembourg,2021,101498,417363,92477,35533,65965,73834,343529
Luxembourg,2022,103201,420582,95215,35951,67250,74203,346379
Luxembourg,2023,104808,423865,98118,36248,68560,74435,349430
Luxembourg,2024,106299,426975,101163,36489,69810,74566,352409
Luxembourg,2025,107651,429771,104335,36707,70944,74628,355143
Luxembourg,2026,109048,431843,107827,36768,72280,74879,356964
Luxembourg,2027,110373,433662,111383,36977,73396,75169,358493
Luxembourg,2028,111575,435321,115036,37275,74300,75494,359827
Luxembourg,2029,112586,436950,118851,37574,75012,75881,361069
Luxembourg,2030,113397,438595,122872,37807,75590,76332,362263
Luxembourg,2031,114500,439996,126889,38082,76418,77300,362696
Luxembourg,2032,115371,441513,131045,38326,77045,78408,363105
Luxembourg,2033,116055,443156,135255,38536,77519,79552,363604
Luxembourg,2034,116613,444969,139373,38729,77884,80615,364354
Luxembourg,2035,117094,446967,143312,38909,78185,81513,365454
Luxembourg,2036,117952,449004,146757,39147,78805,82727,366277
Luxembourg,2037,118672,451317,150006,39348,79324,83851,367466
Luxembourg,2038,119286,453840,153077,39528,79758,84824,369016
Luxembourg,2039,119816,456501,156038,39704,80112,85603,370898
Luxembourg,2040,120276,459228,158924,39883,80393,86168,373060
Luxembourg,2041,121100,461981,161350,40091,81009,87001,374980
Luxembourg,2042,121837,464899,163618,40331,81506,87670,377229
Luxembourg,2043,122499,467849,165872,40595,81904,88172,379677
Luxembourg,2044,123092,470650,168293,40874,82218,88528,382122
Luxembourg,2045,123625,473181,171001,41156,82469,88766,384415
Luxembourg,2046,124582,475462,173498,41503,83079,89380,386082
Luxembourg,2047,125456,477559,176223,41869,83587,89949,387610
Luxembourg,2048,126261,479535,179078,42245,84016,90426,389109
Luxembourg,2049,127005,481533,181905,42617,84388,90776,390757
Luxembourg,2050,127692,483611,184613,42971,84721,90977,392634
Luxembourg,2051,128816,485751,186731,43403,85413,91488,394263
Luxembourg,2052,129849,488073,188673,43802,86047,91950,396123
Luxembourg,2053,130803,490493,190519,44170,86633,92324,398169
Luxembourg,2054,131680,492883,192390,44504,87176,92589,400294
Luxembourg,2055,132479,495148,194395,44801,87678,92732,402416
Luxembourg,2056,133649,497364,196014,45132,88517,93181,404183
Luxembourg,2057,134709,499618,197629,45425,89284,93597,406021
Luxembourg,2058,135665,501864,199308,45682,89983,93954,407910
Luxembourg,2059,136510,504039,201120,45910,90600,94242,409797
Luxembourg,2060,137240,506068,203146,46100,91140,94451,411617
Luxembourg,2061,138252,508048,204907,46290,91962,94992,413056
Luxembourg,2062,139151,510029,206744,46488,92663,95539,414490
Luxembourg,2063,139928,512013,208668,46681,93247,96055,415958
Luxembourg,2064,140566,514004,210690,46849,93717,96512,417492
Luxembourg,2065,141059,515974,212855,46974,94085,96884,419090
Luxembourg,2066,141850,518090,214539,47130,94720,97574,420516
Luxembourg,2067,142505,520337,216215,47276,95229,98262,422075
Luxembourg,2068,143019,522632,217948,47404,95615,98894,423738
Luxembourg,2069,143401,524890,219804,47508,95893,99423,425467
Luxembourg,2070,143661,527056,221840,47586,96075,99818,427238
Luxembourg,2071,144262,529489,223225,47718,96544,100491,428998
Luxembourg,2072,144746,531964,224631,47848,96898,101105,430859
Luxembourg,2073,145116,534392,226151,47965,97151,101617,432775
Luxembourg,2074,145375,536668,227884,48068,97307,102000,434668
Luxembourg,2075,145523,538700,229905,48147,97376,102234,436466
Luxembourg,2076,146027,540912,231334,48291,97736,102716,438196
Luxembourg,2077,146439,543044,232874,48434,98005,103126,439918
Luxembourg,2078,146769,545047,234574,48570,98199,103439,441608
Luxembourg,2079,147015,546837,236529,48697,98318,103635,443202
Luxembourg,2080,147167,548280,238880,48801,98366,103693,444587
Luxembourg,2081,147689,549913,240649,48979,98710,104011,445902
Luxembourg,2082,148142,551412,242581,49154,98988,104278,447134
Luxembourg,2083,148514,552701,244772,49319,99195,104456,448245
Luxembourg,2084,148785,553750,247264,49454,99331,104524,449226
Luxembourg,2085,148951,554532,250101,49553,99398,104470,450062
Luxembourg,2086,149501,555723,252100,49732,99769,104688,451035
Luxembourg,2087,149961,556853,254210,49880,100081,104869,451984
Luxembourg,2088,150335,557860,256493,50001,100334,104983,452877
Luxembourg,2089,150604,558668,259041,50090,100514,105011,453657
Luxembourg,2090,150760,559189,261940,50142,100618,104930,454259
Luxembourg,2091,151262,560188,263960,50254,101008,105126,455062
Luxembourg,2092,151684,561142,266061,50357,101327,105304,455838
Luxembourg,2093,152008,561971,268327,50442,101566,105429,456542
Luxembourg,2094,152214,562601,270861,50494,101720,105479,457122
Luxembourg,2095,152271,562924,273805,50495,101776,105430,457494
Luxembourg,2096,152665,563817,275783,50562,102103,105663,458154
Luxembourg,2097,152961,564683,277834,50608,102353,105887,458796
Luxembourg,2098,153143,565418,280071,50627,102516,106061,459357
Luxembourg,2099,153186,565907,282623,50605,102581,106150,459757
Luxembourg,2100,153069,566036,285632,50535,102534,106123,459913
Macao,1950,54257,135943,6283,22102,32155,41367,94576
Macao,1951,57229,136672,6589,24829,32400,40057,96615
Macao,1952,60333,134147,6794,27396,32937,37675,96472
Macao,1953,63073,129275,6944,29261,33812,34644,94631
Macao,1954,64917,123132,7083,29963,34954,31438,91694
Macao,1955,65660,116557,7244,29442,36218,28451,88106
Macao,1956,66456,109197,7394,29326,37130,25710,83487
Macao,1957,66592,102596,7565,27906,38686,23402,79194
Macao,1958,66768,96986,7769,25895,40873,21644,75342
Macao,1959,67751,92515,8023,24230,43521,20605,71910
Macao,1960,70159,89304,8333,23854,46305,20466,68838
Macao,1961,72417,89648,8400,23511,48906,21210,68438
Macao,1962,76297,91313,8578,24153,52144,22552,68761
Macao,1963,81426,93986,8838,25580,55846,24458,69528
Macao,1964,86745,97679,9139,26981,59764,27029,70650
Macao,1965,91228,102534,9469,27615,63613,30461,72073
Macao,1966,94992,108335,9869,28277,66715,34670,73665
Macao,1967,97112,115985,10323,27253,69859,40123,75862
Macao,1968,97505,124715,10784,24871,72634,46543,78172
Macao,1969,96452,133209,11181,22087,74365,53178,80031
Macao,1970,94164,140562,11469,19821,74343,59340,81222
Macao,1971,88805,147846,12088,17800,71005,64200,83646
Macao,1972,83186,152964,12617,16817,66369,67509,85455
Macao,1973,77572,156291,13084,16607,60965,69319,86972
Macao,1974,72015,158728,13541,16481,55534,69961,88767
Macao,1975,66713,160887,14028,16067,50646,69747,91140
Macao,1976,62958,161432,14695,16648,46310,68219,93213
Macao,1977,59342,161969,15384,16225,43117,66244,95725
Macao,1978,56548,162521,16129,15441,41107,63996,98525
Macao,1979,55464,163026,16989,15282,40182,61579,101447
Macao,1980,56381,163692,18045,16250,40131,59148,104544
Macao,1981,56039,168882,18506,16022,40017,59007,109875
Macao,1982,57922,174273,19024,18148,39774,58300,115973
Macao,1983,61110,180292,19595,21695,39415,57324,122968
Macao,1984,64319,187475,20199,25327,38992,56503,130972
Macao,1985,66996,195773,20812,28316,38680,55992,139781
Macao,1986,72417,202195,21065,33092,39325,55587,146608
Macao,1987,76537,210339,21399,35429,41108,55551,154788
Macao,1988,80041,219066,21770,35968,44073,55481,163585
Macao,1989,83772,227008,22121,35769,48003,54959,172049
Macao,1990,87831,233667,22437,35554,52277,53944,179723
Macao,1991,90629,239622,23513,34528,56101,53291,186331
Macao,1992,93358,244533,24568,33513,59845,52531,192002
Macao,1993,95771,248976,25598,32544,63227,51876,197100
Macao,1994,97440,253897,26623,31418,66022,51603,202294
Macao,1995,98254,259784,27648,30030,68224,51826,207958
Macao,1996,98935,266188,28444,28192,70743,52816,213372
Macao,1997,99266,273077,29221,26663,72603,54148,218929
Macao,1998,99240,280594,30003,25346,73894,55808,224786
Macao,1999,98809,288994,30801,24130,74679,57961,231033
Macao,2000,97846,298530,31603,22871,74975,60768,237762
Macao,2001,95962,310123,31996,21394,74568,66183,243940
Macao,2002,93058,323373,32465,20045,73013,72589,250784
Macao,2003,89415,337710,33022,18867,70548,79496,258214
Macao,2004,85515,352314,33624,18024,67491,86050,266264
Macao,2005,81738,366552,34269,17620,64118,91518,275034
Macao,2006,77714,380891,34715,17453,60261,95734,285157
Macao,2007,74327,394502,34994,17990,56337,98518,295984
Macao,2008,71691,407423,35234,19059,52632,99752,307671
Macao,2009,69714,419908,35691,20429,49285,99590,320318
Macao,2010,68363,432007,36599,22011,46352,98198,333809
Macao,2011,68669,442148,38622,24500,44169,96035,346113
Macao,2012,69247,452088,41196,26663,42584,92831,359257
Macao,2013,70333,461229,44279,28618,41715,88799,372430
Macao,2014,72124,468857,47800,30497,41627,84218,384639
Macao,2015,74617,474598,51727,32351,42266,79292,395306
Macao,2016,78378,477620,56169,34262,44116,74572,403048
Macao,2017,82575,478990,61002,35959,46616,69945,409045
Macao,2018,87082,479117,66219,37452,49630,65549,413568
Macao,2019,91640,478653,71797,38690,52950,61533,417120
Macao,2020,96047,478091,77737,39613,56434,57994,420097
Macao,2021,100423,477607,83808,40014,60409,55512,422095
Macao,2022,104503,477228,90127,40308,64195,53690,423538
Macao,2023,108192,476934,96750,40480,67712,52575,424359
Macao,2024,111418,476586,103744,40519,70899,52236,424350
Macao,2025,114141,476122,111118,40382,73759,52665,423457
Macao,2026,116367,475885,118516,39696,76671,54378,421507
Macao,2027,118146,475581,126201,39302,78844,56932,418649
Macao,2028,119397,475485,133969,39064,80333,60075,415410
Macao,2029,120056,475953,141504,38804,81252,63468,412485
Macao,2030,120157,477139,148612,38368,81789,66826,410313
Macao,2031,120242,479088,154681,37830,82412,70660,408428
Macao,2032,119755,481867,160228,37284,82471,74506,407361
Macao,2033,118829,485120,165475,36742,82087,78170,406950
Macao,2034,117671,488293,170792,36269,81402,81437,406856
Macao,2035,116443,491045,176389,35894,80549,84140,406905
Macao,2036,115543,493769,181472,35513,80030,86845,406924
Macao,2037,114626,496039,186824,35392,79234,89014,407025
Macao,2038,113727,498064,192225,35483,78244,90608,407456
Macao,2039,112857,500287,197264,35707,77150,91656,408631
Macao,2040,112066,502884,201725,35998,76068,92161,410723
Macao,2041,111935,506032,204868,36423,75512,92712,413320
Macao,2042,111890,509614,207397,36968,74922,92824,416790
Macao,2043,111992,513124,209769,37613,74379,92526,420598
Macao,2044,112281,515784,212750,38330,73951,91883,423901
Macao,2045,112792,517076,216843,39089,73703,90932,426144
Macao,2046,114025,517371,221181,39919,74106,90279,427092
Macao,2047,115407,516637,226365,40794,74613,89504,427133
Macao,2048,116937,514999,232267,41688,75249,88607,426392
Macao,2049,118568,512675,238679,42558,76010,87592,425083
Macao,2050,120255,509822,245466,43355,76900,86457,423365
Macao,2051,122451,506766,251861,44076,78375,85760,421006
Macao,2052,124641,503442,258434,44786,79855,85140,418302
Macao,2053,126788,500045,265013,45458,81330,84590,415455
Macao,2054,128822,496929,271331,46048,82774,84127,412802
Macao,2055,130702,494281,277212,46503,84199,83733,410548
Macao,2056,132805,492507,281884,46765,86040,83933,408574
Macao,2057,134736,491574,285771,47047,87689,84364,407210
Macao,2058,136464,491396,288981,47316,89148,84969,406427
Macao,2059,137936,491756,291764,47517,90419,85681,406075
Macao,2060,139115,492419,294413,47592,91523,86410,406009
Macao,2061,140440,493997,295855,47498,92942,87679,406318
Macao,2062,141522,496176,296803,47480,94042,89096,407080
Macao,2063,142311,498788,297471,47486,94825,90551,408237
Macao,2064,142806,501792,297914,47468,95338,91940,409852
Macao,2065,143042,505182,298106,47378,95664,93187,411995
Macao,2066,143526,509521,296980,47222,96304,94793,414728
Macao,2067,143802,514319,295494,47164,96638,96347,417972
Macao,2068,143907,519407,293765,47172,96735,97786,421621
Macao,2069,143864,524445,292123,47212,96652,99030,425415
Macao,2070,143682,529053,290931,47230,96452,99986,429067
Macao,2071,143935,534025,288824,47285,96650,101181,432844
Macao,2072,144100,538716,286992,47430,96670,102195,436521
Macao,2073,144140,542790,285811,47619,96521,102945,439845
Macao,2074,144084,546157,285346,47821,96263,103413,442744
Macao,2075,144015,548921,285434,48019,95996,103607,445314
Macao,2076,144436,551632,285036,48271,96165,103991,447641
Macao,2077,144830,553800,285158,48572,96258,104201,449599
Macao,2078,145264,555589,285573,48920,96344,104258,451331
Macao,2079,145722,556993,286277,49279,96443,104166,452827
Macao,2080,146150,557791,287558,49603,96547,103872,453919
Macao,2081,146961,558419,288553,49919,97042,103792,454627
Macao,2082,147797,558855,289683,50272,97525,103678,455177
Macao,2083,148621,559073,291015,50634,97987,103507,455566
Macao,2084,149393,559026,292690,50964,98429,103261,455765
Macao,2085,150040,558608,294910,51214,98826,102900,455708
Macao,2086,151051,558681,296334,51432,99619,102888,455793
Macao,2087,152014,558884,297730,51672,100342,102930,455954
Macao,2088,152858,559000,299434,51893,100965,102967,456033
Macao,2089,153551,558948,301586,52067,101484,102972,455976
Macao,2090,154098,558785,304137,52167,101931,102929,455856
Macao,2091,154917,559269,305925,52217,102700,103246,456023
Macao,2092,155608,559837,307899,52298,103310,103615,456222
Macao,2093,156169,560495,310051,52388,103781,104003,456492
Macao,2094,156587,561244,312351,52456,104131,104375,456869
Macao,2095,156862,562067,314824,52458,104404,104694,457373
Macao,2096,157374,563504,316516,52433,104941,105298,458206
Macao,2097,157728,565008,318359,52426,105302,105903,459105
Macao,2098,157910,566463,320450,52412,105498,106454,460009
Macao,2099,157937,567828,322804,52375,105562,106916,460912
Macao,2100,157880,569154,325302,52321,105559,107275,461879
Macedonia,1950,451327,713826,89292,170612,280715,250910,462916
Macedonia,1951,468103,734255,88050,183721,284382,256794,477461
Macedonia,1952,483709,751351,85921,196125,287584,261141,490210
Macedonia,1953,496551,767606,83306,204770,291781,264705,502901
Macedonia,1954,506617,783971,80390,208928,297689,267553,516418
Macedonia,1955,514898,800339,77212,209829,305069,269535,530804
Macedonia,1956,528131,808506,75976,213970,314161,269391,539115
Macedonia,1957,538536,818805,74678,212394,326142,269809,548996
Macedonia,1958,547764,830018,73233,207942,339822,270565,559453
Macedonia,1959,556779,841434,71630,203232,353547,271745,569689
Macedonia,1960,565578,853176,69913,199845,365733,273603,579573
Macedonia,1961,570124,867445,70085,192709,377415,275880,591565
Macedonia,1962,576209,880830,70072,190360,385849,278287,602543
Macedonia,1963,582542,894886,70022,191594,390948,281783,613103
Macedonia,1964,587313,911713,70115,194039,393274,287702,624011
Macedonia,1965,589876,932125,70431,195980,393896,296619,635506
Macedonia,1966,591885,953681,72228,199340,392545,305027,648654
Macedonia,1967,592181,978520,74242,201982,390199,316374,662146
Macedonia,1968,590827,1005116,76456,203518,387309,329420,675696
Macedonia,1969,588341,1030970,78832,203906,384435,342031,688939
Macedonia,1970,584984,1054466,81350,203313,381671,352732,701734
Macedonia,1971,582158,1072606,84757,204658,377500,359973,712633
Macedonia,1972,577510,1089207,88239,201927,375583,365488,723719
Macedonia,1973,572805,1104317,91870,196920,375885,368915,735402
Macedonia,1974,569922,1118656,95820,192132,377790,370222,748434
Macedonia,1975,569694,1133139,100177,189326,380368,369651,763488
Macedonia,1976,568163,1152337,105052,184148,384015,368224,784113
Macedonia,1977,569881,1170899,110289,183184,386697,364637,806262
Macedonia,1978,573008,1189337,115343,185164,387844,360247,829090
Macedonia,1979,574844,1208495,119380,187666,387178,356857,851638
Macedonia,1980,573882,1228399,121916,188754,385128,355345,873054
Macedonia,1981,571137,1247516,122877,190434,380703,354823,892693
Macedonia,1982,566230,1266684,122329,191215,375015,355644,911040
Macedonia,1983,559716,1284991,121188,190859,368857,357216,927775
Macedonia,1984,552832,1300908,120675,189707,363125,358357,942551
Macedonia,1985,546308,1313718,121508,188101,358207,358334,955384
Macedonia,1986,542129,1320964,124445,187596,354533,356278,964686
Macedonia,1987,537570,1326179,128525,185140,352430,353636,972543
Macedonia,1988,532797,1329288,133428,181406,351391,350281,979007
Macedonia,1989,527885,1330358,138627,177303,350582,346100,984258
Macedonia,1990,522830,1329580,143818,173580,349250,341161,988419
Macedonia,1991,517865,1326043,149394,169279,348586,334481,991562
Macedonia,1992,513096,1320733,154830,166013,347083,327667,993066
Macedonia,1993,508322,1315383,160323,163520,344802,321958,993425
Macedonia,1994,503275,1312283,166145,161080,342195,318524,993759
Macedonia,1995,498014,1312788,172450,158210,339804,317747,995041
Macedonia,1996,491919,1319538,177986,154967,336952,319564,999974
Macedonia,1997,484946,1330806,183847,150492,334454,322942,1007864
Macedonia,1998,477289,1344901,189867,145303,331986,327174,1017727
Macedonia,1999,469420,1359225,195749,140378,329042,331154,1028071
Macedonia,2000,461488,1372063,201268,136314,325174,334143,1037920
Macedonia,2001,452007,1383436,207399,131442,320565,335837,1047599
Macedonia,2002,443405,1392563,212960,128672,314733,336361,1056202
Macedonia,2003,435097,1400340,217989,127287,307810,335969,1064371
Macedonia,2004,426171,1408318,222558,126007,300164,335080,1073238
Macedonia,2005,416301,1417258,226713,124035,292266,333918,1083340
Macedonia,2006,407916,1425333,229896,123473,284443,332483,1092850
Macedonia,2007,398039,1434706,232713,121050,276989,330722,1103984
Macedonia,2008,387640,1444448,235290,117534,270106,328423,1116025
Macedonia,2009,378272,1453092,237729,114407,263865,325248,1127844
Macedonia,2010,370777,1459824,240138,112711,258066,321039,1138785
Macedonia,2011,363093,1465611,243679,110937,252156,315749,1149862
Macedonia,2012,358063,1469022,246951,111227,246836,309128,1159894
Macedonia,2013,355037,1470270,250432,112968,242069,301477,1168793
Macedonia,2014,352657,1470032,254806,114859,237798,293355,1176677
Macedonia,2015,350156,1468711,260441,116009,234147,285189,1183522
Macedonia,2016,349332,1464085,267789,117984,231348,277637,1186448
Macedonia,2017,347686,1459249,276225,118345,229341,270427,1188822
Macedonia,2018,345693,1454080,285278,117515,228178,263638,1190442
Macedonia,2019,344208,1448286,294226,116396,227812,257312,1190974
Macedonia,2020,343566,1441815,302654,115606,227960,251522,1190293
Macedonia,2021,342821,1434544,311590,114304,228517,246404,1188140
Macedonia,2022,342802,1426770,319900,113472,229330,241933,1184837
Macedonia,2023,343105,1418723,327727,112974,230131,238098,1180625
Macedonia,2024,343025,1410855,335295,112383,230642,234848,1176007
Macedonia,2025,342198,1403406,342732,111406,230792,232139,1171267
Macedonia,2026,340937,1395582,350467,110230,230707,229915,1165667
Macedonia,2027,339032,1388304,357794,108892,230140,228168,1160136
Macedonia,2028,336519,1381398,364830,107385,229134,226922,1154476
Macedonia,2029,333619,1374512,371695,105817,227802,226210,1148302
Macedonia,2030,330470,1367422,378458,104246,226224,226007,1141415
Macedonia,2031,327158,1359755,385419,102664,224494,226267,1133488
Macedonia,2032,323612,1352020,392144,101140,222472,226958,1125062
Macedonia,2033,319858,1344269,398585,99687,220171,227844,1116425
Macedonia,2034,315936,1336609,404621,98307,217629,228562,1108047
Macedonia,2035,311904,1329060,410206,97009,214895,228868,1100192
Macedonia,2036,308021,1321216,415506,95881,212140,228757,1092459
Macedonia,2037,304159,1313514,420240,94882,209277,228170,1085344
Macedonia,2038,300351,1305736,424638,94002,206349,227164,1078572
Macedonia,2039,296653,1297572,429026,93237,203416,225860,1071712
Macedonia,2040,293121,1288819,433608,92595,200526,224339,1064480
Macedonia,2041,290058,1278957,438614,92247,197811,222522,1056435
Macedonia,2042,287197,1268721,443610,91916,195281,220447,1048274
Macedonia,2043,284569,1258017,448683,91618,192951,218152,1039865
Macedonia,2044,282204,1246757,453934,91374,190830,215678,1031079
Macedonia,2045,280103,1234881,459438,91204,188899,213057,1021824
Macedonia,2046,278463,1221769,465637,91238,187225,210232,1011537
Macedonia,2047,277052,1208310,471889,91201,185851,207313,1000997
Macedonia,2048,275862,1194591,478111,91114,184748,204372,990219
Macedonia,2049,274850,1180776,484193,90991,183859,201493,979283
Macedonia,2050,273951,1166958,490092,90839,183112,198730,968228
Macedonia,2051,273258,1152684,496187,90720,182538,196034,956650
Macedonia,2052,272634,1138728,501823,90492,182142,193491,945237
Macedonia,2053,272030,1125046,507070,90170,181860,191149,933897
Macedonia,2054,271387,1111585,512024,89759,181628,189041,922544
Macedonia,2055,270642,1098339,516721,89259,181383,187193,911146
Macedonia,2056,269838,1085134,521284,88678,181160,185563,899571
Macedonia,2057,268923,1072366,525368,88026,180897,184201,888165
Macedonia,2058,267855,1060227,528825,87305,180550,183094,877133
Macedonia,2059,266618,1048996,531386,86535,180083,182208,866788
Macedonia,2060,265193,1038808,532927,85716,179477,181503,857305
Macedonia,2061,263620,1029616,533462,84829,178791,180951,848665
Macedonia,2062,261918,1021611,532783,83980,177938,180562,841049
Macedonia,2063,260069,1014490,531222,83158,176911,180292,834198
Macedonia,2064,258069,1007794,529249,82346,175723,180082,827712
Macedonia,2065,255926,1001179,527203,81536,174390,179869,821310
Macedonia,2066,253814,994768,524810,80795,173019,179632,815136
Macedonia,2067,251636,988573,522168,80090,171546,179372,809201
Macedonia,2068,249406,982603,519276,79421,169985,179050,803553
Macedonia,2069,247162,976925,516068,78796,168366,178623,798302
Macedonia,2070,244930,971545,512540,78224,166706,178055,793490
Macedonia,2071,242906,966472,508509,77797,165109,177326,789146
Macedonia,2072,240958,961802,504026,77397,163561,176451,785351
Macedonia,2073,239098,957278,499383,77028,162070,175445,781833
Macedonia,2074,237332,952508,494994,76696,160636,174311,778197
Macedonia,2075,235659,947222,491157,76407,159252,173060,774162
Macedonia,2076,234238,941419,487736,76249,157989,171658,769761
Macedonia,2077,232946,935360,484608,76079,156867,170166,765194
Macedonia,2078,231779,929049,481797,75900,155879,168616,760433
Macedonia,2079,230695,922543,479294,75708,154987,167042,755501
Macedonia,2080,229660,915843,477144,75504,154156,165463,750380
Macedonia,2081,228807,908957,475226,75362,153445,163869,745088
Macedonia,2082,228018,902154,473371,75156,152862,162320,739834
Macedonia,2083,227271,895387,471693,74898,152373,160836,734551
Macedonia,2084,226527,888580,470276,74603,151924,159426,729154
Macedonia,2085,225753,881684,469220,74283,151470,158096,723588
Macedonia,2086,225029,874967,468187,73950,151079,156869,718098
Macedonia,2087,224324,868476,467138,73614,150710,155763,712713
Macedonia,2088,223593,862169,466156,73264,150329,154777,707392
Macedonia,2089,222768,855983,465340,72874,149894,153891,702092
Macedonia,2090,221801,849833,464804,72423,149378,153086,696747
Macedonia,2091,220904,844281,463772,71991,148913,152431,691850
Macedonia,2092,219920,839039,462660,71525,148395,151881,687158
Macedonia,2093,218823,833976,461630,71022,147801,151400,682576
Macedonia,2094,217604,828988,460786,70488,147116,150947,678041
Macedonia,2095,216259,823996,460198,69932,146327,150483,673513
Macedonia,2096,215058,819853,458727,69433,145625,150140,669713
Macedonia,2097,213793,815875,457249,68947,144846,149794,666081
Macedonia,2098,212465,811963,455839,68480,143985,149420,662543
Macedonia,2099,211067,808016,454576,68028,143039,148998,659018
Macedonia,2100,209592,803903,453564,67585,142007,148494,655409
Madagascar,1950,1560535,2393813,129206,630876,929659,773718,1620095
Madagascar,1951,1610224,2424976,133186,669673,940551,784273,1640703
Madagascar,1952,1666175,2454073,136522,714990,951185,793886,1660187
Madagascar,1953,1720617,2488440,139663,755958,964659,804532,1683908
Madagascar,1954,1772327,2529199,142762,790298,982029,815878,1713321
Madagascar,1955,1823762,2574032,145748,820920,1002842,826783,1747249
Madagascar,1956,1899560,2596926,150090,864851,1034709,829560,1767366
Madagascar,1957,1967839,2631056,154628,889656,1078183,835106,1795950
Madagascar,1958,2034325,2671177,159022,904219,1130106,842083,1829094
Madagascar,1959,2103554,2713243,162956,917541,1186013,849659,1863584
Madagascar,1960,2176881,2756146,166346,936739,1240142,857971,1898175
Madagascar,1961,2258180,2793524,171864,953144,1305036,865553,1927971
Madagascar,1962,2343802,2831950,176751,975652,1368150,874243,1957707
Madagascar,1963,2430542,2874447,181330,1003807,1426735,886521,1987926
Madagascar,1964,2513221,2925888,186055,1034094,1479127,905991,2019897
Madagascar,1965,2589758,2988311,191149,1064582,1525176,934459,2053852
Madagascar,1966,2677391,3042819,198385,1100324,1577067,965930,2076889
Madagascar,1967,2757780,3110192,205554,1131137,1626643,1006863,2103329
Madagascar,1968,2833390,3188212,212863,1159238,1674152,1055484,2132728
Madagascar,1969,2908726,3272646,220549,1188658,1720068,1108595,2164051
Madagascar,1970,2986720,3360896,228689,1223006,1763714,1163897,2196999
Madagascar,1971,3081444,3437164,239242,1263883,1817561,1215983,2221181
Madagascar,1972,3176265,3520328,250027,1302037,1874228,1271762,2248566
Madagascar,1973,3271711,3610637,260279,1339510,1932201,1329433,2281204
Madagascar,1974,3367825,3709017,268938,1378053,1989772,1386550,2322467
Madagascar,1975,3464823,3815741,275462,1419743,2045080,1441494,2374247
Madagascar,1976,3578050,3913439,281960,1467372,2110678,1487933,2425506
Madagascar,1977,3690384,4021149,286631,1510980,2179404,1532971,2488178
Madagascar,1978,3802037,4138320,289861,1552290,2249747,1577999,2560321
Madagascar,1979,3913100,4264486,292086,1593012,2320088,1625233,2639253
Madagascar,1980,4023772,4399204,293577,1635435,2388337,1675983,2723221
Madagascar,1981,4149459,4523811,298075,1683440,2466019,1721668,2802143
Madagascar,1982,4272050,4660091,301988,1724142,2547908,1772091,2888000
Madagascar,1983,4392546,4806050,305685,1761165,2631381,1826683,2979367
Madagascar,1984,4512061,4959175,309636,1798830,2713231,1884417,3074758
Madagascar,1985,4631156,5118177,314162,1840785,2790371,1944721,3173456
Madagascar,1986,4761581,5269329,321210,1885423,2876158,2002761,3266568
Madagascar,1987,4891537,5427733,328484,1931617,2959920,2064215,3363518
Madagascar,1988,5021361,5595110,335924,1980621,3040740,2129666,3465444
Madagascar,1989,5151840,5773412,343406,2033503,3118337,2199625,3573787
Madagascar,1990,5284636,5963118,350879,2092169,3192467,2273986,3689132
Madagascar,1991,5438100,6143163,361556,2160868,3277232,2344394,3798769
Madagascar,1992,5592341,6336900,372095,2226883,3365458,2420189,3916711
Madagascar,1993,5749618,6543146,382696,2292713,3456905,2500253,4042893
Madagascar,1994,5913257,6759700,393586,2362034,3551223,2582642,4177058
Madagascar,1995,6085628,6984885,404887,2438716,3646912,2665953,4318932
Madagascar,1996,6284853,7199773,418062,2527131,3757722,2744542,4455231
Madagascar,1997,6489545,7427222,431087,2611192,3878353,2825291,4601931
Madagascar,1998,6698731,7666273,443787,2691858,4006873,2907792,4758481
Madagascar,1999,6909408,7917136,455977,2768570,4140838,2992111,4925025
Madagascar,2000,7119051,8180137,467618,2842101,4276950,3078552,5101585
Madagascar,2001,7345690,8433188,482054,2921449,4424241,3159936,5273252
Madagascar,2002,7564837,8704117,496163,2982758,4582079,3245716,5458401
Madagascar,2003,7778552,8990863,509726,3032414,4746138,3336437,5654426
Madagascar,2004,7989569,9291058,522370,3079358,4910211,3433177,5857881
Madagascar,2005,8198705,9603987,534032,3130542,5068163,3537038,6066949
Madagascar,2006,8407797,9924162,548309,3176944,5230853,3647289,6276873
Madagascar,2007,8616794,10255111,561618,3231235,5385559,3763408,6491703
Madagascar,2008,8822315,10599824,574330,3291432,5530883,3886692,6713132
Madagascar,2009,9019284,10963036,586801,3352201,5667083,4019053,6943983
Madagascar,2010,9205664,11346586,599390,3410086,5795578,4161129,7185457
Madagascar,2011,9394524,11735063,614362,3472748,5921776,4309097,7425966
Madagascar,2012,9571662,12145803,629108,3528039,6043623,4466668,7679135
Madagascar,2013,9741914,12574220,645012,3579718,6162196,4630145,7944075
Madagascar,2014,9913570,13012354,663877,3635098,6278472,4793674,8218680
Madagascar,2015,10091893,13455388,686807,3699601,6392292,4953409,8501979
Madagascar,2016,10279811,13898297,716443,3768588,6511223,5110272,8788025
Madagascar,2017,10476302,14345494,749099,3847428,6628874,5262466,9083028
Madagascar,2018,10679380,14799273,784157,3933468,6745912,5409513,9389760
Madagascar,2019,10884830,15264131,820681,4021084,6863746,5551525,9712606
Madagascar,2020,11090674,15741840,858284,4106893,6983781,5688429,10053411
Madagascar,2021,11314709,16212596,898801,4203561,7111148,5816894,10395702
Madagascar,2022,11535576,16699790,940046,4287886,7247690,5941163,10758627
Madagascar,2023,11755950,17199808,982294,4363266,7392684,6061768,11138040
Madagascar,2024,11979571,17707826,1025799,4435567,7544004,6179816,11528010
Madagascar,2025,12207513,18221674,1070890,4509332,7698181,6296654,11925020
Madagascar,2026,12444336,18734508,1119467,4583191,7861145,6414124,12320384
Madagascar,2027,12683168,19255475,1168791,4655361,8027807,6531188,12724287
Madagascar,2028,12921545,19785758,1219351,4726158,8195387,6649486,13136272
Madagascar,2029,13155072,20328320,1271670,4794270,8360802,6771416,13556904
Madagascar,2030,13380967,20884677,1326299,4858956,8522011,6898543,13986134
Madagascar,2031,13608043,21444809,1383930,4922562,8685481,7032342,14412467
Madagascar,2032,13826979,22019543,1442821,4982885,8844094,7171353,14848190
Madagascar,2033,14037716,22607944,1503713,5040492,8997224,7315803,15292141
Madagascar,2034,14241282,23208130,1567349,5096605,9144677,7465591,15742539
Madagascar,2035,14438420,23818555,1634413,5152097,9286323,7620358,16198197
Madagascar,2036,14637425,24430683,1704863,5208309,9429116,7782383,16648300
Madagascar,2037,14830071,25053958,1777254,5264540,9565531,7948986,17104972
Madagascar,2038,15016512,25687540,1852345,5320753,9695759,8117911,17569629
Madagascar,2039,15197264,26330286,1930944,5376772,9820492,8285745,18044541
Madagascar,2040,15373052,26980876,2013728,5432608,9940444,8450041,18530835
Madagascar,2041,15555018,27626716,2101989,5492478,10062540,8612563,19014153
Madagascar,2042,15732290,28281033,2193118,5550961,10181329,8771019,19510014
Madagascar,2043,15905503,28943035,2287127,5608259,10297244,8924928,20018107
Madagascar,2044,16075552,29612041,2383655,5664749,10410803,9074012,20538029
Madagascar,2045,16243067,30287110,2482811,5720920,10522147,9218070,21069040
Madagascar,2046,16420002,30955312,2585305,5781804,10638198,9359121,21596191
Madagascar,2047,16593641,31630744,2689400,5839436,10754205,9494874,22135870
Madagascar,2048,16764314,32311692,2796121,5894505,10869809,9625655,22686037
Madagascar,2049,16932154,32996522,2906529,5947839,10984315,9752083,23244439
Madagascar,2050,17097034,33683805,3021735,6000210,11096824,9874703,23809102
Madagascar,2051,17270213,34362812,3140844,6055504,11214709,9997007,24365805
Madagascar,2052,17439798,35045657,3263172,6108069,11331729,10115725,24929932
Madagascar,2053,17605157,35730504,3390503,6158028,11447129,10231679,25498825
Madagascar,2054,17765211,36415647,3524838,6205184,11560027,10346030,26069617
Madagascar,2055,17919129,37099587,3667817,6249519,11669610,10459574,26640013
Madagascar,2056,18079088,37772185,3816878,6295693,11783395,10576304,27195881
Madagascar,2057,18231911,38446333,3971931,6337547,11894364,10692584,27753749
Madagascar,2058,18377610,39119741,4134831,6375811,12001799,10808383,28311358
Madagascar,2059,18516467,39789609,4307736,6411561,12104906,10923426,28866183
Madagascar,2060,18648535,40453954,4492187,6445587,12202948,11037486,29416468
Madagascar,2061,18784699,41106132,4683515,6480517,12304182,11155686,29950446
Madagascar,2062,18914288,41754949,4883128,6514302,12399986,11272778,30482171
Madagascar,2063,19036771,42401242,5090385,6546733,12490038,11388470,31012772
Madagascar,2064,19151660,43046761,5303718,6577363,12574297,11502230,31544531
Madagascar,2065,19258859,43691870,5522497,6605937,12652922,11613532,32078338
Madagascar,2066,19372362,44329848,5739090,6637536,12734826,11727622,32602226
Madagascar,2067,19478448,44969700,5957812,6666781,12811667,11838966,33130734
Madagascar,2068,19577169,45609453,6180089,6693583,12883586,11947013,33662440
Madagascar,2069,19668725,46246887,6407396,6717850,12950875,12050996,34195891
Madagascar,2070,19753229,46880138,6641009,6739611,13013618,12150338,34729800
Madagascar,2071,19845543,47504287,6870540,6764845,13080698,12250738,35253549
Madagascar,2072,19930155,48127713,7102832,6785709,13144446,12346520,35781193
Madagascar,2073,20007662,48748644,7338872,6803158,13204504,12437476,36311168
Madagascar,2074,20078920,49365553,7579218,6818627,13260293,12523356,36842197
Madagascar,2075,20144352,49976811,7824909,6833199,13311153,12604015,37372796
Madagascar,2076,20216825,50582427,8062769,6850036,13366789,12686559,37895868
Madagascar,2077,20284421,51184694,8302015,6866635,13417786,12763669,38421025
Madagascar,2078,20346194,51780631,8546066,6882302,13463892,12835893,38944738
Madagascar,2079,20400715,52367085,8798949,6895667,13505048,12904039,39463046
Madagascar,2080,20447240,52941290,9063655,6905861,13541379,12968532,39972758
Madagascar,2081,20502882,53502927,9323077,6920137,13582745,13036275,40466652
Madagascar,2082,20550169,54056894,9589521,6929598,13620571,13100720,40956174
Madagascar,2083,20589658,54600663,9864589,6934956,13654702,13161528,41439135
Madagascar,2084,20622305,55131720,10149461,6937453,13684852,13218062,41913658
Madagascar,2085,20648413,55648094,10445503,6938005,13710408,13269934,42378160
Madagascar,2086,20681906,56153678,10734569,6940766,13741140,13325060,42828618
Madagascar,2087,20709039,56649295,11029378,6941227,13767812,13375964,43273331
Madagascar,2088,20729547,57133499,11331618,6939699,13789848,13422707,43710792
Madagascar,2089,20743048,57605275,11642736,6936429,13806619,13465355,44139920
Madagascar,2090,20749325,58063253,11964304,6931605,13817720,13503843,44559410
Madagascar,2091,20762789,58514086,12275115,6929302,13833487,13546308,44967778
Madagascar,2092,20770392,58956123,12589619,6926244,13844148,13584813,45371310
Madagascar,2093,20771636,59387554,12909800,6921971,13849665,13619368,45768186
Madagascar,2094,20765943,59806780,13237512,6915748,13850195,13649931,46156849
Madagascar,2095,20752639,60211996,13574932,6906734,13845905,13676334,46535662
Madagascar,2096,20749090,60610844,13896828,6902111,13846979,13706557,46904287
Madagascar,2097,20738099,61002545,14220989,6893189,13844910,13733390,47269155
Madagascar,2098,20719041,61384423,14550615,6879448,13839593,13756335,47628088
Madagascar,2099,20692085,61753207,14888767,6861498,13830587,13774481,47978726
Madagascar,2100,20658099,62105339,15238146,6841192,13816907,13787017,48318322
Malawi,1950,1349581,1513444,90846,569451,780130,552142,961302
Malawi,1951,1378721,1537609,91737,574957,803764,561915,975694
Malawi,1952,1400411,1571955,92668,567723,832688,575684,996271
Malawi,1953,1422074,1609406,93254,560386,861688,590961,1018445
Malawi,1954,1446011,1647742,93420,558978,887033,607137,1040605
Malawi,1955,1471101,1687977,93254,565599,905502,624823,1063154
Malawi,1956,1499167,1726001,95052,570062,929105,641048,1084953
Malawi,1957,1531016,1763449,96332,584253,946763,657584,1105865
Malawi,1958,1563075,1803714,97258,604230,958845,675820,1127894
Malawi,1959,1592276,1849762,97932,626148,966128,697091,1152671
Malawi,1960,1617802,1902409,98384,648180,969622,721872,1180537
Malawi,1961,1659057,1940957,100009,681957,977100,740515,1200442
Malawi,1962,1693698,1989281,101460,704473,989225,764006,1225275
Malawi,1963,1725540,2043784,102794,719774,1005766,790010,1253774
Malawi,1964,1760225,2099134,104058,734718,1025507,814948,1284186
Malawi,1965,1800505,2152860,105308,755196,1045309,837044,1315816
Malawi,1966,1855422,2194560,108142,781332,1074090,850264,1344296
Malawi,1967,1913893,2237124,110988,805356,1108537,861901,1375223
Malawi,1968,1975313,2281766,113571,829215,1146098,872737,1409029
Malawi,1969,2037524,2331383,115532,853841,1183683,884402,1446981
Malawi,1970,2099318,2387674,116731,881038,1218280,898189,1489485
Malawi,1971,2173547,2436376,118780,914197,1259350,906579,1529797
Malawi,1972,2245992,2493345,120273,942464,1303528,917443,1575902
Malawi,1973,2317951,2557426,121563,968522,1349429,931761,1625665
Malawi,1974,2391121,2627009,123072,995831,1395290,950955,1676054
Malawi,1975,2466351,2701383,125074,1027807,1438544,976125,1725258
Malawi,1976,2556046,2769822,128837,1066583,1489463,1001562,1768260
Malawi,1977,2647647,2846999,132887,1103415,1544232,1034052,1812947
Malawi,1978,2739442,2930144,137259,1139228,1600214,1071504,1858640
Malawi,1979,2828110,3016203,142019,1173955,1654155,1111059,1905144
Malawi,1980,2911817,3104040,147223,1208819,1702998,1151347,1952693
Malawi,1981,3001822,3172037,153710,1247578,1754244,1183650,1988387
Malawi,1982,3081003,3243062,160387,1274624,1806379,1217077,2025985
Malawi,1983,3165037,3328885,167436,1300391,1864646,1255884,2073001
Malawi,1984,3276217,3444630,175081,1340624,1935593,1305826,2138804
Malawi,1985,3428878,3598736,183491,1408049,2020829,1370421,2228315
Malawi,1986,3605048,3824063,196194,1474790,2130258,1455834,2368229
Malawi,1987,3816338,4093097,210658,1560550,2255788,1553901,2539196
Malawi,1988,4032182,4378933,225820,1652248,2379934,1654801,2724132
Malawi,1989,4207040,4647373,240258,1725057,2481983,1746244,2901129
Malawi,1990,4308824,4875793,252936,1759939,2548885,1820699,3055094
Malawi,1991,4423052,4953323,264778,1825760,2597292,1858633,3094690
Malawi,1992,4470923,4984734,274060,1843902,2627021,1880704,3104030
Malawi,1993,4481438,4992514,281905,1830581,2650857,1893486,3099028
Malawi,1994,4501104,5005936,289936,1817856,2683248,1906541,3099395
Malawi,1995,4564193,5045501,299394,1834637,2729556,1927533,3117968
Malawi,1996,4677678,5128984,303127,1860120,2817558,1965838,3163146
Malawi,1997,4825566,5248131,308165,1901781,2923785,2017368,3230763
Malawi,1998,4997491,5393299,313954,1958961,3038530,2079396,3313903
Malawi,1999,5171101,5553475,319780,2021317,3149784,2149301,3404174
Malawi,2000,5330047,5720933,325192,2080159,3249888,2225108,3495825
Malawi,2001,5493956,5868280,333627,2142551,3351405,2299073,3569207
Malawi,2002,5643445,6028413,341853,2193216,3450229,2381104,3647309
Malawi,2003,5785398,6201144,350145,2237475,3547923,2470466,3730678
Malawi,2004,5932240,6385033,358765,2286081,3646159,2565918,3819115
Malawi,2005,6092200,6579627,367884,2347792,3744408,2666673,3912954
Malawi,2006,6262579,6785416,381267,2415187,3847392,2764767,4020649
Malawi,2007,6446380,6999719,394870,2493645,3952735,2867363,4132356
Malawi,2008,6638396,7223927,408911,2577871,4060525,2972820,4251107
Malawi,2009,6828339,7462478,423785,2656238,4172101,3080032,4382446
Malawi,2010,7009547,7717922,439626,2721433,4288114,3188234,4529688
Malawi,2011,7194264,7976470,456884,2791852,4402412,3281715,4694755
Malawi,2012,7360436,8261164,475705,2826951,4533485,3379978,4881186
Malawi,2013,7516644,8565586,494917,2840295,4676349,3481153,5084433
Malawi,2014,7676572,8879588,512678,2854996,4821576,3582714,5296874
Malawi,2015,7847054,9198519,528034,2887867,4959187,3684044,5514475
Malawi,2016,8009499,9539262,542814,2908272,5101227,3789690,5749572
Malawi,2017,8191725,9875592,554787,2966270,5225455,3891002,5984590
Malawi,2018,8383043,10216451,565234,3050554,5332489,3993006,6223445
Malawi,2019,8566551,10576271,575921,3139103,5427448,4103295,6472976
Malawi,2020,8734548,10961339,587804,3216617,5517931,4225269,6736070
Malawi,2021,8916315,11343167,599709,3311346,5604969,4346865,6996302
Malawi,2022,9077908,11754751,612809,3380063,5697845,4481875,7272876
Malawi,2023,9228947,12187315,626996,3429838,5799109,4624275,7563040
Malawi,2024,9385645,12626070,641910,3476185,5909460,4764277,7861793
Malawi,2025,9556023,13063682,657519,3530732,6025291,4896424,8167258
Malawi,2026,9733934,13505215,675068,3584920,6149014,5021248,8483967
Malawi,2027,9922722,13947692,693607,3642626,6280096,5139492,8808200
Malawi,2028,10118119,14393982,713444,3703692,6414427,5251840,9142142
Malawi,2029,10310862,14851441,735044,3763662,6547200,5360691,9490750
Malawi,2030,10495493,15324016,758738,3819887,6675606,5467684,9856332
Malawi,2031,10679788,15802229,785713,3876013,6803775,5568843,10233386
Malawi,2032,10856527,16294367,814836,3927439,6929088,5666860,10627507
Malawi,2033,11026372,16799180,846556,3975096,7051276,5765433,11033747
Malawi,2034,11191743,17313810,881289,4021439,7170304,5869814,11443996
Malawi,2035,11353921,17836485,919451,4068284,7285637,5983242,11853243
Malawi,2036,11517208,18361553,962032,4115883,7401325,6103556,12257997
Malawi,2037,11676258,18895079,1007881,4162568,7513690,6233024,12662055
Malawi,2038,11830848,19436333,1057688,4208557,7622291,6368315,13068018
Malawi,2039,11980551,19984639,1112264,4253681,7726870,6503913,13480726
Malawi,2040,12125284,20539207,1172216,4298148,7827136,6636154,13903053
Malawi,2041,12274005,21091669,1236626,4345745,7928260,6764028,14327641
Malawi,2042,12417248,21650163,1306444,4390060,8027188,6888961,14761202
Malawi,2043,12555510,22213882,1381488,4431793,8123717,7010871,15203011
Malawi,2044,12689465,22782156,1461184,4471904,8217561,7130243,15651913
Malawi,2045,12819425,23354262,1545468,4511403,8308022,7247367,16106895
Malawi,2046,12955250,23923707,1630509,4554135,8401115,7361447,16562260
Malawi,2047,13086006,24497760,1719646,4592967,8493039,7472727,17025033
Malawi,2048,13212123,25073721,1814924,4629009,8583114,7581123,17492598
Malawi,2049,13334000,25648307,1919068,4663604,8670396,7686684,17961623
Malawi,2050,13451798,26219454,2033750,4698013,8753785,7789512,18429942
Malawi,2051,13575437,26784201,2151647,4735063,8840374,7890768,18893433
Malawi,2052,13694711,27346073,2278937,4770208,8924503,7989189,19356884
Malawi,2053,13809306,27905698,2414751,4803646,9005660,8085155,19820543
Malawi,2054,13918613,28464761,2557416,4835270,9083343,8179265,20285496
Malawi,2055,14022262,29023942,2706041,4865285,9156977,8271885,20752057
Malawi,2056,14133205,29580394,2850029,4898963,9234242,8364884,21215510
Malawi,2057,14237371,30137953,2999163,4928136,9309235,8456586,21681367
Malawi,2058,14335269,30694876,3154218,4953772,9381497,8546628,22148248
Malawi,2059,14427625,31249127,3316013,4977240,9450385,8634419,22614708
Malawi,2060,14514732,31799336,3485170,4999746,9514986,8719625,23079711
Malawi,2061,14608790,32347536,3646969,5025026,9583764,8805770,23541766
Malawi,2062,14696951,32892600,3814869,5047599,9649352,8889380,24003220
Malawi,2063,14778982,33433707,3989362,5067815,9711167,8970418,24463289
Malawi,2064,14854367,33970538,4170716,5085779,9768588,9048918,24921620
Malawi,2065,14922782,34502403,4359383,5101789,9820993,9124871,25377532
Malawi,2066,14998433,35032890,4537132,5120999,9877434,9202377,25830513
Malawi,2067,15066500,35560507,4719790,5136457,9930043,9277252,26283255
Malawi,2068,15127216,36081491,4910348,5148757,9978459,9349356,26732135
Malawi,2069,15180941,36590871,5112861,5158672,10022269,9418525,27172346
Malawi,2070,15227835,37085628,5329685,5166943,10060892,9484631,27600997
Malawi,2071,15282245,37572918,5538883,5178342,10103903,9552798,28020120
Malawi,2072,15329399,38047385,5760220,5186644,10142755,9617875,28429510
Malawi,2073,15369442,38511762,5990501,5192346,10177096,9679635,28832127
Malawi,2074,15402478,38971086,6224323,5195953,10206525,9737767,29233319
Malawi,2075,15428601,39427932,6458738,5198015,10230586,9792053,29635879
Malawi,2076,15462734,39890044,6670747,5203533,10259201,9848164,30041880
Malawi,2077,15489860,40351184,6881287,5206287,10283573,9900403,30450781
Malawi,2078,15510163,40806937,7094367,5206666,10303497,9948705,30858232
Malawi,2079,15523887,41251278,7315590,5205106,10318781,9993035,31258243
Malawi,2080,15531209,41680162,7548594,5202107,10329102,10033358,31646804
Malawi,2081,15547376,42104019,7767529,5202977,10344399,10075658,32028361
Malawi,2082,15557091,42515819,7994442,5201033,10356058,10114072,32401747
Malawi,2083,15560486,42914517,8229863,5196614,10363872,10148470,32766047
Malawi,2084,15557533,43299626,8473858,5189974,10367559,10178676,33120950
Malawi,2085,15548135,43670432,8726897,5181471,10366664,10204572,33465860
Malawi,2086,15547837,44038124,8962007,5176748,10371089,10232567,33805557
Malawi,2087,15540768,44394740,9202940,5168437,10372331,10256606,34138134
Malawi,2088,15527446,44738490,9450951,5157438,10370008,10276646,34461844
Malawi,2089,15508619,45067654,9707112,5145009,10363610,10292676,34774978
Malawi,2090,15484703,45380933,9972348,5132177,10352526,10304707,35076226
Malawi,2091,15469516,45694041,10217081,5122566,10346950,10319943,35374098
Malawi,2092,15450078,45994623,10466522,5112552,10337526,10331376,35663247
Malawi,2093,15426084,46281673,10721845,5101995,10324089,10339102,35942571
Malawi,2094,15396921,46554582,10984115,5090346,10306575,10343257,36211325
Malawi,2095,15362162,46812608,11254405,5077130,10285032,10343916,36468692
Malawi,2096,15338543,47070853,11500820,5069016,10269527,10348020,36722833
Malawi,2097,15309362,47318797,11750606,5057700,10251662,10349154,36969643
Malawi,2098,15274766,47554600,12005537,5043272,10231494,10347087,37207513
Malawi,2099,15235668,47775834,12267280,5026816,10208852,10341343,37434491
Malawi,2100,15193241,47980126,12537235,5010151,10183090,10331519,37648607
Malaysia,1950,2498801,3302204,308910,1019701,1479100,1096201,2206003
Malaysia,1951,2592898,3369218,309370,1089456,1503442,1126177,2243041
Malaysia,1952,2684147,3455743,310193,1144570,1539577,1164991,2290752
Malaysia,1953,2784312,3546434,309295,1197655,1586657,1205748,2340686
Malaysia,1954,2895644,3636034,305680,1246982,1648662,1243815,2392219
Malaysia,1955,3016613,3723692,299414,1292065,1724548,1277189,2446503
Malaysia,1956,3143264,3806408,296866,1331689,1811575,1305840,2500568
Malaysia,1957,3278116,3888248,292534,1367028,1911088,1331358,2556890
Malaysia,1958,3418617,3973151,287502,1400144,2018473,1356214,2616937
Malaysia,1959,3562497,4065479,283060,1435931,2126566,1383425,2682054
Malaysia,1960,3709380,4167869,279857,1478230,2231150,1414975,2752894
Malaysia,1961,3851456,4282218,284786,1513877,2337579,1451689,2830529
Malaysia,1962,4001039,4401365,290411,1566754,2434285,1489967,2911398
Malaysia,1963,4149432,4528516,296136,1627318,2522114,1534189,2994327
Malaysia,1964,4284895,4667979,301089,1679887,2605008,1590522,3077457
Malaysia,1965,4400545,4821145,304873,1713265,2687280,1661911,3159234
Malaysia,1966,4508050,4967075,314857,1750556,2757494,1740413,3226662
Malaysia,1967,4588067,5133889,324216,1752991,2835076,1834854,3299035
Malaysia,1968,4650576,5313540,333685,1732220,2918356,1937866,3375674
Malaysia,1969,4711881,5492926,344419,1709757,3002124,2037658,3455268
Malaysia,1970,4781213,5665691,357074,1701265,3079948,2127306,3538385
Malaysia,1971,4826638,5862617,373083,1675512,3151126,2215530,3647087
Malaysia,1972,4890345,6044304,389602,1685481,3204864,2288620,3755684
Malaysia,1973,4965156,6221754,405788,1722193,3242963,2352592,3869162
Malaysia,1974,5038346,6412213,420674,1766745,3271601,2417262,3994951
Malaysia,1975,5104647,6623869,433853,1804517,3300130,2487808,4136061
Malaysia,1976,5178860,6843335,446698,1846197,3332663,2572801,4270534
Malaysia,1977,5244924,7086982,458640,1881264,3363660,2665222,4421760
Malaysia,1978,5306589,7346188,470292,1910847,3395742,2760870,4585318
Malaysia,1979,5372861,7604992,482348,1942104,3430757,2852076,4752916
Malaysia,1980,5449015,7853873,495237,1980120,3468895,2933980,4919893
Malaysia,1981,5532712,8089347,511781,2021773,3510939,3008169,5081178
Malaysia,1982,5626389,8316022,528222,2068645,3557744,3074136,5241886
Malaysia,1983,5731763,8542311,544543,2120315,3611448,3133371,5408940
Malaysia,1984,5848689,8782188,560748,2173977,3674712,3188513,5593675
Malaysia,1985,5977647,9044235,577060,2228195,3749452,3241409,5802826
Malaysia,1986,6117618,9332659,594770,2280504,3837114,3276310,6056349
Malaysia,1987,6262346,9650727,612035,2326032,3936314,3311224,6339503
Malaysia,1988,6406548,9992101,628939,2365944,4040604,3350894,6641207
Malaysia,1989,6546828,10343078,646065,2402773,4144055,3398728,6944350
Malaysia,1990,6681598,10692607,664116,2438540,4243058,3455974,7236633
Malaysia,1991,6809554,11033383,686517,2470317,4339237,3534984,7498399
Malaysia,1992,6933776,11369140,709808,2501874,4431902,3617063,7752077
Malaysia,1993,7055267,11706326,733374,2533864,4521403,3701323,8005003
Malaysia,1994,7174879,12055597,756418,2565970,4608909,3786179,8269418
Malaysia,1995,7292882,12423819,778896,2596542,4696340,3870731,8553088
Malaysia,1996,7399306,12820603,803412,2617169,4782137,3968831,8851772
Malaysia,1997,7504304,13234740,826281,2643599,4860705,4063571,9171169
Malaysia,1998,7600825,13663217,849422,2668970,4931855,4156006,9507211
Malaysia,1999,7679963,14100702,875621,2684162,4995801,4248068,9852634
Malaysia,2000,7737110,14542000,906498,2684240,5052870,4340358,10201642
Malaysia,2001,7805424,14940297,953186,2688555,5116869,4492645,10447652
Malaysia,2002,7835200,15363127,1000484,2664492,5170708,4642771,10720356
Malaysia,2003,7836862,15807349,1044492,2622021,5214841,4781032,11026317
Malaysia,2004,7826512,16261879,1085718,2576076,5250436,4900784,11361095
Malaysia,2005,7815209,16714412,1129772,2536610,5278599,5000689,11713723
Malaysia,2006,7840749,17114555,1188262,2479848,5360901,5151938,11962617
Malaysia,2007,7859794,17521408,1244643,2444740,5415054,5298657,12222751
Malaysia,2008,7869321,17946590,1295158,2428951,5440370,5431499,12515091
Malaysia,2009,7865804,18398574,1341005,2425941,5439863,5551241,12847333
Malaysia,2010,7852104,18872495,1387690,2429270,5422834,5660903,13211592
Malaysia,2011,7800918,19374620,1459590,2423774,5377144,5781411,13593209
Malaysia,2012,7757921,19873629,1538906,2447038,5310883,5892105,13981524
Malaysia,2013,7724138,20358600,1623986,2488397,5235741,5979092,14379508
Malaysia,2014,7696012,20820049,1711956,2533591,5162421,6031957,14788092
Malaysia,2015,7669676,21252304,1801175,2569345,5100331,6045292,15207012
Malaysia,2016,7678769,21613466,1895030,2612247,5066522,5974605,15638861
Malaysia,2017,7689014,21945261,1989989,2643660,5045354,5885128,16060133
Malaysia,2018,7702702,22252123,2087633,2664559,5038143,5783115,16469008
Malaysia,2019,7725057,22539431,2189967,2680931,5044126,5676353,16863078
Malaysia,2020,7758697,22812327,2298299,2697862,5060835,5570776,17241551
Malaysia,2021,7808257,23071288,2409668,2713846,5094411,5477141,17594147
Malaysia,2022,7864830,23320689,2525292,2728628,5136202,5389012,17931677
Malaysia,2023,7924497,23561485,2645188,2741542,5182955,5308887,18252598
Malaysia,2024,7980001,23796308,2769084,2749312,5230689,5239740,18556568
Malaysia,2025,8026062,24026921,2896775,2749159,5276903,5183436,18843485
Malaysia,2026,8069131,24250622,3024014,2741401,5327730,5148859,19101763
Malaysia,2027,8100585,24473967,3153653,2728577,5372008,5129629,19344338
Malaysia,2028,8119413,24697225,3285491,2710777,5408636,5124352,19572873
Malaysia,2029,8125763,24920121,3418713,2688716,5437047,5130532,19789589
Malaysia,2030,8119616,25142319,3553033,2662369,5457247,5145896,19996423
Malaysia,2031,8104339,25365363,3683087,2628262,5476077,5179117,20186246
Malaysia,2032,8077100,25588378,3812500,2596075,5481025,5221475,20366903
Malaysia,2033,8037585,25810156,3942983,2565017,5472568,5269307,20540849
Malaysia,2034,7986324,26028667,4076476,2534085,5452239,5317709,20710958
Malaysia,2035,7924703,26241688,4214279,2502285,5422418,5362705,20878983
Malaysia,2036,7861133,26448219,4349116,2469568,5391565,5412304,21035915
Malaysia,2037,7789998,26647632,4487530,2441048,5348950,5457388,21190244
Malaysia,2038,7712744,26839673,4629219,2415930,5296814,5495757,21343916
Malaysia,2039,7631928,27024533,4772561,2393678,5238250,5525199,21499334
Malaysia,2040,7550200,27200869,4917193,2373854,5176346,5543856,21657013
Malaysia,2041,7479202,27364500,5056059,2359432,5119770,5559515,21804985
Malaysia,2042,7408751,27520320,5194798,2347941,5060810,5564411,21955909
Malaysia,2043,7340727,27661101,5339668,2339265,5001462,5557952,22103149
Malaysia,2044,7277046,27777076,5499476,2333458,4943588,5539978,22237098
Malaysia,2045,7219250,27861692,5679986,2330599,4888651,5510399,22351293
Malaysia,2046,7178809,27913267,5871767,2333959,4844850,5477804,22435463
Malaysia,2047,7143947,27938468,6079912,2338452,4805495,5435403,22503065
Malaysia,2048,7115021,27936975,6304268,2343830,4771191,5384543,22552432
Malaysia,2049,7091455,27910268,6543610,2349514,4741941,5327583,22582685
Malaysia,2050,7072615,27859627,6796975,2355051,4717564,5266264,22593363
Malaysia,2051,7069173,27784840,7053813,2363699,4705474,5208909,22575931
Malaysia,2052,7068348,27692535,7320089,2369969,4698379,5149919,22542616
Malaysia,2053,7069705,27584444,7593849,2374024,4695681,5090534,22493910
Malaysia,2054,7072009,27463880,7872184,2375873,4696136,5032461,22431419
Malaysia,2055,7073840,27333617,8153027,2375294,4698546,4976842,22356775
Malaysia,2056,7082764,27200201,8421907,2372908,4709856,4932325,22267876
Malaysia,2057,7089525,27063915,8687526,2368649,4720876,4892615,22171300
Malaysia,2058,7092984,26927228,8948058,2362365,4730619,4857748,22069480
Malaysia,2059,7091698,26793902,9200653,2353672,4738026,4827653,21966249
Malaysia,2060,7084525,26666341,9443619,2341971,4742554,4801971,21864370
Malaysia,2061,7078540,26555795,9658405,2326913,4751627,4789142,21766653
Malaysia,2062,7066821,26455798,9858212,2312086,4754735,4781960,21673838
Malaysia,2063,7048585,26365325,10044485,2296892,4751693,4779036,21586289
Malaysia,2064,7023455,26282840,10218813,2280664,4742791,4778528,21504312
Malaysia,2065,6991454,26206584,10382712,2262634,4728820,4778720,21427864
Malaysia,2066,6961982,26151581,10511748,2243729,4718253,4788038,21363543
Malaysia,2067,6926989,26106064,10625909,2226277,4700712,4798616,21307448
Malaysia,2068,6886677,26067026,10728266,2209748,4676929,4808615,21258411
Malaysia,2069,6841780,26030386,10822531,2193686,4648094,4815791,21214595
Malaysia,2070,6793162,25992211,10912216,2177598,4615564,4818231,21173980
Malaysia,2071,6752194,25969286,10969449,2163823,4588371,4824483,21144803
Malaysia,2072,6709088,25948013,11018039,2151771,4557317,4826697,21121316
Malaysia,2073,6664353,25923502,11063098,2141077,4523276,4823860,21099642
Malaysia,2074,6618824,25890245,11110151,2131482,4487342,4815177,21075068
Malaysia,2075,6573344,25844029,11163363,2122738,4450606,4799973,21044056
Malaysia,2076,6539074,25799633,11197308,2117674,4421400,4786216,21013417
Malaysia,2077,6506093,25747290,11232188,2113819,4392274,4767371,20979919
Malaysia,2078,6474732,25685230,11270206,2110894,4363838,4743563,20941667
Malaysia,2079,6444879,25611318,11314445,2108466,4336413,4715192,20896126
Malaysia,2080,6416145,25522666,11368889,2106073,4310072,4682277,20840389
Malaysia,2081,6398659,25431714,11411496,2106611,4292048,4652145,20779569
Malaysia,2082,6383032,25334436,11456079,2106839,4276193,4619883,20714553
Malaysia,2083,6368825,25228946,11505490,2106545,4262280,4585689,20643257
Malaysia,2084,6355100,25113576,11562799,2105380,4249720,4549999,20563577
Malaysia,2085,6340718,24986312,11631569,2102899,4237819,4512911,20473401
Malaysia,2086,6334589,24862501,11687868,2101229,4233360,4481767,20380734
Malaysia,2087,6328480,24737213,11745063,2098584,4229896,4451876,20285337
Malaysia,2088,6321422,24609016,11805702,2094753,4226669,4423043,20185973
Malaysia,2089,6312100,24477000,11872039,2089399,4222701,4395138,20081862
Malaysia,2090,6299237,24339737,11946827,2082045,4217192,4367800,19971937
Malaysia,2091,6291439,24217911,12000785,2074100,4217339,4348732,19869179
Malaysia,2092,6281536,24100452,12052159,2066043,4215493,4332381,19768071
Malaysia,2093,6268370,23984995,12104441,2057393,4210977,4317887,19667108
Malaysia,2094,6250829,23869630,12160593,2047529,4203300,4304328,19565302
Malaysia,2095,6228160,23752451,12223125,2035815,4192345,4290780,19461671
Malaysia,2096,6210668,23659651,12255351,2024390,4186278,4285418,19374233
Malaysia,2097,6189972,23572356,12284243,2013525,4176447,4281522,19290834
Malaysia,2098,6165616,23487149,12313344,2002911,4162705,4277805,19209344
Malaysia,2099,6137512,23400464,12345888,1992282,4145230,4272806,19127658
Malaysia,2100,6105705,23309071,12384587,1981252,4124453,4265255,19043816
Maldives,1950,30697,40714,2303,10157,20540,15476,25238
Maldives,1951,30326,41592,2305,9939,20387,15945,25647
Maldives,1952,30183,42710,2301,10019,20164,16504,26206
Maldives,1953,30159,44036,2291,10303,19856,17121,26915
Maldives,1954,30251,45490,2275,10795,19456,17738,27752
Maldives,1955,30479,46983,2252,11490,18989,18298,28685
Maldives,1956,31096,48142,2282,12421,18675,18673,29469
Maldives,1957,31764,49363,2308,13313,18451,19015,30348
Maldives,1958,32525,50605,2321,14165,18360,19289,31316
Maldives,1959,33437,51828,2325,14990,18447,19458,32370
Maldives,1960,34539,53020,2328,15838,18701,19505,33515
Maldives,1961,36221,53750,2379,16934,19287,19254,34496
Maldives,1962,37949,54560,2429,17729,20220,18952,35608
Maldives,1963,39723,55391,2470,18315,21408,18607,36784
Maldives,1964,41529,56178,2507,18816,22713,18237,37941
Maldives,1965,43320,56927,2519,19346,23974,17889,39038
Maldives,1966,45373,57241,2576,19929,25444,17229,40012
Maldives,1967,47414,57509,2615,20447,26967,16619,40890
Maldives,1968,49446,57862,2651,20949,28497,16179,41683
Maldives,1969,51480,58472,2699,21474,30006,16050,42422
Maldives,1970,53543,59465,2760,22068,31475,16329,43136
Maldives,1971,55467,61067,2844,22634,32833,17083,43984
Maldives,1972,57365,63128,2948,23166,34199,18197,44931
Maldives,1973,59202,65530,3059,23674,35528,19585,45945
Maldives,1974,60929,68097,3169,24168,36761,21112,46985
Maldives,1975,62516,70722,3281,24677,37839,22671,48051
Maldives,1976,64416,72806,3443,25347,39069,24257,48549
Maldives,1977,66120,75012,3604,25860,40260,25899,49113
Maldives,1978,67782,77339,3771,26364,41418,27553,49786
Maldives,1979,69643,79810,3933,27098,42545,29169,50641
Maldives,1980,71866,82416,4103,28240,43626,30713,51703
Maldives,1981,74475,85165,4295,29546,44929,32178,52987
Maldives,1982,77553,87929,4478,31365,46188,33507,54422
Maldives,1983,80934,90760,4662,33492,47442,34739,56021
Maldives,1984,84372,93733,4848,35585,48787,35945,57788
Maldives,1985,87721,96863,5053,37421,50300,37160,59703
Maldives,1986,91852,99227,5278,39711,52141,37949,61278
Maldives,1987,95649,101952,5523,41145,54504,38897,63055
Maldives,1988,99209,104899,5777,41902,57307,39951,64948
Maldives,1989,102675,107898,6022,42283,60392,41038,66860
Maldives,1990,106044,110910,6261,42526,63518,42140,68770
Maldives,1991,109179,114044,6531,42461,66718,43026,71018
Maldives,1992,112159,117240,6791,42165,69994,43908,73332
Maldives,1993,114810,120592,7057,41673,73137,44911,75681
Maldives,1994,116848,124236,7349,40933,75915,46211,78025
Maldives,1995,118107,128281,7694,39920,78187,47928,80353
Maldives,1996,118276,132908,8143,38452,79824,49804,83104
Maldives,1997,117792,137864,8619,36940,80852,51979,85885
Maldives,1998,116794,143273,9139,35455,81339,54499,88774
Maldives,1999,115541,149239,9704,34118,81423,57391,91848
Maldives,2000,114233,155832,10319,33003,81230,60645,95187
Maldives,2001,111344,164723,10960,31522,79822,65478,99245
Maldives,2002,108490,174222,11629,30589,77901,70280,103942
Maldives,2003,105721,184169,12319,30095,75626,74750,109419
Maldives,2004,103079,194346,12998,29902,73177,78520,115826
Maldives,2005,100632,204557,13647,29913,70719,81341,123216
Maldives,2006,98513,214590,14268,30120,68393,84624,129966
Maldives,2007,96450,224766,14854,30529,65921,87157,137609
Maldives,2008,94681,234972,15401,31126,63555,88798,146174
Maldives,2009,93436,245179,15886,31933,61503,89522,155657
Maldives,2010,92840,255362,16309,32949,59891,89304,166058
Maldives,2011,92935,265659,16537,34109,58826,89079,176580
Maldives,2012,93661,275844,16698,35382,58279,87623,188221
Maldives,2013,94937,285628,16832,36659,58278,84955,200673
Maldives,2014,96458,294815,16974,37728,58730,81406,213409
Maldives,2015,97949,303288,17166,38423,59526,77349,225939
Maldives,2016,100237,309970,17549,39064,61173,74348,235622
Maldives,2017,102143,316211,17976,39154,62989,71314,244897
Maldives,2018,103771,322000,18488,38821,64950,68282,253718
Maldives,2019,105229,327370,19139,38278,66951,65380,261990
Maldives,2020,106516,332422,19971,37638,68878,62786,269636
Maldives,2021,107359,337330,21093,36372,70987,61486,275844
Maldives,2022,108061,341889,22384,35490,72571,60808,281081
Maldives,2023,108450,346247,23811,34840,73610,60630,285617
Maldives,2024,108324,350618,25367,34177,74147,60825,289793
Maldives,2025,107593,355081,27021,33301,74292,61314,293767
Maldives,2026,106527,359354,28818,32258,74269,62653,296701
Maldives,2027,104913,363723,30699,31263,73650,64433,299290
Maldives,2028,102867,368143,32678,30298,72569,66417,301726
Maldives,2029,100614,372447,34745,29411,71203,68303,304144
Maldives,2030,98315,376547,36904,28621,69694,69910,306637
Maldives,2031,96066,380430,39100,27893,68173,71690,308740
Maldives,2032,93807,384134,41363,27340,66467,73224,310910
Maldives,2033,91601,387601,43709,26942,64659,74373,313228
Maldives,2034,89500,390810,46146,26670,62830,75034,315776
Maldives,2035,87550,393708,48685,26503,61047,75154,318554
Maldives,2036,85936,396266,51189,26517,59419,75221,321045
Maldives,2037,84493,398490,53832,26607,57886,74740,323750
Maldives,2038,83270,400370,56579,26763,56507,73755,326615
Maldives,2039,82296,401918,59389,26973,55323,72383,329535
Maldives,2040,81576,403131,62254,27235,54341,70744,332387
Maldives,2041,81264,404067,64969,27616,53648,69355,334712
Maldives,2042,81124,404745,67738,27957,53167,67762,336983
Maldives,2043,81174,404924,70764,28262,52912,65981,338943
Maldives,2044,81378,404330,74334,28522,52856,64074,340256
Maldives,2045,81688,402799,78632,28728,52960,62118,340681
Maldives,2046,82160,400600,83332,28876,53284,60671,339929
Maldives,2047,82642,397639,88643,28951,53691,59263,338376
Maldives,2048,83120,393953,94546,28950,54170,57897,336056
Maldives,2049,83554,389566,101013,28873,54681,56602,332964
Maldives,2050,83889,384557,107989,28703,55186,55426,329131
Maldives,2051,84118,379277,115135,28361,55757,54881,324396
Maldives,2052,84215,373496,122673,28026,56189,54511,318985
Maldives,2053,84164,367466,130384,27681,56483,54264,313202
Maldives,2054,83951,361494,137961,27306,56645,54094,307400
Maldives,2055,83562,355796,145189,26875,56687,53978,301818
Maldives,2056,83033,350780,151636,26325,56708,54408,296372
Maldives,2057,82352,346132,157612,25859,56493,54926,291206
Maldives,2058,81528,341903,163062,25447,56081,55437,286466
Maldives,2059,80586,338140,167945,25061,55525,55862,282278
Maldives,2060,79547,334854,172218,24676,54871,56154,278700
Maldives,2061,78558,332491,175297,24304,54254,56781,275710
Maldives,2062,77503,330689,177673,24005,53498,57299,273390
Maldives,2063,76415,329308,179461,23763,52652,57638,271670
Maldives,2064,75333,328135,180831,23566,51767,57740,270395
Maldives,2065,74292,327012,181943,23406,50886,57594,269418
Maldives,2066,73477,326425,182129,23329,50148,57662,268763
Maldives,2067,72705,325944,182000,23302,49403,57522,268422
Maldives,2068,72005,325425,181678,23311,48694,57139,268286
Maldives,2069,71383,324711,181326,23341,48042,56534,268177
Maldives,2070,70841,323667,181076,23381,47460,55729,267938
Maldives,2071,70564,322800,180244,23490,47074,55182,267618
Maldives,2072,70338,321688,179476,23588,46750,54495,267193
Maldives,2073,70172,320222,178867,23673,46499,53661,266561
Maldives,2074,70060,318324,178520,23740,46320,52715,265609
Maldives,2075,69988,315951,178477,23783,46205,51691,264260
Maldives,2076,70053,313528,178235,23811,46242,51006,262522
Maldives,2077,70137,310783,178200,23830,46307,50323,260460
Maldives,2078,70232,307795,178299,23829,46403,49624,258171
Maldives,2079,70311,304667,178462,23798,46513,48918,255749
Maldives,2080,70333,301419,178733,23712,46621,48213,253206
Maldives,2081,70351,298355,178750,23560,46791,47871,250484
Maldives,2082,70326,295418,178632,23411,46915,47604,247814
Maldives,2083,70251,292584,178429,23255,46996,47374,245210
Maldives,2084,70101,289822,178226,23078,47023,47147,242675
Maldives,2085,69853,287048,178152,22863,46990,46904,240144
Maldives,2086,69571,284679,177724,22586,46985,46989,237690
Maldives,2087,69238,282561,177129,22352,46886,47121,235440
Maldives,2088,68835,280606,176495,22136,46699,47240,233366
Maldives,2089,68354,278732,175930,21920,46434,47294,231438
Maldives,2090,67797,276884,175505,21691,46106,47265,229619
Maldives,2091,67293,275558,174602,21460,45833,47491,228067
Maldives,2092,66753,274411,173639,21275,45478,47675,226736
Maldives,2093,66176,273342,172741,21117,45059,47766,225576
Maldives,2094,65577,272235,171984,20975,44602,47737,224498
Maldives,2095,64955,271062,171406,20830,44125,47577,223485
Maldives,2096,64487,270337,170281,20735,43752,47617,222720
Maldives,2097,64004,269557,169309,20660,43344,47557,222000
Maldives,2098,63517,268658,168519,20594,42923,47369,221289
Maldives,2099,63053,267621,167892,20540,42513,47056,220565
Maldives,2100,62642,266447,167404,20513,42129,46639,219808
Mali,1950,1831196,2743778,133455,740901,1090295,868976,1874802
Mali,1951,1871718,2754333,132985,758921,1112797,866500,1887833
Mali,1952,1916620,2763376,131203,785653,1130967,864496,1898880
Mali,1953,1955407,2780807,128541,809389,1146018,866685,1914122
Mali,1954,1984916,2809555,125076,828160,1156756,874793,1934762
Mali,1955,2006512,2848162,120724,844738,1161774,888933,1959229
Mali,1956,2052567,2857753,121803,877819,1174748,894459,1963294
Mali,1957,2083247,2883848,122414,889194,1194053,908188,1975660
Mali,1958,2105596,2919415,122337,888550,1217046,926888,1992527
Mali,1959,2126513,2957550,121386,886263,1240250,946760,2010790
Mali,1960,2148904,2995287,119542,891363,1257541,966040,2029247
Mali,1961,2188657,3011189,122420,901169,1287488,975245,2035944
Mali,1962,2228368,3028570,124430,910515,1317853,984802,2043768
Mali,1963,2266402,3049429,125782,921479,1344923,995668,2053761
Mali,1964,2298911,3078017,126824,933751,1365160,1009712,2068305
Mali,1965,2324422,3116346,127716,948904,1375518,1028125,2088221
Mali,1966,2371214,3131206,133439,975864,1395350,1036079,2095127
Mali,1967,2408641,3158558,139000,992348,1416293,1049082,2109476
Mali,1968,2440184,3196389,144262,1003147,1437037,1066944,2129445
Mali,1969,2470843,3241516,149053,1015025,1455818,1089224,2152292
Mali,1970,2503609,3292114,153322,1034759,1468850,1115792,2176322
Mali,1971,2561933,3321276,161321,1067242,1494691,1133231,2188045
Mali,1972,2618091,3360358,169009,1091490,1526601,1156293,2204065
Mali,1973,2673018,3406893,176276,1111795,1561223,1182890,2224003
Mali,1974,2726359,3458960,183029,1132028,1594331,1210370,2248590
Mali,1975,2777534,3515530,189214,1156730,1620804,1237452,2278078
Mali,1976,2854204,3544171,198398,1193453,1660751,1248747,2295424
Mali,1977,2924840,3580501,207060,1219302,1705538,1261645,2318856
Mali,1978,2991778,3624302,215215,1239405,1752373,1277394,2346908
Mali,1979,3057772,3675885,222922,1259907,1797865,1297949,2377936
Mali,1980,3124367,3735553,230206,1287084,1837283,1324754,2410799
Mali,1981,3215824,3777265,241214,1326226,1889598,1341887,2435378
Mali,1982,3305490,3830080,252086,1358553,1946937,1366309,2463771
Mali,1983,3391233,3890115,262395,1386647,2004586,1396646,2493469
Mali,1984,3468988,3953102,271577,1412054,2056934,1430939,2522163
Mali,1985,3535829,4016783,279277,1437506,2098323,1468161,2548622
Mali,1986,3629087,4036693,289384,1477424,2151663,1483150,2553543
Mali,1987,3709811,4059492,298455,1503189,2206622,1504576,2554916
Mali,1988,3784471,4089406,306851,1522207,2262264,1534224,2555182
Mali,1989,3862774,4131750,315007,1544639,2318135,1573678,2558072
Mali,1990,3951623,4190421,323144,1579898,2371725,1624135,2566286
Mali,1991,4046775,4276577,329162,1620429,2426346,1673725,2602852
Mali,1992,4150750,4382330,335183,1662604,2488146,1730755,2651575
Mali,1993,4260958,4503525,340989,1707836,2553122,1793361,2710164
Mali,1994,4371793,4635345,346247,1755212,2616581,1859101,2776244
Mali,1995,4479245,4774525,350680,1805405,2673840,1926446,2848079
Mali,1996,4605569,4897041,354200,1867412,2738157,1980312,2916729
Mali,1997,4725705,5031442,356947,1917024,2808681,2036894,2994548
Mali,1998,4844778,5177013,359044,1960913,2883865,2096083,3080930
Mali,1999,4970232,5332976,360515,2008920,2961312,2157684,3175292
Mali,2000,5107005,5499263,361422,2070303,3036702,2221984,3277279
Mali,2001,5267805,5660811,364642,2143647,3124158,2277427,3383384
Mali,2002,5437325,5834667,366937,2217580,3219745,2335120,3499547
Mali,2003,5615966,6020280,368882,2294725,3321241,2395624,3624656
Mali,2004,5802907,6217733,371266,2376752,3426155,2460008,3757725
Mali,2005,5997719,6426588,374456,2466624,3531095,2529050,3897538
Mali,2006,6226324,6617901,382839,2573997,3652327,2590877,4027024
Mali,2007,6458911,6824747,391948,2672628,3786283,2659657,4165090
Mali,2008,6693811,7043532,400873,2764291,3929520,2734134,4309398
Mali,2009,6927449,7270796,408352,2849899,4077550,2812898,4457898
Mali,2010,7156209,7505060,413816,2931546,4224663,2895572,4609488
Mali,2011,7413070,7706660,421259,3024953,4388117,2964591,4742069
Mali,2012,7658922,7921006,426742,3096951,4561971,3042212,4878794
Mali,2013,7897521,8149012,431285,3155598,4741923,3129912,5019100
Mali,2014,8134278,8392260,436308,3211673,4922605,3229168,5163092
Mali,2015,8372299,8652977,442629,3274146,5098153,3341183,5311794
Mali,2016,8608198,8932211,454428,3332121,5276077,3456861,5475350
Mali,2017,8845612,9229339,467029,3395603,5450009,3582736,5646603
Mali,2018,9081336,9546472,479898,3464562,5616774,3720023,5826449
Mali,2019,9310980,9885960,492200,3536724,5774256,3869898,6016062
Mali,2020,9532752,10247921,503507,3611125,5921627,4032155,6215766
Mali,2021,9761586,10613284,517714,3692725,6068861,4193254,6420030
Mali,2022,9982909,11001350,531046,3771019,6211890,4365516,6635834
Mali,2023,10199028,11409962,543895,3847674,6351354,4545829,6864133
Mali,2024,10414306,11835212,556670,3925698,6488608,4728912,7106300
Mali,2025,10631712,12274324,569711,4008235,6623477,4910988,7363336
Mali,2026,10866993,12708166,586337,4101855,6765138,5079511,7628655
Mali,2027,11101555,13158294,603086,4188245,6913310,5247424,7910870
Mali,2028,11336303,13622870,620530,4270218,7066085,5413533,8209337
Mali,2029,11571711,14100215,639344,4350850,7220861,5576397,8523818
Mali,2030,11807768,14589279,660065,4433488,7374280,5735205,8854074
Mali,2031,12059186,15072256,685402,4523053,7536133,5878821,9193435
Mali,2032,12308674,15569226,712126,4604668,7704006,6018333,9550893
Mali,2033,12555674,16079551,740744,4680854,7874820,6156421,9923130
Mali,2034,12799085,16602900,771883,4754149,8044936,6296952,10305948
Mali,2035,13037875,17139071,806026,4827242,8210633,6442415,10696656
Mali,2036,13285788,17671699,845206,4903727,8382061,6582964,11088735
Mali,2037,13526910,18219071,886471,4973275,8553635,6728392,11490679
Mali,2038,13760385,18781205,929864,5037689,8722696,6879391,11901814
Mali,2039,13985389,19358106,975334,5098769,8886620,7036087,12322019
Mali,2040,14201358,19949451,1022964,5158538,9042820,7198273,12751178
Mali,2041,14423582,20538408,1073747,5221592,9201990,7357255,13181153
Mali,2042,14635105,21143481,1125603,5277752,9357353,7521863,13621618
Mali,2043,14835849,21763901,1178726,5328850,9506999,7691264,14072637
Mali,2044,15026231,22398514,1233224,5376966,9649265,7863618,14534896
Mali,2045,15206665,23046187,1289266,5424278,9782387,8037344,15008843
Mali,2046,15393262,23690362,1346706,5475712,9917550,8204461,15485901
Mali,2047,15569010,24348588,1404649,5521326,10047684,8372309,15976279
Mali,2048,15734409,25020169,1463242,5562952,10171457,8540309,16479860
Mali,2049,15890519,25704248,1522369,5602730,10287789,8707269,16996979
Mali,2050,16038329,26399614,1582228,5642866,10395463,8872059,17527555
Mali,2051,16194145,27089670,1642806,5688485,10505660,9027607,18062063
Mali,2052,16341532,27791295,1703176,5729891,10611641,9179943,18611352
Mali,2053,16480585,28502702,1764472,5768140,10712445,9329104,19173598
Mali,2054,16611439,29221844,1827951,5804092,10807347,9474870,19746974
Mali,2055,16734448,29946770,1894656,5839073,10895375,9616840,20329930
Mali,2056,16868143,30658176,1964854,5880782,10987361,9748665,20909511
Mali,2057,16992642,31376838,2037319,5914904,11077738,9876432,21500406
Mali,2058,17108990,32100778,2112762,5943784,11165206,10000392,22100386
Mali,2059,17218755,32827741,2191738,5970542,11248213,10120480,22707261
Mali,2060,17322893,33555692,2275045,5998000,11324893,10236573,23319119
Mali,2061,17436949,34267357,2364000,6030362,11406587,10344749,23922608
Mali,2062,17545168,34980573,2455915,6059598,11485570,10448591,24531982
Mali,2063,17646788,35693576,2552710,6086271,11560517,10549138,25144438
Mali,2064,17740550,36404605,2656678,6110285,11630265,10647414,25757191
Mali,2065,17825895,37111771,2769604,6132153,11693742,10743870,26367901
Mali,2066,17922001,37794565,2892267,6159991,11762010,10834934,26959631
Mali,2067,18008287,38476654,3021027,6180272,11828015,10924214,27552440
Mali,2068,18085294,39155163,3157439,6194758,11890536,11011879,28143284
Mali,2069,18154058,39826403,3303301,6205831,11948227,11097565,28728838
Mali,2070,18215081,40487795,3459945,6215665,11999416,11180933,29306862
Mali,2071,18285290,41122893,3626222,6229547,12055743,11260855,29862038
Mali,2072,18346840,41751422,3799777,6238584,12108256,11338301,30413121
Mali,2073,18399545,42373769,3979957,6244019,12155526,11413597,30960172
Mali,2074,18443230,42991165,4165318,6247049,12196181,11486719,31504446
Mali,2075,18478004,43603611,4355343,6248924,12229080,11557432,32046179
Mali,2076,18521818,44195493,4547231,6255271,12266547,11625710,32569783
Mali,2077,18557061,44784404,4740455,6258541,12298520,11690918,33093486
Mali,2078,18583367,45368963,4936165,6259011,12324356,11753416,33615547
Mali,2079,18600455,45947811,5135385,6256689,12343766,11813271,34134540
Mali,2080,18608407,46519255,5339152,6252005,12356402,11870248,34649007
Mali,2081,18627789,47066471,5543333,6253479,12374310,11924610,35141861
Mali,2082,18637029,47610355,5748252,6248373,12388656,11975905,35634450
Mali,2083,18637108,48147592,5955861,6238456,12398652,12023827,36123765
Mali,2084,18629622,48674217,6168141,6226227,12403395,12067466,36606751
Mali,2085,18615578,49187202,6386809,6213809,12401769,12106143,37081059
Mali,2086,18612207,49674403,6606456,6206021,12406186,12142068,37532335
Mali,2087,18602775,50151494,6827930,6196404,12406371,12172601,37978893
Mali,2088,18586879,50616968,7053123,6185323,12401556,12198569,38418399
Mali,2089,18563895,51069601,7283937,6172703,12391192,12220804,38848797
Mali,2090,18533821,51507778,7521991,6158874,12374947,12239658,39268120
Mali,2091,18516122,51916428,7762810,6151273,12364849,12257017,39659411
Mali,2092,18491351,52315432,8005778,6139705,12351646,12270760,40044672
Mali,2093,18460044,52702627,8252309,6125074,12334970,12281186,40421441
Mali,2094,18423175,53075680,8503539,6108648,12314527,12288196,40787484
Mali,2095,18381364,53432644,8760633,6091597,12289767,12291642,41141002
Mali,2096,18351966,53758778,9020862,6080169,12271797,12293967,41464811
Mali,2097,18317247,54074786,9281240,6065168,12252079,12292876,41781910
Mali,2098,18276973,54379458,9543219,6047033,12229940,12288769,42090689
Mali,2099,18230825,54672021,9808022,6026205,12204620,12281790,42390231
Mali,2100,18178849,54951343,10076908,6003609,12175240,12271914,42679429
Malta,1950,109000,185006,17997,47000,62000,54003,131003
Malta,1951,111591,182108,18584,49040,62551,53091,129017
Malta,1952,111992,181426,19383,47157,64835,53418,128008
Malta,1953,112739,180434,20056,44608,68131,54125,126309
Malta,1954,114627,178304,20439,42551,72076,54698,123606
Malta,1955,117397,175195,20532,41383,76014,54983,120212
Malta,1956,115490,175972,21095,37825,77665,54443,121529
Malta,1957,116003,174319,21494,37080,78923,52665,121654
Malta,1958,117887,171481,21834,38021,79866,50306,121175
Malta,1959,119879,168924,22203,39298,80581,48150,120774
Malta,1960,121316,167559,22659,39690,81626,46624,120935
Malta,1961,119437,170432,23045,38433,81004,47609,122823
Malta,1962,116836,174764,23432,37561,79275,49650,125114
Malta,1963,113505,180109,23833,36554,76951,52683,127426
Malta,1964,109770,185526,24292,35299,74471,56256,129270
Malta,1965,105838,190336,24845,33763,72075,59732,130604
Malta,1966,102631,193273,25702,32405,70226,61549,131724
Malta,1967,98888,195916,26704,30333,68555,63070,132846
Malta,1968,94966,198218,27795,27981,66985,64212,134006
Malta,1969,91376,200134,28904,25971,65405,64795,135339
Malta,1970,88432,201674,29980,24695,63737,64720,136954
Malta,1971,85519,203958,30601,22978,62541,64074,139884
Malta,1972,83942,205353,31022,22868,61074,62439,142914
Malta,1973,83213,206346,31295,23865,59348,60264,146082
Malta,1974,82610,207584,31489,25127,57483,58188,149396
Malta,1975,81798,209393,31630,26097,55701,56643,152750
Malta,1976,81416,211000,31863,27849,53567,56050,154950
Malta,1977,80523,213461,32095,28665,51858,55957,157504
Malta,1978,79503,216374,32324,28798,50705,56113,160261
Malta,1979,78973,219094,32544,28757,50216,56094,163000
Malta,1980,79177,221329,32768,28917,50260,55706,165623
Malta,1981,79845,223206,33142,29040,50805,55732,167474
Malta,1982,80934,224969,33439,29026,51908,55187,169782
Malta,1983,82256,226723,33649,28957,53299,54149,172574
Malta,1984,83498,228620,33830,28821,54677,52874,175746
Malta,1985,84486,230687,34023,28636,55850,51658,179029
Malta,1986,84966,232568,34802,28283,56683,51066,181502
Malta,1987,85306,234388,35693,28042,57264,50647,183741
Malta,1988,85473,236256,36649,27862,57611,50454,185802
Malta,1989,85460,238331,37590,27677,57783,50552,187779
Malta,1990,85278,240686,38467,27449,57829,50975,189711
Malta,1991,85094,242931,39503,27301,57793,51669,191262
Malta,1992,84672,245485,40485,27022,57650,52765,192720
Malta,1993,84093,248240,41451,26664,57429,54090,194150
Malta,1994,83485,251070,42451,26320,57165,55407,195663
Malta,1995,82921,253873,43511,26053,56868,56549,197324
Malta,1996,82157,257054,44499,25754,56403,57656,199398
Malta,1997,81499,260183,45502,25571,55928,58371,201812
Malta,1998,80855,263240,46510,25432,55423,58712,204528
Malta,1999,80050,266241,47514,25172,54878,58782,207459
Malta,2000,78974,269188,48506,24671,54303,58692,210496
Malta,2001,78140,271338,49677,24217,53923,58593,212745
Malta,2002,76869,273507,50927,23343,53526,58516,214991
Malta,2003,75291,275658,52262,22215,53076,58431,217227
Malta,2004,73657,277695,53655,21147,52510,58315,219380
Malta,2005,72144,279559,55084,20378,51766,58161,221398
Malta,2006,69754,282278,56531,19425,50329,58213,224065
Malta,2007,67739,284599,57986,19110,48629,58114,226485
Malta,2008,66037,286396,59695,19270,46767,57836,228560
Malta,2009,64499,287640,61906,19601,44898,57362,230278
Malta,2010,63072,288318,64720,19866,43206,56643,231675
Malta,2011,62630,288796,66941,20361,42269,56281,232515
Malta,2012,62192,288937,69660,20714,41478,55800,233137
Malta,2013,61839,288682,72725,20939,40900,55155,233527
Malta,2014,61656,288140,75774,21127,40529,54305,233835
Malta,2015,61634,287443,78539,21311,40323,53214,234229
Malta,2016,61863,286184,81315,21483,40380,51754,234430
Malta,2017,62160,284982,83693,21574,40586,50158,234824
Malta,2018,62519,283763,85807,21616,40903,48518,235245
Malta,2019,62909,282426,87910,21634,41275,46966,235460
Malta,2020,63301,280918,90144,21644,41657,45586,235332
Malta,2021,63671,279397,92401,21525,42146,44489,234908
Malta,2022,64085,277775,94673,21533,42552,43592,234183
Malta,2023,64470,276120,96919,21606,42864,42900,233220
Malta,2024,64739,274552,99061,21655,43084,42405,232147
Malta,2025,64851,273116,101069,21604,43247,42094,231022
Malta,2026,64999,271798,102758,21552,43447,42016,229782
Malta,2027,64968,270633,104319,21406,43562,42155,228478
Malta,2028,64772,269619,105716,21180,43592,42440,227179
Malta,2029,64479,268747,106903,20916,43563,42765,225982
Malta,2030,64117,268016,107830,20636,43481,43058,224958
Malta,2031,63737,267521,108355,20312,43425,43363,224158
Malta,2032,63298,267180,108607,20008,43290,43640,223540
Malta,2033,62794,266920,108692,19723,43071,43878,223042
Malta,2034,62219,266573,108807,19448,42771,44073,222500
Malta,2035,61571,266032,109092,19173,42398,44213,221819
Malta,2036,60930,265431,109353,18893,42037,44366,221065
Malta,2037,60256,264665,109730,18665,41591,44453,220212
Malta,2038,59554,263706,110259,18481,41073,44468,219238
Malta,2039,58847,262559,110939,18332,40515,44420,218139
Malta,2040,58154,261239,111756,18210,39944,44320,216919
Malta,2041,57565,259729,112625,18141,39424,44219,215510
Malta,2042,57009,258077,113585,18104,38905,44074,214003
Malta,2043,56503,256311,114609,18096,38407,43877,212434
Malta,2044,56054,254446,115685,18112,37942,43606,210840
Malta,2045,55666,252448,116852,18148,37518,43241,209207
Malta,2046,55440,250359,117975,18240,37200,42855,207504
Malta,2047,55270,248248,119085,18325,36945,42407,205841
Malta,2048,55148,246051,120265,18401,36747,41902,204149
Malta,2049,55070,243725,121541,18472,36598,41357,202368
Malta,2050,55031,241289,122927,18537,36494,40788,200501
Malta,2051,55111,238855,124200,18613,36498,40266,198589
Malta,2052,55214,236400,125489,18671,36543,39747,196653
Malta,2053,55333,233937,126787,18712,36621,39244,194693
Malta,2054,55451,231462,128102,18734,36717,38771,192691
Malta,2055,55545,228967,129456,18730,36815,38338,190629
Malta,2056,55680,226621,130604,18701,36979,38016,188605
Malta,2057,55794,224343,131705,18665,37129,37756,186587
Malta,2058,55866,222146,132743,18615,37251,37552,184594
Malta,2059,55882,220066,133694,18543,37339,37395,182671
Malta,2060,55832,218119,134535,18444,37388,37270,180849
Malta,2061,55814,216587,134903,18326,37488,37268,179319
Malta,2062,55736,215238,135093,18210,37526,37319,177919
Malta,2063,55593,214031,135154,18090,37503,37393,176638
Malta,2064,55378,212945,135125,17957,37421,37475,175470
Malta,2065,55097,211944,135008,17806,37291,37545,174399
Malta,2066,54867,211338,134393,17662,37205,37691,173647
Malta,2067,54583,210857,133648,17522,37061,37832,173025
Malta,2068,54258,210451,132815,17388,36870,37954,172497
Malta,2069,53890,210041,131978,17257,36633,38043,171998
Malta,2070,53489,209534,131221,17129,36360,38077,171457
Malta,2071,53167,209209,130165,17023,36144,38145,171064
Malta,2072,52834,208843,129120,16939,35895,38172,170671
Malta,2073,52499,208401,128125,16872,35627,38149,170252
Malta,2074,52151,207836,127247,16813,35338,38073,169763
Malta,2075,51798,207112,126544,16759,35039,37937,169175
Malta,2076,51559,206504,125598,16744,34815,37827,168677
Malta,2077,51339,205809,124740,16739,34600,37675,168134
Malta,2078,51127,205009,123987,16739,34388,37483,167526
Malta,2079,50924,204094,123372,16739,34185,37246,166848
Malta,2080,50720,203045,122913,16736,33984,36962,166083
Malta,2081,50641,202156,122202,16766,33875,36722,165434
Malta,2082,50577,201250,121540,16790,33787,36466,164784
Malta,2083,50523,200290,120972,16809,33714,36191,164099
Malta,2084,50464,199228,120538,16816,33648,35904,163324
Malta,2085,50392,198052,120298,16808,33584,35600,162452
Malta,2086,50408,197034,119860,16811,33597,35359,161675
Malta,2087,50419,196011,119491,16804,33615,35133,160878
Malta,2088,50418,194961,119205,16787,33631,34917,160044
Malta,2089,50393,193879,119042,16755,33638,34710,159169
Malta,2090,50326,192724,119034,16704,33622,34503,158221
Malta,2091,50321,191825,118769,16653,33668,34386,157439
Malta,2092,50297,190968,118532,16601,33696,34293,156675
Malta,2093,50236,190104,118377,16544,33692,34213,155891
Malta,2094,50129,189224,118333,16474,33655,34140,155084
Malta,2095,49971,188312,118414,16384,33587,34062,154250
Malta,2096,49872,187725,118149,16303,33569,34065,153660
Malta,2097,49740,187162,117926,16221,33519,34078,153084
Malta,2098,49562,186599,117773,16133,33429,34088,152511
Malta,2099,49348,186015,117698,16041,33307,34087,151928
Malta,2100,49099,185388,117712,15944,33155,34058,151330
Martinique,1950,83000,127398,11604,34000,49000,39000,88398
Martinique,1951,85748,127104,11568,36207,49541,39065,88039
Martinique,1952,88777,127898,11597,38120,50657,39626,88272
Martinique,1953,92003,129548,11718,39688,52315,40569,88979
Martinique,1954,95447,131787,11912,40962,54485,41731,90056
Martinique,1955,99174,134421,12081,42161,57013,43018,91403
Martinique,1956,103394,137101,12160,43607,59787,44193,92908
Martinique,1957,107474,140205,12201,44312,63162,45448,94757
Martinique,1958,111467,143465,12279,44619,66848,46713,96752
Martinique,1959,115385,146686,12419,44893,70492,47953,98733
Martinique,1960,119210,149775,12637,45437,73773,49177,100598
Martinique,1961,123122,151976,13387,46002,77120,48561,103415
Martinique,1962,127291,153641,14036,47137,80154,47935,105706
Martinique,1963,131387,155060,14507,48658,82729,47660,107400
Martinique,1964,135013,156541,14817,50070,84943,48065,108476
Martinique,1965,137875,158210,15042,50809,87066,49290,108920
Martinique,1966,137976,161905,15292,50705,87271,51830,110075
Martinique,1967,137739,165158,15607,50634,87105,54229,110929
Martinique,1968,137076,168108,15994,50337,86739,56344,111764
Martinique,1969,135987,170876,16456,49701,86286,58048,112828
Martinique,1970,134529,173520,16962,48752,85777,59350,114170
Martinique,1971,135863,172876,17594,48319,87544,58868,114008
Martinique,1972,136363,172704,18233,46937,89426,58853,113851
Martinique,1973,135896,173091,18910,44907,90989,59559,113532
Martinique,1974,134461,173972,19639,42556,91905,61117,112855
Martinique,1975,132048,175357,20433,40098,91950,63646,111711
Martinique,1976,126037,179685,21444,37200,88837,66070,113615
Martinique,1977,119544,184137,22509,34126,85418,68230,115907
Martinique,1978,112631,189045,23610,30991,81640,70180,118865
Martinique,1979,105675,194503,24751,28182,77493,71847,122656
Martinique,1980,99245,200251,25958,26365,72880,73173,127078
Martinique,1981,96693,203663,26637,26692,70001,73303,130360
Martinique,1982,94746,207281,27418,26826,67920,73113,134168
Martinique,1983,93565,210782,28258,27133,66432,72670,138112
Martinique,1984,93166,213886,29115,27713,65453,71988,141898
Martinique,1985,93345,216535,29996,28439,64906,71183,145352
Martinique,1986,92048,220849,30846,28683,63365,71489,149360
Martinique,1987,91037,225024,31702,29170,61867,71374,153650
Martinique,1988,90019,229107,32590,29727,60292,70980,158127
Martinique,1989,88890,232936,33514,30120,58770,70354,162582
Martinique,1990,87766,236213,34470,30178,57588,69494,166719
Martinique,1991,88113,237148,35639,30050,58063,66733,170415
Martinique,1992,88510,237496,36749,29633,58877,63773,173723
Martinique,1993,88591,237956,37830,29016,59575,61047,176909
Martinique,1994,88373,238926,38949,28413,59960,58913,180013
Martinique,1995,88116,240433,40183,28019,60097,57624,182809
Martinique,1996,87047,243409,41462,27721,59326,57342,186067
Martinique,1997,86960,245892,42802,27637,59323,56630,189262
Martinique,1998,87646,247864,44153,27665,59981,55340,192524
Martinique,1999,88543,249513,45491,27627,60916,53599,195914
Martinique,2000,89075,251084,46845,27411,61664,51791,199293
Martinique,2001,89298,252539,48136,27637,61661,50177,202362
Martinique,2002,88501,254464,49520,27266,61235,49620,204844
Martinique,2003,86958,256588,50962,26461,60497,50218,206370
Martinique,2004,85208,258418,52398,25570,59638,51683,206735
Martinique,2005,83609,259642,53796,24926,58683,53589,206053
Martinique,2006,81822,260594,55149,24730,57092,54027,206567
Martinique,2007,80453,260781,56343,24592,55861,53935,206846
Martinique,2008,79355,260331,57421,24506,54849,53417,206914
Martinique,2009,78324,259358,58522,24299,54025,52581,206777
Martinique,2010,77267,257857,59786,23836,53431,51576,206281
Martinique,2011,75585,256301,61323,23223,52362,50006,206295
Martinique,2012,74005,254147,63012,22280,51725,47852,206295
Martinique,2013,72523,251723,64804,21215,51308,45458,206265
Martinique,2014,71409,249121,66674,20376,51033,43183,205938
Martinique,2015,70830,246352,68660,19894,50936,41366,204986
Martinique,2016,69059,245489,70555,18573,50486,42344,203145
Martinique,2017,68243,244178,72475,18616,49627,43573,200605
Martinique,2018,67858,242696,74511,19471,48387,44949,197747
Martinique,2019,67196,241364,76760,20334,46862,46288,195076
Martinique,2020,65974,240247,79236,20712,45262,47447,192800
Martinique,2021,65440,238584,81407,21830,43610,48271,190313
Martinique,2022,64020,237441,83833,21778,42242,48946,188495
Martinique,2023,62194,236404,86465,20940,41254,49383,187021
Martinique,2024,60703,234876,89193,20027,40676,49477,185399
Martinique,2025,59882,232589,91981,19530,40352,49185,183404
Martinique,2026,58968,230314,94807,18773,40195,48612,181702
Martinique,2027,58815,227257,97589,18600,40215,47613,179644
Martinique,2028,59134,223725,100326,18867,40267,46338,177387
Martinique,2029,59409,220196,103046,19202,40207,44998,175198
Martinique,2030,59376,216949,105762,19355,40021,43741,173208
Martinique,2031,59390,214018,108083,19620,39770,42514,171504
Martinique,2032,59173,211374,110297,19724,39449,41346,170028
Martinique,2033,58797,208943,112414,19679,39118,40307,168636
Martinique,2034,58458,206526,114419,19604,38854,39462,167064
Martinique,2035,58244,204018,116326,19571,38673,38858,165160
Martinique,2036,58157,201783,117765,19602,38555,38505,163278
Martinique,2037,58127,199562,119059,19586,38541,38429,161133
Martinique,2038,58131,197423,120157,19536,38595,38520,158903
Martinique,2039,58105,195481,120986,19436,38669,38592,156889
Martinique,2040,58001,193817,121501,19283,38718,38537,155280
Martinique,2041,57872,192741,121349,19119,38753,38376,154365
Martinique,2042,57688,191948,120848,18902,38786,38077,153871
Martinique,2043,57431,191370,120102,18638,38793,37712,153658
Martinique,2044,57108,190860,119237,18355,38753,37398,153462
Martinique,2045,56705,190315,118381,18059,38646,37200,153115
Martinique,2046,56225,190093,117177,17745,38480,37103,152990
Martinique,2047,55714,189898,115876,17468,38246,37089,152809
Martinique,2048,55162,189664,114577,17219,37943,37134,152530
Martinique,2049,54560,189311,113393,16987,37573,37198,152113
Martinique,2050,53906,188758,112409,16764,37142,37251,151507
Martinique,2051,53265,188331,111267,16598,36667,37310,151021
Martinique,2052,52624,187720,110288,16454,36170,37361,150359
Martinique,2053,51981,187017,109382,16323,35658,37381,149636
Martinique,2054,51353,186401,108382,16207,35146,37349,149052
Martinique,2055,50735,185954,107209,16101,34634,37255,148699
Martinique,2056,50217,185918,105546,16083,34134,37094,148824
Martinique,2057,49735,186140,103631,16036,33699,36871,149269
Martinique,2058,49291,186396,101665,15969,33322,36584,149812
Martinique,2059,48898,186395,99968,15902,32996,36241,150154
Martinique,2060,48536,185893,98776,15847,32689,35845,150048
Martinique,2061,48246,185235,97725,15835,32411,35408,149827
Martinique,2062,48020,184215,97036,15816,32204,34929,149286
Martinique,2063,47836,182874,96686,15790,32046,34419,148455
Martinique,2064,47664,181344,96588,15751,31913,33914,147430
Martinique,2065,47492,179696,96671,15707,31785,33431,146265
Martinique,2066,47356,178222,96622,15685,31671,32986,145236
Martinique,2067,47240,176727,96650,15650,31590,32570,144157
Martinique,2068,47130,175176,96799,15602,31528,32198,142978
Martinique,2069,47007,173486,97154,15535,31472,31863,141623
Martinique,2070,46853,171618,97782,15451,31402,31569,140049
Martinique,2071,46726,169914,98275,15387,31339,31333,138581
Martinique,2072,46580,168121,98938,15298,31282,31148,136973
Martinique,2073,46399,166290,99715,15184,31215,30993,135297
Martinique,2074,46183,164590,100443,15051,31132,30858,133732
Martinique,2075,45927,163159,100978,14906,31021,30743,132416
Martinique,2076,45683,162318,100937,14778,30905,30672,131646
Martinique,2077,45412,161757,100681,14639,30773,30605,131152
Martinique,2078,45110,161332,100339,14495,30615,30542,130790
Martinique,2079,44780,160843,100092,14346,30434,30484,130359
Martinique,2080,44426,160176,100057,14198,30228,30430,129746
Martinique,2081,44071,159570,99963,14071,30000,30387,129183
Martinique,2082,43706,158786,100059,13947,29759,30332,128454
Martinique,2083,43343,157923,100227,13832,29511,30273,127650
Martinique,2084,42979,157066,100379,13722,29257,30207,126859
Martinique,2085,42601,156194,100533,13617,28984,30112,126082
Martinique,2086,42286,155654,100291,13558,28728,30033,125621
Martinique,2087,41979,155134,99992,13500,28479,29929,125205
Martinique,2088,41659,154496,99813,13433,28226,29781,124715
Martinique,2089,41319,153715,99796,13360,27959,29593,124122
Martinique,2090,40994,152837,99853,13291,27703,29381,123456
Martinique,2091,40745,152190,99615,13268,27477,29179,123011
Martinique,2092,40497,151435,99478,13227,27270,28943,122492
Martinique,2093,40272,150646,99344,13179,27093,28694,121952
Martinique,2094,40078,149832,99188,13134,26944,28447,121385
Martinique,2095,39892,148930,99094,13090,26802,28195,120735
Martinique,2096,39745,148151,98821,13069,26676,27954,120197
Martinique,2097,39620,147342,98526,13043,26577,27716,119626
Martinique,2098,39496,146443,98296,13008,26488,27472,118971
Martinique,2099,39353,145395,98206,12957,26396,27223,118172
Martinique,2100,39171,144202,98290,12887,26284,26973,117229
Mauritania,1950,289174,361856,9461,116342,172832,131580,230276
Mauritania,1951,296184,369353,10059,119906,176278,133721,235632
Mauritania,1952,303308,377840,10663,123235,180073,136267,241573
Mauritania,1953,310649,387176,11272,126602,184047,139151,248025
Mauritania,1954,318431,397119,11887,130460,187971,142262,254857
Mauritania,1955,326773,407516,12515,135200,191573,145546,261970
Mauritania,1956,337595,416245,13322,141049,196546,148100,268145
Mauritania,1957,348571,425801,14134,146416,202155,151025,274776
Mauritania,1958,359758,436087,14956,151498,208260,154270,281817
Mauritania,1959,371188,447041,15794,156504,214684,157772,289269
Mauritania,1960,382870,458646,16652,161765,221105,161518,297128
Mauritania,1961,397066,468473,17682,168110,228956,164470,304003
Mauritania,1962,410942,479494,18738,173091,237851,167851,311643
Mauritania,1963,424690,491517,19809,177274,247416,171647,319870
Mauritania,1964,438504,504341,20902,181374,257130,175882,328459
Mauritania,1965,452433,517925,22009,186047,266386,180619,337306
Mauritania,1966,468074,530531,23277,191231,276843,185117,345414
Mauritania,1967,483621,544122,24543,196188,287433,190180,353942
Mauritania,1968,499008,558760,25815,201150,297858,195897,362863
Mauritania,1969,514087,574600,27101,206257,307830,202415,372185
Mauritania,1970,528794,591702,28412,211736,317058,209820,381882
Mauritania,1971,545512,607578,29864,218241,327271,217198,390380
Mauritania,1972,561665,624959,31317,224150,337515,225561,399398
Mauritania,1973,577411,643692,32771,229742,347669,234702,408990
Mauritania,1974,592974,663573,34243,235362,357612,244351,419222
Mauritania,1975,608480,684481,35725,241395,367085,254346,430135
Mauritania,1976,626277,703926,37360,248617,377660,263517,440409
Mauritania,1977,643673,724778,38985,254926,388747,273176,451602
Mauritania,1978,660886,746916,40612,260776,400110,283194,463722
Mauritania,1979,678164,770195,42244,266731,411433,293397,476798
Mauritania,1980,695649,794552,43884,273370,422279,303699,490853
Mauritania,1981,715718,817471,45749,281246,434472,312872,504599
Mauritania,1982,735839,841685,47600,288696,447143,322232,519453
Mauritania,1983,755996,867052,49448,296001,459995,331834,535218
Mauritania,1984,776076,893443,51293,303383,472693,341772,551671
Mauritania,1985,796015,920779,53148,311132,484883,352112,568667
Mauritania,1986,818827,945936,55191,320319,498508,361239,584697
Mauritania,1987,841450,972331,57197,328809,512641,370987,601344
Mauritania,1988,863913,999912,59177,336885,527028,381369,618543
Mauritania,1989,886257,1028626,61147,344837,541420,392351,636275
Mauritania,1990,908520,1058499,63121,353026,555494,403930,654569
Mauritania,1991,932568,1087350,65284,362163,570405,414462,672888
Mauritania,1992,956274,1117759,67412,370323,585951,425695,692064
Mauritania,1993,980150,1150097,69544,378116,602034,437786,712311
Mauritania,1994,1004896,1184799,71708,386352,618544,450867,733932
Mauritania,1995,1030986,1222160,73929,395770,635216,465024,757136
Mauritania,1996,1057230,1263771,76244,405332,651898,480097,783674
Mauritania,1997,1084591,1308427,78580,415313,669278,495798,812629
Mauritania,1998,1112708,1355584,80931,425721,686987,511906,843678
Mauritania,1999,1140921,1404597,83285,436338,704583,528194,876403
Mauritania,2000,1168743,1454984,85632,447058,721685,544509,910475
Mauritania,2001,1199010,1503511,88208,458926,740084,560269,943242
Mauritania,2002,1228697,1553814,90717,469922,758775,576277,977537
Mauritania,2003,1258095,1605831,93191,480436,777659,592487,1013344
Mauritania,2004,1287658,1659510,95655,491063,796595,608864,1050646
Mauritania,2005,1317704,1714877,98139,502390,815314,625434,1089443
Mauritania,2006,1350322,1769431,100900,514857,835465,641787,1127644
Mauritania,2007,1383074,1825965,103626,526951,856123,658421,1167544
Mauritania,2008,1416383,1884782,106376,539113,877270,675455,1209327
Mauritania,2009,1450801,1946294,109193,551926,898875,693042,1253252
Mauritania,2010,1486718,2010692,112133,565967,920751,711293,1299399
Mauritania,2011,1524959,2077330,115383,581069,943890,730790,1346540
Mauritania,2012,1564318,2147223,118698,596372,967946,750766,1396457
Mauritania,2013,1604343,2219684,122143,611672,992671,770961,1448723
Mauritania,2014,1644128,2294015,125777,626390,1017738,791178,1502837
Mauritania,2015,1682936,2369744,129661,640167,1042769,811324,1558420
Mauritania,2016,1724905,2442002,134111,655111,1069794,831324,1610678
Mauritania,2017,1764881,2516587,138716,667225,1097656,851805,1664782
Mauritania,2018,1803339,2593157,143572,677384,1125955,872685,1720472
Mauritania,2019,1841011,2671336,148802,686950,1154061,893911,1777425
Mauritania,2020,1878221,2751034,154512,696985,1181236,915534,1835500
Mauritania,2021,1916629,2830209,161073,706776,1209853,938131,1892078
Mauritania,2022,1954608,2910847,167923,717326,1237282,961102,1949745
Mauritania,2023,1991656,2993327,175089,728420,1263236,984615,2008712
Mauritania,2024,2027029,3078269,182579,739434,1287595,1008985,2069284
Mauritania,2025,2060408,3165884,190419,750001,1310407,1034337,2131547
Mauritania,2026,2095769,3251979,198771,761774,1333995,1060460,2191519
Mauritania,2027,2128966,3341068,207305,772377,1356589,1087622,2253446
Mauritania,2028,2160454,3432681,216116,782153,1378301,1115378,2317303
Mauritania,2029,2191010,3526039,225285,791757,1399253,1143057,2382982
Mauritania,2030,2221120,3620649,234899,801765,1419355,1170220,2450429
Mauritania,2031,2254020,3713271,244955,813081,1440939,1197065,2516206
Mauritania,2032,2286160,3807660,255221,823793,1462367,1223507,2584153
Mauritania,2033,2317649,3903536,265830,834177,1483472,1249309,2654227
Mauritania,2034,2348476,4000729,276913,844449,1504027,1274232,2726497
Mauritania,2035,2378662,4099065,288602,854893,1523769,1298155,2800910
Mauritania,2036,2411932,4194893,300773,866705,1545227,1321291,2873602
Mauritania,2037,2444338,4292321,313242,877725,1566613,1343463,2948858
Mauritania,2038,2475979,4391097,326100,888201,1587778,1364860,3026237
Mauritania,2039,2506924,4491009,339429,898401,1608523,1385834,3105175
Mauritania,2040,2537192,4591903,353313,908626,1628566,1406646,3185257
Mauritania,2041,2570659,4689967,367623,920161,1650498,1427601,3262366
Mauritania,2042,2603048,4789640,382138,930649,1672399,1448538,3341102
Mauritania,2043,2634435,4890654,396979,940387,1694048,1469411,3421243
Mauritania,2044,2664873,4992789,412234,949716,1715157,1490136,3502653
Mauritania,2045,2694367,5095853,428008,958987,1735380,1510692,3585161
Mauritania,2046,2726786,5195976,444248,969361,1757425,1531589,3664387
Mauritania,2047,2757900,5297695,460580,978780,1779120,1552502,3745193
Mauritania,2048,2787728,5400752,477145,987496,1800232,1573411,3827341
Mauritania,2049,2816261,5504906,494094,995763,1820498,1594297,3910609
Mauritania,2050,2843493,5609952,511555,1003867,1839626,1615151,3994801
Mauritania,2051,2873459,5711712,529604,1013051,1860408,1636473,4075239
Mauritania,2052,2901808,5815052,547671,1021256,1880552,1657868,4157184
Mauritania,2053,2928630,5919711,565884,1028753,1899877,1679243,4240468
Mauritania,2054,2954047,6025459,584325,1035853,1918194,1700468,4324991
Mauritania,2055,2978136,6132063,603122,1042870,1935266,1721468,4410595
Mauritania,2056,3004939,6235027,622661,1051023,1953916,1742756,4492271
Mauritania,2057,3030180,6339504,642014,1058344,1971836,1763887,4575617
Mauritania,2058,3053947,6445163,661387,1065066,1988881,1784749,4660414
Mauritania,2059,3076338,6551680,680952,1071436,2004902,1805210,4746470
Mauritania,2060,3097441,6658760,700885,1077732,2019709,1825184,4833576
Mauritania,2061,3121456,6761488,721841,1085306,2036150,1845198,4916290
Mauritania,2062,3143950,6865481,742594,1091984,2051966,1864789,5000692
Mauritania,2063,3165037,6970364,763354,1098009,2067028,1883892,5086472
Mauritania,2064,3184840,7075786,784313,1103649,2081191,1902434,5173352
Mauritania,2065,3203444,7181423,805658,1109197,2094247,1920374,5261049
Mauritania,2066,3225060,7281965,828446,1116042,2109018,1938263,5343702
Mauritania,2067,3245211,7383523,850993,1121919,2123292,1955641,5427882
Mauritania,2068,3264007,7485614,873623,1127094,2136913,1972486,5513128
Mauritania,2069,3281534,7587788,896636,1131847,2149687,1988776,5599012
Mauritania,2070,3297858,7689671,920313,1136484,2161374,2004511,5685160
Mauritania,2071,3317071,7785720,946033,1142310,2174761,2020295,5765425
Mauritania,2072,3334833,7882445,971596,1147219,2187614,2035624,5846821
Mauritania,2073,3351228,7979311,997393,1151466,2199762,2050498,5928813
Mauritania,2074,3366345,8075773,1023857,1155336,2211009,2064921,6010852
Mauritania,2075,3380245,8171389,1051297,1159118,2221127,2078895,6092494
Mauritania,2076,3396912,8260490,1081361,1164029,2232883,2093082,6167408
Mauritania,2077,3412170,8349772,1111462,1168176,2243994,2106910,6242862
Mauritania,2078,3426074,8439093,1141668,1171747,2254327,2120355,6318738
Mauritania,2079,3438690,8528438,1171901,1174945,2263745,2133381,6395057
Mauritania,2080,3450067,8617661,1202221,1177999,2272068,2145956,6471705
Mauritania,2081,3464292,8700771,1234498,1182272,2282020,2158746,6542025
Mauritania,2082,3477079,8784805,1265916,1185680,2291399,2171176,6613629
Mauritania,2083,3488437,8869285,1296793,1188368,2300069,2183187,6686098
Mauritania,2084,3498310,8953787,1327418,1190428,2307882,2194707,6759080
Mauritania,2085,3506651,9037947,1358063,1192020,2314631,2205692,6832255
Mauritania,2086,3517643,9115574,1390663,1194707,2322936,2216806,6898768
Mauritania,2087,3526698,9194203,1422258,1195976,2330722,2227503,6966700
Mauritania,2088,3534059,9273292,1453163,1196268,2337791,2237749,7035543
Mauritania,2089,3540062,9352290,1483665,1196190,2343872,2247495,7104795
Mauritania,2090,3544912,9430749,1514016,1196243,2348669,2256708,7174041
Mauritania,2091,3551765,9503063,1546689,1196961,2354804,2266235,7236828
Mauritania,2092,3557583,9575787,1578100,1197679,2359904,2275217,7300570
Mauritania,2093,3562203,9648604,1608685,1198355,2363848,2283704,7364900
Mauritania,2094,3565357,9721318,1638836,1198759,2366598,2291769,7429549
Mauritania,2095,3566882,9793691,1668925,1198703,2368179,2299440,7494251
Mauritania,2096,3570997,9858367,1702056,1200021,2370976,2307171,7551196
Mauritania,2097,3573258,9924029,1733991,1200045,2373213,2314605,7609424
Mauritania,2098,3573748,9990187,1765172,1198849,2374899,2321639,7668548
Mauritania,2099,3572924,10056077,1795968,1196952,2375972,2328046,7728031
Mauritania,2100,3571355,10120913,1826685,1195193,2376162,2333634,7787279
Mauritius,1950,222726,255887,14642,89054,133672,94407,161480
Mauritius,1951,229206,262405,14822,91565,137641,96852,165553
Mauritius,1952,236715,269508,14965,94697,142018,99416,170092
Mauritius,1953,245161,276833,15053,98612,146549,101964,174869
Mauritius,1954,254023,284515,15088,102807,151216,104594,179921
Mauritius,1955,262863,292709,15076,106873,155990,107450,185259
Mauritius,1956,272040,300522,15390,111270,160770,110346,190176
Mauritius,1957,280839,308971,15677,114651,166188,113476,195495
Mauritius,1958,289460,317882,15934,117252,172208,116738,201144
Mauritius,1959,298303,326967,16158,119712,178591,120021,206946
Mauritius,1960,307606,336074,16343,122635,184971,123321,212753
Mauritius,1961,316848,345311,16886,125538,191310,126970,218341
Mauritius,1962,326561,354370,17372,129052,197509,130542,223828
Mauritius,1963,336072,363530,17813,132534,203538,134147,229383
Mauritius,1964,344261,373364,18235,134795,209466,138042,235322
Mauritius,1965,350417,384216,18652,135121,215296,142421,241795
Mauritius,1966,356251,394125,19177,135837,220414,146371,247754
Mauritius,1967,359379,405666,19735,132605,226774,150740,254926
Mauritius,1968,360648,418188,20300,126744,233904,155253,262935
Mauritius,1969,361281,430829,20836,120450,240831,159714,271115
Mauritius,1970,361761,443368,21312,115326,246435,164260,279108
Mauritius,1971,359196,458314,22088,108670,250526,169567,288747
Mauritius,1972,357852,471768,22780,104880,252972,173765,298003
Mauritius,1973,357143,484598,23428,103268,253875,177178,307420
Mauritius,1974,355961,498300,24094,102567,253394,180757,317543
Mauritius,1975,353850,513609,24752,102185,251665,185346,328263
Mauritius,1976,349183,531279,26467,104751,244432,193247,338032
Mauritius,1977,345075,548887,28358,106412,238663,200196,348691
Mauritius,1978,342759,564596,30466,107480,235279,204806,359790
Mauritius,1979,342765,577093,32730,108357,234408,206327,370766
Mauritius,1980,344121,586815,35095,108901,235220,205384,381431
Mauritius,1981,341773,599786,36510,108373,233400,208991,390795
Mauritius,1982,338615,612476,37801,107911,230704,212732,399744
Mauritius,1983,334642,624952,39037,107191,227451,216480,408472
Mauritius,1984,330000,637194,40307,105943,224057,219939,417255
Mauritius,1985,325033,649061,41668,104341,220692,222849,426212
Mauritius,1986,320802,659217,43260,103612,217190,224034,435183
Mauritius,1987,315986,669263,44929,101719,214267,224772,444491
Mauritius,1988,311287,679356,46617,99421,211866,225099,454257
Mauritius,1989,307760,689602,48230,97955,209805,224985,464617
Mauritius,1990,306050,700092,49726,98180,207870,224426,475666
Mauritius,1991,304270,712512,51657,98266,206004,223618,488894
Mauritius,1992,305159,724372,53425,101094,204065,221832,502540
Mauritius,1993,307612,735865,55115,105508,202104,219431,516434
Mauritius,1994,309695,747589,56853,109328,200367,217020,530569
Mauritius,1995,310203,759764,58706,111011,199192,214934,544830
Mauritius,1996,312405,767963,61580,113881,198524,211650,556313
Mauritius,1997,311381,778168,64591,112102,199279,210723,567445
Mauritius,1998,308633,789105,67545,107183,201450,211458,577647
Mauritius,1999,306290,798999,70285,101976,204314,212581,586418
Mauritius,2000,305249,807114,72782,98583,206666,213015,594099
Mauritius,2001,303057,816218,74642,93782,209275,210173,606045
Mauritius,2002,303331,822200,76281,92657,210674,205222,616978
Mauritius,2003,304623,826624,77747,94034,210589,199495,627129
Mauritius,2004,304601,831948,79128,95402,209199,194911,637037
Mauritius,2005,302162,839330,80511,95009,207153,192557,646773
Mauritius,2006,299341,845977,82780,95631,203710,191642,654335
Mauritius,2007,293830,854867,85214,93396,200434,192847,662020
Mauritius,2008,286719,864611,87963,89089,197630,195342,669269
Mauritius,2009,279808,872993,91223,84472,195336,197777,675216
Mauritius,2010,273862,878907,95186,80784,193078,199337,679570
Mauritius,2011,266543,884242,100238,76486,190057,200261,683981
Mauritius,2012,260414,887134,105823,73535,186879,200419,686715
Mauritius,2013,255178,888241,111871,71710,183468,199878,688363
Mauritius,2014,249972,888877,118370,70320,179652,198915,689962
Mauritius,2015,244338,889751,125367,68947,175391,197692,692059
Mauritius,2016,238654,891702,131776,68108,170546,196713,694989
Mauritius,2017,232627,894037,138474,67437,165190,195156,698881
Mauritius,2018,226488,896457,145370,66856,159632,193173,703284
Mauritius,2019,220714,898355,152299,66420,154294,190986,707369
Mauritius,2020,215591,899339,159184,66181,149410,188727,710612
Mauritius,2021,211818,898789,165868,66719,145099,186415,712374
Mauritius,2022,208336,897833,172359,66777,141559,184192,713641
Mauritius,2023,205340,896123,178850,66563,138777,181767,714356
Mauritius,2024,202944,893325,185613,66334,136610,178698,714627
Mauritius,2025,201153,889324,192796,66288,134865,174751,714573
Mauritius,2026,199937,884330,200235,66264,133673,170204,714126
Mauritius,2027,199317,878282,207908,66374,132943,164878,713404
Mauritius,2028,199118,871619,215538,66565,132553,159172,712447
Mauritius,2029,199031,865026,222703,66683,132348,153714,711312
Mauritius,2030,198854,858913,229167,66618,132236,148906,710007
Mauritius,2031,198840,853166,234772,66499,132341,144823,708343
Mauritius,2032,198672,847929,239701,66197,132475,141394,706535
Mauritius,2033,198321,843123,244031,65727,132594,138590,704533
Mauritius,2034,197826,838607,247840,65148,132678,136302,702305
Mauritius,2035,197184,834286,251231,64492,132692,134453,699833
Mauritius,2036,196427,830343,253970,63693,132734,133204,697139
Mauritius,2037,195502,826820,256074,62909,132593,132451,694369
Mauritius,2038,194367,823304,258013,62126,132241,132083,691221
Mauritius,2039,192981,819202,260429,61306,131675,131934,687268
Mauritius,2040,191343,814165,263692,60426,130917,131868,682297
Mauritius,2041,189580,808209,267659,59508,130072,131967,676242
Mauritius,2042,187627,801439,272323,58626,129001,132107,669332
Mauritius,2043,185503,794354,277181,57775,127728,132246,662108
Mauritius,2044,183262,787713,281457,56966,126296,132344,655369
Mauritius,2045,180952,781898,284748,56204,124748,132355,649543
Mauritius,2046,178721,776632,287219,55530,123191,132322,644310
Mauritius,2047,176493,772139,288720,54938,121555,132158,639981
Mauritius,2048,174293,768127,289575,54425,119868,131839,636288
Mauritius,2049,172153,764138,290250,53986,118167,131331,632807
Mauritius,2050,170104,759854,291072,53624,116480,130610,629244
Mauritius,2051,168345,755152,291992,53428,114917,129735,625417
Mauritius,2052,166717,750440,292762,53271,113446,128660,621780
Mauritius,2053,165229,745399,293721,53148,112081,127400,617999
Mauritius,2054,163889,739631,295253,53055,110834,125997,613634
Mauritius,2055,162691,732919,297602,52991,109700,124482,608437
Mauritius,2056,161813,725094,300764,53060,108753,122914,602180
Mauritius,2057,161056,716488,304607,53073,107983,121268,595220
Mauritius,2058,160420,707475,308758,53044,107376,119587,587888
Mauritius,2059,159883,698616,312662,52986,106897,117905,580711
Mauritius,2060,159401,690219,316050,52903,106498,116257,573962
Mauritius,2061,159086,682257,318820,52834,106252,114723,567534
Mauritius,2062,158815,674957,320895,52714,106101,113263,561694
Mauritius,2063,158537,667972,322638,52540,105997,111892,556080
Mauritius,2064,158218,660829,324556,52314,105904,110634,550195
Mauritius,2065,157823,653284,326915,52037,105786,109506,543778
Mauritius,2066,157460,645678,329265,51720,105740,108615,537063
Mauritius,2067,157021,637891,331807,51386,105635,107868,530023
Mauritius,2068,156487,630131,334378,51029,105458,107253,522878
Mauritius,2069,155830,622745,336632,50637,105193,106745,516000
Mauritius,2070,155047,615953,338336,50207,104840,106330,509623
Mauritius,2071,154248,609900,339256,49756,104492,106081,503819
Mauritius,2072,153356,604491,339548,49314,104042,105925,498566
Mauritius,2073,152375,599695,339241,48877,103498,105832,493863
Mauritius,2074,151317,595379,338472,48447,102870,105755,489624
Mauritius,2075,150169,591326,337471,48016,102153,105634,485692
Mauritius,2076,149107,587924,335673,47630,101477,105579,482345
Mauritius,2077,148015,584969,333402,47281,100734,105490,479479
Mauritius,2078,146877,582198,330951,46955,99922,105326,476872
Mauritius,2079,145694,579387,328572,46645,99049,105068,474319
Mauritius,2080,144489,576411,326360,46348,98141,104700,471711
Mauritius,2081,143510,573785,323585,46159,97351,104360,469425
Mauritius,2082,142539,571079,320880,45979,96560,103919,467160
Mauritius,2083,141593,568247,318298,45810,95783,103377,464870
Mauritius,2084,140675,565264,315872,45649,95026,102747,462517
Mauritius,2085,139788,562070,313650,45500,94288,102027,460043
Mauritius,2086,139112,558944,311211,45438,93674,101317,457627
Mauritius,2087,138486,555741,308845,45360,93126,100547,455194
Mauritius,2088,137916,552465,306563,45275,92641,99738,452727
Mauritius,2089,137382,549055,304460,45178,92204,98902,450153
Mauritius,2090,136845,545365,302718,45067,91778,98030,447335
Mauritius,2091,136479,541803,300774,45000,91479,97241,444562
Mauritius,2092,136135,538229,298910,44906,91229,96465,441764
Mauritius,2093,135780,534531,297302,44779,91001,95695,438836
Mauritius,2094,135385,530666,296016,44621,90764,94933,435733
Mauritius,2095,134935,526657,295044,44433,90502,94190,432467
Mauritius,2096,134596,523034,293717,44258,90338,93598,429436
Mauritius,2097,134223,519429,292542,44070,90153,93049,426380
Mauritius,2098,133818,515880,291490,43874,89944,92550,423330
Mauritius,2099,133374,512439,290526,43664,89710,92099,420340
Mauritius,2100,132856,509089,289711,43416,89440,91692,417397
Mayotte,1950,4780,8759,1602,1994,2786,1910,6849
Mayotte,1951,5216,8976,1536,2172,3044,2045,6931
Mayotte,1952,5723,9235,1485,2407,3316,2204,7031
Mayotte,1953,6247,9561,1441,2650,3597,2391,7170
Mayotte,1954,6765,9935,1394,2879,3886,2596,7339
Mayotte,1955,7267,10357,1361,3093,4174,2823,7534
Mayotte,1956,7828,10694,1379,3357,4471,3028,7666
Mayotte,1957,8356,11084,1400,3562,4794,3255,7829
Mayotte,1958,8883,11522,1427,3743,5140,3500,8022
Mayotte,1959,9439,11995,1448,3933,5506,3754,8241
Mayotte,1960,10044,12500,1471,4162,5882,4020,8480
Mayotte,1961,10708,13012,1521,4404,6304,4278,8734
Mayotte,1962,11428,13539,1568,4695,6733,4542,8997
Mayotte,1963,12174,14091,1614,5020,7154,4813,9278
Mayotte,1964,12903,14662,1654,5345,7558,5090,9572
Mayotte,1965,13585,15249,1692,5647,7938,5373,9876
Mayotte,1966,14313,15728,1742,6014,8299,5603,10125
Mayotte,1967,15011,16210,1789,6345,8666,5832,10378
Mayotte,1968,15708,16712,1831,6656,9052,6069,10643
Mayotte,1969,16442,17244,1868,6973,9469,6314,10930
Mayotte,1970,17250,17817,1902,7323,9927,6573,11244
Mayotte,1971,18162,18411,1940,7714,10448,6840,11571
Mayotte,1972,19152,19072,1972,8125,11027,7132,11940
Mayotte,1973,20197,19762,1996,8558,11639,7439,12323
Mayotte,1974,21246,20461,2027,8984,12262,7747,12714
Mayotte,1975,22253,21175,2055,9367,12886,8062,13113
Mayotte,1976,23194,21888,2104,9668,13526,8381,13507
Mayotte,1977,24110,22630,2152,9986,14124,8707,13923
Mayotte,1978,25030,23465,2203,10321,14709,9071,14394
Mayotte,1979,26012,24485,2249,10715,15297,9515,14970
Mayotte,1980,27126,25724,2287,11229,15897,10063,15661
Mayotte,1981,28537,27063,2307,11887,16650,10673,16390
Mayotte,1982,30018,28692,2329,12490,17528,11415,17277
Mayotte,1983,31600,30538,2353,13095,18505,12249,18289
Mayotte,1984,33298,32506,2397,13749,19549,13124,19382
Mayotte,1985,35107,34551,2446,14485,20622,14002,20549
Mayotte,1986,37081,36595,2508,15240,21841,14862,21733
Mayotte,1987,39137,38731,2580,16016,23121,15738,22993
Mayotte,1988,41250,41027,2669,16794,24456,16653,24374
Mayotte,1989,43370,43568,2769,17512,25858,17646,25922
Mayotte,1990,45473,46425,2886,18154,27319,18740,27685
Mayotte,1991,47849,49304,3013,18901,28948,19836,29468
Mayotte,1992,50053,52611,3163,19286,30767,21075,31536
Mayotte,1993,52123,56190,3330,19460,32663,22414,33776
Mayotte,1994,54144,59812,3506,19671,34473,23773,36039
Mayotte,1995,56139,63355,3687,20080,36059,25108,38247
Mayotte,1996,57990,66899,3869,20401,37589,26442,40457
Mayotte,1997,60047,70128,4041,21306,38741,27650,42478
Mayotte,1998,62178,73196,4205,22595,39583,28794,44402
Mayotte,1999,64200,76356,4384,23920,40280,29968,46388
Mayotte,2000,66032,79723,4576,25023,41009,31213,48510
Mayotte,2001,68098,82891,4765,26391,41707,32261,50630
Mayotte,2002,69913,86324,4968,27390,42523,33418,52906
Mayotte,2003,71606,89931,5184,28116,43490,34647,55284
Mayotte,2004,73444,93484,5411,28826,44618,35819,57665
Mayotte,2005,75587,96859,5652,29709,45878,36855,60004
Mayotte,2006,78108,99993,5930,30658,47450,37538,62455
Mayotte,2007,80984,102898,6216,31819,49165,38115,64783
Mayotte,2008,84037,105727,6515,33084,50953,38677,67050
Mayotte,2009,86976,108704,6823,34194,52782,39332,69372
Mayotte,2010,89628,111935,7155,34972,54656,40116,71819
Mayotte,2011,92267,115180,7476,35735,56532,40295,74885
Mayotte,2012,94514,118788,7820,35942,58572,40663,78125
Mayotte,2013,96438,122717,8196,35767,60671,41345,81372
Mayotte,2014,98237,126811,8590,35520,62717,42384,84427
Mayotte,2015,100037,130963,9020,35418,64619,43755,87208
Mayotte,2016,101354,135662,9473,34949,66405,45814,89848
Mayotte,2017,102818,140284,9943,34963,67855,47935,92349
Mayotte,2018,104281,144963,10438,35322,68959,50104,94859
Mayotte,2019,105520,149899,10961,35766,69754,52313,97586
Mayotte,2020,106439,155159,11512,36105,70334,54527,100632
Mayotte,2021,107299,160525,12050,36575,70724,56681,103844
Mayotte,2022,107885,166184,12620,36933,70952,58805,107379
Mayotte,2023,108302,172030,13222,37203,71099,60854,111176
Mayotte,2024,108746,177878,13869,37488,71258,62764,115114
Mayotte,2025,109333,183620,14565,37860,71473,64485,119135
Mayotte,2026,110112,189241,15270,38350,71762,66031,123210
Mayotte,2027,110998,194779,16022,38825,72173,67403,127376
Mayotte,2028,111997,200234,16835,39305,72692,68570,131664
Mayotte,2029,113068,205630,17698,39783,73285,69508,136122
Mayotte,2030,114185,210995,18629,40264,73921,70205,140790
Mayotte,2031,115413,216303,19562,40777,74636,70689,145614
Mayotte,2032,116694,221569,20558,41265,75429,70944,150625
Mayotte,2033,118012,226782,21624,41728,76284,71053,155729
Mayotte,2034,119336,231928,22796,42161,77175,71159,160769
Mayotte,2035,120643,237014,24082,42561,78082,71359,165655
Mayotte,2036,121983,242057,25390,42946,79037,71671,170386
Mayotte,2037,123283,247065,26800,43285,79998,72088,174977
Mayotte,2038,124534,252038,28304,43578,80956,72600,179438
Mayotte,2039,125721,256976,29910,43833,81888,73183,183793
Mayotte,2040,126830,261886,31614,44047,82783,73814,188072
Mayotte,2041,127899,266840,33293,44222,83677,74545,192295
Mayotte,2042,128883,271775,35055,44376,84507,75340,196435
Mayotte,2043,129772,276717,36879,44501,85271,76190,200527
Mayotte,2044,130547,281703,38735,44591,85956,77077,204626
Mayotte,2045,131204,286739,40600,44638,86566,77978,208761
Mayotte,2046,131815,291924,42320,44664,87151,78939,212985
Mayotte,2047,132313,297169,44027,44662,87651,79905,217264
Mayotte,2048,132696,302458,45743,44634,88062,80865,221593
Mayotte,2049,132982,307757,47496,44589,88393,81798,225959
Mayotte,2050,133176,313022,49300,44530,88646,82686,230336
Mayotte,2051,133356,318378,50968,44471,88885,83572,234806
Mayotte,2052,133471,323692,52673,44423,89048,84402,239290
Mayotte,2053,133515,328968,54425,44377,89138,85169,243799
Mayotte,2054,133485,334229,56196,44325,89160,85861,248368
Mayotte,2055,133401,339469,57984,44270,89131,86474,252995
Mayotte,2056,133372,344812,59545,44251,89121,87058,257754
Mayotte,2057,133301,350126,61106,44228,89073,87559,262567
Mayotte,2058,133191,355327,62754,44196,88995,87974,267353
Mayotte,2059,133044,360276,64606,44155,88889,88308,271968
Mayotte,2060,132871,364906,66748,44106,88765,88561,276345
Mayotte,2061,132792,369371,68875,44101,88691,88793,280578
Mayotte,2062,132689,373524,71261,44071,88618,88955,284569
Mayotte,2063,132557,377387,73885,44019,88538,89045,288342
Mayotte,2064,132401,381007,76688,43952,88449,89077,291930
Mayotte,2065,132222,384417,79658,43878,88344,89052,295365
Mayotte,2066,132124,387813,82468,43828,88296,89046,298767
Mayotte,2067,132008,391043,85379,43769,88239,89001,302042
Mayotte,2068,131867,394045,88449,43700,88167,88921,305124
Mayotte,2069,131686,396759,91756,43611,88075,88815,307944
Mayotte,2070,131449,399135,95368,43495,87954,88693,310442
Mayotte,2071,131282,401432,98883,43399,87883,88626,312806
Mayotte,2072,131069,403471,102606,43277,87792,88556,314915
Mayotte,2073,130807,405304,106484,43129,87678,88480,316824
Mayotte,2074,130497,407014,110426,42964,87533,88390,318624
Mayotte,2075,130127,408641,114402,42780,87347,88278,320363
Mayotte,2076,129821,410529,117956,42612,87209,88237,322292
Mayotte,2077,129482,412389,121449,42443,87039,88184,324205
Mayotte,2078,129090,414200,124938,42268,86822,88117,326083
Mayotte,2079,128643,415888,128495,42081,86562,88022,327866
Mayotte,2080,128123,417419,132149,41874,86249,87895,329524
Mayotte,2081,127706,419211,135339,41706,86000,87838,331373
Mayotte,2082,127239,420909,138542,41526,85713,87754,333155
Mayotte,2083,126728,422490,141796,41340,85388,87643,334847
Mayotte,2084,126172,423891,145132,41145,85027,87490,336401
Mayotte,2085,125574,425078,148605,40940,84634,87293,337785
Mayotte,2086,125103,426539,151539,40785,84318,87165,339374
Mayotte,2087,124598,427825,154543,40620,83978,86997,340828
Mayotte,2088,124056,428885,157682,40445,83611,86780,342105
Mayotte,2089,123483,429705,160963,40267,83216,86512,343193
Mayotte,2090,122877,430280,164383,40083,82794,86201,344079
Mayotte,2091,122413,431097,167284,39950,82463,85954,345143
Mayotte,2092,121934,431702,170276,39817,82117,85663,346039
Mayotte,2093,121444,432104,173344,39684,81760,85340,346764
Mayotte,2094,120937,432294,176508,39545,81392,84984,347310
Mayotte,2095,120399,432208,179841,39394,81005,84588,347620
Mayotte,2096,120007,432370,182631,39297,80710,84272,348098
Mayotte,2097,119604,432368,185448,39184,80420,83935,348433
Mayotte,2098,119173,432169,188362,39051,80122,83579,348590
Mayotte,2099,118701,431705,191439,38895,79806,83187,348518
Mayotte,2100,118175,430945,194727,38719,79456,82758,348187
Melanesia,1950,877240,1205331,82769,343647,533593,416277,789054
Melanesia,1951,899934,1220929,82704,355996,543938,422306,798623
Melanesia,1952,924854,1238135,81837,369966,554888,428837,809298
Melanesia,1953,950158,1258363,80337,383293,566865,436323,822040
Melanesia,1954,975389,1281819,78237,395657,579732,444767,837052
Melanesia,1955,1000888,1307952,75544,407797,593091,454016,853936
Melanesia,1956,1031344,1329252,75031,423326,608018,460507,868745
Melanesia,1957,1060330,1354569,74238,434169,626161,468384,886185
Melanesia,1958,1089222,1382417,73280,442407,646815,477241,905176
Melanesia,1959,1119160,1411482,72440,450264,668896,486770,924712
Melanesia,1960,1150463,1441383,71838,459653,690810,497005,944378
Melanesia,1961,1183628,1469697,73471,468963,714665,507001,962696
Melanesia,1962,1217868,1499241,75245,478784,739084,517729,981512
Melanesia,1963,1252512,1530752,76982,489289,763223,529591,1001161
Melanesia,1964,1286266,1565587,78429,499969,786297,543309,1022278
Melanesia,1965,1318407,1604527,79491,510671,807736,559365,1045162
Melanesia,1966,1351985,1642508,82065,522478,829507,575933,1066575
Melanesia,1967,1383565,1684879,84390,532688,850877,594733,1090146
Melanesia,1968,1413980,1731193,86517,542215,871765,615449,1115744
Melanesia,1969,1444643,1780475,88523,552621,892022,637533,1142942
Melanesia,1970,1476500,1832173,90445,565334,911166,660650,1171523
Melanesia,1971,1514276,1880397,93620,580913,933363,682403,1197994
Melanesia,1972,1553075,1931340,96655,596818,956257,705425,1225915
Melanesia,1973,1592809,1984889,99535,613275,979534,729247,1255642
Melanesia,1974,1633037,2041110,102254,630174,1002863,753292,1287818
Melanesia,1975,1673486,2100034,104812,647744,1025742,777287,1322747
Melanesia,1976,1719593,2154370,108735,669103,1050490,797354,1357016
Melanesia,1977,1765096,2212000,112449,687315,1077781,817472,1394528
Melanesia,1978,1810712,2272742,115966,703464,1107248,837887,1434855
Melanesia,1979,1857411,2336416,119308,719204,1138207,858983,1477433
Melanesia,1980,1905576,2402977,122558,736174,1169402,881161,1521816
Melanesia,1981,1956926,2469446,127526,755565,1201361,903964,1565482
Melanesia,1982,2009277,2539208,132400,773242,1236035,927017,1612191
Melanesia,1983,2061729,2611052,137114,789445,1272284,949843,1661209
Melanesia,1984,2112159,2684230,141589,803658,1308501,972463,1711767
Melanesia,1985,2158661,2758735,145795,815609,1343052,995382,1763353
Melanesia,1986,2203027,2830375,151187,827510,1375517,1018540,1811835
Melanesia,1987,2242690,2904240,156273,835901,1406789,1042722,1861518
Melanesia,1988,2279214,2981133,161113,842420,1436794,1068310,1912823
Melanesia,1989,2315226,3061862,165757,849704,1465522,1095700,1966162
Melanesia,1990,2352590,3147079,170279,859844,1492746,1125159,2021920
Melanesia,1991,2390926,3236320,176253,869667,1521259,1156878,2079442
Melanesia,1992,2431400,3329378,181994,883764,1547636,1190075,2139303
Melanesia,1993,2473192,3426536,187562,901291,1571901,1224358,2202178
Melanesia,1994,2515152,3527776,193042,920812,1594340,1259132,2268644
Melanesia,1995,2557071,3632436,198459,941643,1615428,1293860,2338576
Melanesia,1996,2606921,3730616,205862,968128,1638793,1326366,2404250
Melanesia,1997,2656478,3832781,213172,992790,1663688,1359480,2473301
Melanesia,1998,2706462,3937594,220338,1015904,1690558,1392293,2545301
Melanesia,1999,2757471,4043640,227327,1037629,1719842,1423671,2619969
Melanesia,2000,2809246,4150556,234186,1058009,1751237,1453124,2697432
Melanesia,2001,2860470,4257268,242815,1078947,1781523,1477025,2780243
Melanesia,2002,2910834,4366113,251366,1094865,1815969,1499269,2866844
Melanesia,2003,2961005,4477207,259899,1107439,1853566,1520340,2956867
Melanesia,2004,3011821,4590875,268525,1119332,1892489,1541029,3049846
Melanesia,2005,3063651,4707477,277339,1132815,1930836,1561985,3145492
Melanesia,2006,3119879,4821677,288618,1145513,1974366,1585881,3235796
Melanesia,2007,3177235,4938490,300031,1160715,2016520,1609805,3328685
Melanesia,2008,3233909,5058622,311599,1177371,2056538,1634921,3423701
Melanesia,2009,3287012,5183448,323231,1193068,2093944,1662986,3520462
Melanesia,2010,3334949,5313446,334916,1206343,2128606,1694951,3618495
Melanesia,2011,3386385,5439145,347046,1222285,2164100,1728888,3710257
Melanesia,2012,3431105,5571546,359072,1232319,2198786,1767344,3804202
Melanesia,2013,3471006,5708766,371352,1238418,2232588,1808940,3899826
Melanesia,2014,3509081,5848048,384313,1243929,2265152,1851487,3996561
Melanesia,2015,3546834,5988059,398257,1251255,2295579,1893626,4094433
Melanesia,2016,3584210,6127342,414697,1258011,2326199,1936068,4191274
Melanesia,2017,3621801,6267044,431661,1267434,2354367,1977772,4289272
Melanesia,2018,3658721,6407948,449137,1278858,2379863,2018533,4389415
Melanesia,2019,3693296,6551565,467068,1290574,2402722,2058319,4493246
Melanesia,2020,3724814,6698451,485469,1301551,2423263,2096979,4601472
Melanesia,2021,3759114,6841313,505711,1315245,2443869,2133588,4707725
Melanesia,2022,3790377,6987692,526057,1326727,2463650,2168764,4818928
Melanesia,2023,3819562,7136498,546645,1336573,2482989,2202398,4934100
Melanesia,2024,3848159,7286032,567643,1346010,2502149,2234371,5051661
Melanesia,2025,3876933,7435355,589212,1356057,2520876,2264705,5170650
Melanesia,2026,3909698,7579024,612901,1368180,2541518,2293426,5285598
Melanesia,2027,3942075,7723276,636730,1379139,2562936,2320709,5402567
Melanesia,2028,3974124,7868032,660691,1389365,2584759,2346436,5521596
Melanesia,2029,4005478,8013616,684691,1399109,2606369,2370512,5643104
Melanesia,2030,4035826,8160226,708730,1408729,2627097,2392989,5767237
Melanesia,2031,4069305,8301818,734685,1419765,2649540,2414196,5887622
Melanesia,2032,4101627,8444848,760238,1429707,2671920,2433971,6010877
Melanesia,2033,4132720,8588828,785774,1438743,2693977,2452876,6135952
Melanesia,2034,4162393,8733259,811810,1447040,2715353,2471779,6261480
Melanesia,2035,4190427,8877814,838703,1454820,2735607,2491262,6386552
Melanesia,2036,4221093,9016186,868387,1463847,2757246,2511660,6504526
Melanesia,2037,4249665,9155619,898197,1471301,2778364,2532823,6622796
Melanesia,2038,4276274,9295698,928386,1477559,2798715,2554520,6741178
Melanesia,2039,4301079,9435970,959151,1483111,2817968,2576308,6859662
Melanesia,2040,4324085,9576135,990701,1488404,2835681,2597930,6978205
Melanesia,2041,4349178,9710063,1025195,1494681,2854497,2620065,7089998
Melanesia,2042,4372364,9844732,1059548,1500179,2872185,2642148,7202584
Melanesia,2043,4393594,9979858,1093977,1505008,2888586,2664053,7315805
Melanesia,2044,4412703,10115249,1128663,1509181,2903522,2685650,7429599
Melanesia,2045,4429582,10250732,1163811,1512812,2916770,2706853,7543879
Melanesia,2046,4448783,10379197,1201815,1517814,2930969,2728189,7651008
Melanesia,2047,4465578,10508612,1239449,1521449,2944129,2749093,7759519
Melanesia,2048,4480253,10638890,1276529,1524078,2956175,2769402,7869488
Melanesia,2049,4493235,10770061,1312633,1526268,2966967,2788896,7981165
Melanesia,2050,4504738,10902026,1347708,1528500,2976238,2807446,8094580
Melanesia,2051,4518741,11027729,1384770,1532063,2986678,2825888,8201841
Melanesia,2052,4531329,11154709,1420123,1535177,2996152,2843335,8311374
Melanesia,2053,4542492,11282187,1454506,1537903,3004589,2859745,8422442
Melanesia,2054,4552077,11409355,1488751,1540183,3011894,2875115,8534240
Melanesia,2055,4559993,11535545,1523538,1542077,3017916,2889448,8646097
Melanesia,2056,4571030,11652786,1561993,1545708,3025322,2903554,8749232
Melanesia,2057,4580207,11770318,1599826,1547962,3032245,2916693,8853625
Melanesia,2058,4587768,11887074,1637799,1549163,3038605,2928845,8958229
Melanesia,2059,4594004,12001750,1676856,1549765,3044239,2939980,9061770
Melanesia,2060,4598985,12113530,1717703,1550182,3048803,2950128,9163402
Melanesia,2061,4606774,12214673,1763925,1551883,3054891,2960359,9254314
Melanesia,2062,4613148,12314352,1810556,1552664,3060484,2969705,9344647
Melanesia,2063,4618133,12412558,1857530,1552732,3065401,2978220,9434338
Melanesia,2064,4621645,12509659,1904548,1552267,3069378,2986007,9523652
Melanesia,2065,4623583,12605701,1951626,1551492,3072091,2993125,9612576
Melanesia,2066,4627970,12692314,2003096,1551858,3076112,3000664,9691650
Melanesia,2067,4630778,12779242,2053157,1551440,3079338,3007623,9771619
Melanesia,2068,4632001,12865774,2102422,1550323,3081678,3014028,9851746
Melanesia,2069,4631573,12951098,2151652,1548572,3083001,3019911,9931187
Melanesia,2070,4629380,13034646,2201447,1546300,3083080,3025293,10009353
Melanesia,2071,4629580,13107979,2256007,1545206,3084374,3031269,10076710
Melanesia,2072,4627856,13181273,2309467,1542915,3084941,3036856,10144417
Melanesia,2073,4624363,13254300,2361860,1539713,3084650,3041935,10212365
Melanesia,2074,4619326,13327032,2412969,1535999,3083327,3046296,10280736
Melanesia,2075,4612804,13399296,2462885,1532114,3080690,3049837,10349459
Melanesia,2076,4608344,13463145,2515972,1529155,3079189,3053830,10409315
Melanesia,2077,4602550,13527926,2566284,1525819,3076731,3057045,10470881
Melanesia,2078,4595370,13592959,2614566,1522135,3073235,3059475,10533484
Melanesia,2079,4586667,13657649,2661599,1518040,3068627,3061163,10596486
Melanesia,2080,4576359,13721397,2708075,1513570,3062789,3062115,10659282
Melanesia,2081,4568350,13775740,2758609,1510317,3058033,3063414,10712326
Melanesia,2082,4558775,13830848,2806881,1506205,3052570,3064050,10766798
Melanesia,2083,4547808,13885837,2853564,1501423,3046385,3063922,10821915
Melanesia,2084,4535634,13939844,2899286,1496238,3039396,3062924,10876920
Melanesia,2085,4522322,13992167,2944680,1490889,3031433,3060996,10931171
Melanesia,2086,4511283,14034775,2994414,1486616,3024667,3059322,10975453
Melanesia,2087,4499181,14077409,3042042,1481785,3017396,3056822,11020587
Melanesia,2088,4486083,14119461,3088233,1476553,3009530,3053498,11065963
Melanesia,2089,4472008,14160364,3133618,1471064,3000944,3049353,11111011
Melanesia,2090,4456946,14199544,3178829,1465478,2991468,3044380,11155164
Melanesia,2091,4444041,14228937,3228865,1460905,2983136,3039712,11189225
Melanesia,2092,4430336,14258463,3276773,1455984,2974352,3034338,11224125
Melanesia,2093,4415848,14287395,3323263,1450779,2965069,3028294,11259101
Melanesia,2094,4400521,14315104,3369014,1445334,2955187,3021623,11293481
Melanesia,2095,4384300,14341009,3414732,1439695,2944605,3014352,11326657
Melanesia,2096,4370398,14357191,3465085,1435171,2935227,3007571,11349620
Melanesia,2097,4355679,14373668,3513277,1430047,2925632,3000364,11373304
Melanesia,2098,4340114,14389819,3560019,1424358,2915756,2992712,11397107
Melanesia,2099,4323725,14405012,3605950,1418250,2905475,2984519,11420493
Melanesia,2100,4306575,14418683,3651722,1411986,2894589,2975738,11442945
Mexico,1950,11892708,15148806,971047,4820004,7072704,5382557,9766249
Mexico,1951,12364248,15482067,989799,5053218,7311030,5464623,10017444
Mexico,1952,12916044,15788873,1006715,5370912,7545132,5531983,10256890
Mexico,1953,13474779,16134015,1025421,5679985,7794794,5612068,10521947
Mexico,1954,14015337,16537993,1046471,5955302,8060035,5718299,10819694
Mexico,1955,14543805,16992379,1068994,6204650,8339155,5852628,11139751
Mexico,1956,15174176,17367122,1106684,6538893,8635283,5963987,11403135
Mexico,1957,15750637,17828110,1147972,6751101,8999536,6117260,11710850
Mexico,1958,16314632,18334452,1191562,6895439,9419193,6297690,12036762
Mexico,1959,16904551,18848278,1236865,7027842,9876709,6490225,12358053
Mexico,1960,17533303,19356737,1284072,7191532,10341771,6690030,12666707
Mexico,1961,18175932,19874917,1343277,7330903,10845029,6895258,12979659
Mexico,1962,18864662,20382220,1402706,7517846,11346816,7105452,13276768
Mexico,1963,19576091,20900699,1463090,7745276,11830815,7330938,13569761
Mexico,1964,20270127,21468208,1525937,7984383,12285744,7588898,13879310
Mexico,1965,20927093,22104077,1591873,8216083,12711010,7888993,14215084
Mexico,1966,21596310,22753368,1661360,8469269,13127041,8198431,14554937
Mexico,1967,22230252,23466770,1732790,8703353,13526899,8543587,14923183
Mexico,1968,22850326,24238762,1804931,8931579,13918747,8922719,15316043
Mexico,1969,23499307,25049067,1875107,9188533,14310774,9328529,15720538
Mexico,1970,24203970,25884062,1941829,9499879,14704091,9755357,16128705
Mexico,1971,24978467,26728879,2011378,9857175,15121292,10179223,16549656
Mexico,1972,25818413,27584283,2075455,10266051,15552362,10616870,16967413
Mexico,1973,26688565,28455147,2136875,10687426,16001139,11058707,17396440
Mexico,1974,27526832,29360737,2200624,11048970,16477862,11494546,17866191
Mexico,1975,28290805,30312046,2269548,11305043,16985762,11918924,18393122
Mexico,1976,29090408,31190080,2343275,11602658,17487750,12264823,18925257
Mexico,1977,29755019,32164998,2425867,11661038,18093981,12617556,19547442
Mexico,1978,30324963,33202972,2511553,11553879,18771084,12974133,20228839
Mexico,1979,30862568,34255613,2591508,11403726,19458842,13331377,20924236
Mexico,1980,31393008,35305855,2662008,11300054,20092954,13694735,21611120
Mexico,1981,31766055,36484623,2741517,11074336,20691719,14081672,22402951
Mexico,1982,32179724,37613640,2809169,11007965,21171759,14444618,23169022
Mexico,1983,32584137,38738984,2873427,11060181,21523956,14816422,23922562
Mexico,1984,32905290,39929055,2946260,11143879,21761411,15242730,24686325
Mexico,1985,33113810,41212941,3033956,11194725,21919085,15745445,25467496
Mexico,1986,33240454,42555950,3137721,11274709,21965745,16275143,26280807
Mexico,1987,33282399,43968273,3252380,11341880,21940519,16860118,27108155
Mexico,1988,33273347,45433831,3376741,11393074,21880273,17476017,27957814
Mexico,1989,33277359,46912811,3507721,11447713,21829646,18077648,28835163
Mexico,1990,33332393,48381483,3643998,11520604,21811789,18636142,29745341
Mexico,1991,33451448,49838899,3781165,11639032,21812416,19178465,30660434
Mexico,1992,33587029,51317846,3923435,11714357,21872672,19688349,31629497
Mexico,1993,33739721,52791509,4069223,11761838,21977883,20139960,32651549
Mexico,1994,33899500,54232991,4216656,11798270,22101230,20501031,33731960
Mexico,1995,34055337,55625654,4364588,11838199,22217138,20754267,34871387
Mexico,1996,34216050,56948473,4522929,11885227,22330823,20863549,36084924
Mexico,1997,34396392,58205025,4680322,11940935,22455457,20859796,37345229
Mexico,1998,34578470,59407888,4835098,11995837,22582633,20785237,38622651
Mexico,1999,34733488,60582113,4984978,12028628,22704860,20703141,39878972
Mexico,2000,34844571,61745507,5129595,12024875,22819696,20655133,41090374
Mexico,2001,34911535,62890102,5265431,12014337,22897198,20591457,42298645
Mexico,2002,34937680,64023490,5394438,11961258,22976422,20557486,43466004
Mexico,2003,34945400,65169756,5525297,11881588,23063812,20564636,44605120
Mexico,2004,34970145,66355990,5669448,11802518,23167627,20617003,45738987
Mexico,2005,35032014,67605637,5834577,11742222,23289792,20718183,46887454
Mexico,2006,35007595,69062443,6022340,11623607,23383988,20933666,48128777
Mexico,2007,35007154,70597005,6232187,11542102,23465052,21188826,49408179
Mexico,2008,35012408,72191423,6457978,11491236,23521172,21469208,50722215
Mexico,2009,35000671,73815200,6689357,11460873,23539798,21752493,52062707
Mexico,2010,34960861,75436787,6921293,11443080,23517781,22020684,53416103
Mexico,2011,34907437,77037261,7145319,11434875,23472562,22273881,54763380
Mexico,2012,34847148,78615819,7365340,11459499,23387649,22503560,56112259
Mexico,2013,34775974,80164318,7595677,11499240,23276734,22707272,57457046
Mexico,2014,34689062,81676066,7856472,11529006,23160056,22883710,58792356
Mexico,2015,34585254,83145725,8159970,11533065,23052189,23031290,60114435
Mexico,2016,34538104,84512801,8489518,11581280,22956824,23137978,61374823
Mexico,2017,34444709,85861399,8857168,11547014,22897695,23221104,62640295
Mexico,2018,34327134,87177322,9254618,11456218,22870916,23274082,63903240
Mexico,2019,34213988,88444862,9669185,11350548,22863440,23288659,65156203
Mexico,2020,34115271,89659084,10095672,11259345,22855926,23263056,66396028
Mexico,2021,33999540,90857989,10526681,11138843,22860697,23212763,67645226
Mexico,2022,33908948,91994282,10965805,11053338,22855610,23120498,68873784
Mexico,2023,33822211,93082880,11417875,10991887,22830324,23005598,70077282
Mexico,2024,33705216,94149989,11889046,10928825,22776391,22896814,71253175
Mexico,2025,33541236,95206096,12384171,10846640,22694596,22811451,72394645
Mexico,2026,33371190,96241523,12871125,10770452,22600738,22751024,73490499
Mexico,2027,33160044,97264172,13376707,10679340,22480704,22712270,74551902
Mexico,2028,32915056,98261813,13905721,10575631,22339425,22690234,75571579
Mexico,2029,32654176,99212233,14462559,10469828,22184348,22673452,76538781
Mexico,2030,32387881,100099436,15052810,10369117,22018764,22653992,77445444
Mexico,2031,32136828,100946221,15632737,10279443,21857385,22643226,78302995
Mexico,2032,31881119,101741615,16232888,10191926,21689193,22632846,79108769
Mexico,2033,31620660,102465419,16873561,10106798,21513862,22613955,79851464
Mexico,2034,31352933,103092715,17582297,10021986,21330947,22574071,80518644
Mexico,2035,31077428,103609120,18374058,9936993,21140435,22505462,81103658
Mexico,2036,30827459,104041593,19188454,9867419,20960040,22418383,81623210
Mexico,2037,30573021,104373642,20071947,9793147,20779874,22301041,82072601
Mexico,2038,30316554,104626667,21000916,9716196,20600358,22159488,82467179
Mexico,2039,30060890,104833181,21940356,9639784,20421106,22003635,82829546
Mexico,2040,29807027,105011522,22871116,9566496,20240531,21840042,83171480
Mexico,2041,29582948,105201261,23725715,9506751,20076197,21680835,83520426
Mexico,2042,29363103,105369867,24562067,9447112,19915991,21513252,83856615
Mexico,2043,29145830,105509932,25388942,9387302,19758528,21338458,84171474
Mexico,2044,28928424,105613190,26216934,9326151,19602273,21157449,84455741
Mexico,2045,28709119,105674262,27052856,9263362,19445757,20971533,84702729
Mexico,2046,28519521,105744450,27813600,9213447,19306074,20795191,84949259
Mexico,2047,28328282,105790054,28564174,9157072,19171210,20616682,85173372
Mexico,2048,28136069,105801182,29313831,9096100,19039969,20437580,85363602
Mexico,2049,27943267,105761862,30078216,9033192,18910075,20258735,85503127
Mexico,2050,27748411,105658308,30872583,8970167,18778244,20080429,85577879
Mexico,2051,27578088,105561382,31599555,8915720,18662368,19919876,85641506
Mexico,2052,27408806,105417102,32336372,8861266,18547540,19761512,85655590
Mexico,2053,27237162,105220489,33090775,8805711,18431451,19605138,85615351
Mexico,2054,27058727,104969345,33868497,8746742,18311985,19450342,85519003
Mexico,2055,26870399,104660891,34674857,8682973,18187426,19296781,85364110
Mexico,2056,26707650,104378483,35390960,8629624,18078026,19163120,85215363
Mexico,2057,26536659,104059469,36113622,8569274,17967385,19032001,85027468
Mexico,2058,26357892,103696662,36849917,8503852,17854040,18902373,84794289
Mexico,2059,26173259,103280956,37607560,8436944,17736315,18772458,84508498
Mexico,2060,25983009,102805291,38393907,8371020,17611989,18640780,84164511
Mexico,2061,25816454,102373563,39076231,8313631,17502823,18528707,83844856
Mexico,2062,25650713,101903777,39759884,8260890,17389823,18415648,83488129
Mexico,2063,25482178,101396621,40448387,8210591,17271587,18300570,83096051
Mexico,2064,25306435,100857681,41141239,8158991,17147444,18182440,82675241
Mexico,2065,25120857,100288138,41840646,8103691,17017166,18060211,82227927
Mexico,2066,24965149,99781971,42413706,8062568,16902581,17953443,81828528
Mexico,2067,24804009,99272526,42963309,8015376,16788633,17844970,81427556
Mexico,2068,24639096,98754949,43493817,7963881,16675215,17734001,81020948
Mexico,2069,24471749,98216361,44018052,7910975,16560774,17618114,80598247
Mexico,2070,24299816,97638761,44557430,7858174,16441642,17494325,80144436
Mexico,2071,24158507,97144077,44955634,7816737,16341770,17386922,79757155
Mexico,2072,24020445,96647862,45325511,7776615,16243830,17275752,79372110
Mexico,2073,23880967,96126766,45696860,7736404,16144563,17159220,78967546
Mexico,2074,23735258,95558345,46098978,7694032,16041226,17036786,78521559
Mexico,2075,23580569,94929150,46549697,7648449,15932120,16908438,78020712
Mexico,2076,23460645,94376806,46868867,7616447,15844198,16800752,77576054
Mexico,2077,23337980,93795793,47199996,7581179,15756801,16690732,77105061
Mexico,2078,23210643,93181448,47549632,7542462,15668181,16577799,76603649
Mexico,2079,23077152,92533301,47919289,7500585,15576567,16461542,76071759
Mexico,2080,22935489,91848697,48313483,7455742,15479747,16341423,75507274
Mexico,2081,22826513,91265021,48554602,7422707,15403806,16244148,75020873
Mexico,2082,22714722,90675156,48786202,7386633,15328089,16146859,74528297
Mexico,2083,22598286,90071091,49018616,7347681,15250605,16048354,74022737
Mexico,2084,22474793,89442567,49265009,7305959,15168834,15946715,73495852
Mexico,2085,22341184,88778173,49540482,7261306,15079878,15839930,72938243
Mexico,2086,22237581,88221761,49661706,7227179,15010402,15755342,72466419
Mexico,2087,22131809,87664565,49770545,7192502,14939307,15669878,71994687
Mexico,2088,22020683,87096224,49881813,7156243,14864440,15582275,71513949
Mexico,2089,21900796,86506347,50010772,7117049,14783747,15491242,71015105
Mexico,2090,21768970,85884008,50172873,7073837,14695133,15395256,70488752
Mexico,2091,21668308,85374871,50180437,7042438,14625870,15321774,70053097
Mexico,2092,21563784,84870213,50178077,7008425,14555359,15248155,69622058
Mexico,2093,21453195,84357278,50181537,6971530,14481665,15172279,69184999
Mexico,2094,21334334,83821226,50208612,6931754,14402580,15091386,68729840
Mexico,2095,21204364,83247151,50277883,6888955,14315409,15002825,68244326
Mexico,2096,21105911,82788742,50194034,6857515,14248396,14935670,67853072
Mexico,2097,21005798,82331058,50106291,6825520,14180278,14866343,67464715
Mexico,2098,20900834,81859544,50033675,6792285,14108549,14792752,67066792
Mexico,2099,20787499,81360365,49994962,6756678,14030821,14712916,66647449
Mexico,2100,20662700,80822260,50006084,6717594,13945106,14625268,66196992
Micronesia (country),1950,12924,17758,1319,4953,7971,6000,11758
Micronesia (country),1951,13694,18356,1358,5440,8254,6211,12145
Micronesia (country),1952,14519,18707,1374,6114,8405,6337,12370
Micronesia (country),1953,15240,19064,1389,6698,8542,6463,12601
Micronesia (country),1954,15855,19515,1407,7126,8729,6623,12892
Micronesia (country),1955,16417,20046,1430,7430,8987,6812,13234
Micronesia (country),1956,17243,20398,1452,7964,9279,6940,13458
Micronesia (country),1957,17935,20952,1486,8169,9766,7148,13804
Micronesia (country),1958,18617,21589,1521,8201,10416,7378,14211
Micronesia (country),1959,19369,22200,1557,8209,11160,7589,14611
Micronesia (country),1960,20211,22747,1579,8299,11912,7758,14989
Micronesia (country),1961,20965,23360,1630,8240,12725,7942,15418
Micronesia (country),1962,21855,23861,1672,8388,13467,8067,15794
Micronesia (country),1963,22816,24353,1707,8702,14114,8197,16156
Micronesia (country),1964,23754,24990,1743,9073,14681,8417,16573
Micronesia (country),1965,24629,25828,1785,9425,15204,8772,17056
Micronesia (country),1966,25569,26789,1841,9851,15718,9233,17556
Micronesia (country),1967,26467,27949,1903,10264,16203,9817,18132
Micronesia (country),1968,27259,29185,1959,10622,16637,10476,18709
Micronesia (country),1969,27866,30290,2014,10880,16986,11113,19177
Micronesia (country),1970,28232,31158,2041,11003,17229,11670,19488
Micronesia (country),1971,28701,31255,2152,11269,17432,11893,19362
Micronesia (country),1972,28954,31084,2260,11359,17595,12101,18983
Micronesia (country),1973,29121,30798,2371,11345,17776,12313,18485
Micronesia (country),1974,29403,30572,2501,11354,18049,12552,18020
Micronesia (country),1975,29964,30519,2661,11496,18468,12836,17683
Micronesia (country),1976,30455,31277,2654,11565,18890,13114,18163
Micronesia (country),1977,31217,32237,2651,11720,19497,13356,18881
Micronesia (country),1978,32210,33359,2653,11978,20232,13597,19762
Micronesia (country),1979,33333,34572,2645,12324,21009,13872,20700
Micronesia (country),1980,34505,35835,2624,12716,21789,14216,21619
Micronesia (country),1981,35428,37308,2726,12943,22485,14837,22471
Micronesia (country),1982,36438,38799,2822,13389,23049,15498,23301
Micronesia (country),1983,37437,40333,2908,13935,23502,16197,24136
Micronesia (country),1984,38322,41928,2990,14428,23894,16927,25001
Micronesia (country),1985,39034,43584,3068,14766,24268,17673,25911
Micronesia (country),1986,39906,44890,3152,15288,24618,18106,26784
Micronesia (country),1987,40555,46237,3228,15452,25103,18565,27672
Micronesia (country),1988,41091,47625,3305,15377,25714,19040,28585
Micronesia (country),1989,41706,49010,3375,15283,26423,19499,29511
Micronesia (country),1990,42492,50397,3442,15335,27157,19944,30453
Micronesia (country),1991,43498,51741,3560,15355,28143,19959,31782
Micronesia (country),1992,44667,53097,3649,15581,29086,20051,33046
Micronesia (country),1993,45783,54448,3703,15936,29847,20320,34128
Micronesia (country),1994,46557,55760,3740,16213,30344,20795,34965
Micronesia (country),1995,46831,56929,3796,16231,30600,21437,35492
Micronesia (country),1996,46618,57837,3889,16203,30415,21858,35979
Micronesia (country),1997,46075,58450,3977,16044,30031,22153,36297
Micronesia (country),1998,45242,58960,4036,15739,29503,22425,36535
Micronesia (country),1999,44270,59497,4049,15356,28914,22707,36790
Micronesia (country),2000,43314,60120,3998,14999,28315,23009,37111
Micronesia (country),2001,42995,60088,4082,14926,28069,23296,36792
Micronesia (country),2002,42620,60211,4152,14618,28002,23656,36555
Micronesia (country),2003,42210,60408,4198,14179,28031,24052,36356
Micronesia (country),2004,41744,60600,4233,13714,28030,24421,36179
Micronesia (country),2005,41205,60740,4251,13330,27875,24741,35999
Micronesia (country),2006,40607,60880,4197,13027,27580,24666,36214
Micronesia (country),2007,39983,60973,4122,12710,27273,24523,36450
Micronesia (country),2008,39362,61057,4059,12421,26941,24385,36672
Micronesia (country),2009,38772,61182,4006,12176,26596,24344,36838
Micronesia (country),2010,38235,61398,3983,11996,26239,24450,36948
Micronesia (country),2011,37546,61884,4038,11834,25712,24423,37461
Micronesia (country),2012,36936,62449,4118,11699,25237,24471,37978
Micronesia (country),2013,36400,63074,4228,11598,24802,24583,38491
Micronesia (country),2014,35944,63702,4369,11547,24397,24715,38987
Micronesia (country),2015,35579,64309,4545,11564,24015,24833,39476
Micronesia (country),2016,35218,64923,4796,11647,23571,24732,40191
Micronesia (country),2017,34953,65514,5077,11732,23221,24595,40919
Micronesia (country),2018,34775,66083,5369,11824,22951,24432,41651
Micronesia (country),2019,34677,66646,5660,11925,22752,24253,42393
Micronesia (country),2020,34646,67201,5927,12040,22606,24062,43139
Micronesia (country),2021,34684,67727,6198,12211,22473,23692,44035
Micronesia (country),2022,34765,68258,6448,12309,22456,23299,44959
Micronesia (country),2023,34890,68800,6677,12358,22532,22911,45889
Micronesia (country),2024,35058,69347,6896,12390,22668,22562,46785
Micronesia (country),2025,35269,69907,7107,12434,22835,22268,47639
Micronesia (country),2026,35460,70544,7295,12463,22997,21927,48617
Micronesia (country),2027,35685,71196,7468,12478,23207,21632,49564
Micronesia (country),2028,35909,71880,7615,12477,23432,21397,50483
Micronesia (country),2029,36095,72603,7743,12453,23642,21244,51359
Micronesia (country),2030,36221,73367,7842,12396,23825,21180,52187
Micronesia (country),2031,36298,74143,7922,12326,23972,21094,53049
Micronesia (country),2032,36308,74955,7979,12210,24098,21087,53868
Micronesia (country),2033,36247,75821,8007,12058,24189,21166,54655
Micronesia (country),2034,36123,76742,7984,11885,24238,21308,55434
Micronesia (country),2035,35940,77731,7908,11702,24238,21506,56225
Micronesia (country),2036,35693,78745,7815,11509,24184,21645,57100
Micronesia (country),2037,35396,79794,7684,11305,24091,21826,57968
Micronesia (country),2038,35052,80875,7528,11101,23951,22038,58837
Micronesia (country),2039,34658,81971,7364,10899,23759,22269,59702
Micronesia (country),2040,34230,83050,7214,10710,23520,22502,60548
Micronesia (country),2041,33773,84059,7126,10541,23232,22616,61443
Micronesia (country),2042,33302,85037,7052,10384,22918,22715,62322
Micronesia (country),2043,32821,85971,7006,10242,22579,22799,63172
Micronesia (country),2044,32340,86799,7040,10117,22223,22868,63931
Micronesia (country),2045,31864,87504,7178,10015,21849,22917,64587
Micronesia (country),2046,31434,87976,7484,9966,21468,22827,65149
Micronesia (country),2047,31023,88323,7888,9913,21110,22706,65617
Micronesia (country),2048,30639,88564,8356,9861,20778,22561,66003
Micronesia (country),2049,30287,88747,8844,9818,20469,22396,66351
Micronesia (country),2050,29972,88878,9343,9792,20180,22212,66666
Micronesia (country),2051,29728,88890,9892,9817,19911,21903,66987
Micronesia (country),2052,29515,88867,10439,9818,19697,21575,67292
Micronesia (country),2053,29336,88797,10996,9804,19532,21238,67559
Micronesia (country),2054,29179,88663,11577,9780,19399,20910,67753
Micronesia (country),2055,29042,88456,12190,9757,19285,20602,67854
Micronesia (country),2056,28946,88145,12841,9758,19188,20224,67921
Micronesia (country),2057,28862,87784,13505,9726,19136,19860,67924
Micronesia (country),2058,28779,87378,14176,9671,19108,19525,67853
Micronesia (country),2059,28689,86944,14856,9600,19089,19241,67703
Micronesia (country),2060,28576,86484,15534,9517,19059,19005,67479
Micronesia (country),2061,28464,86008,16188,9435,19029,18746,67262
Micronesia (country),2062,28333,85512,16822,9330,19003,18529,66983
Micronesia (country),2063,28172,85021,17429,9207,18965,18363,66658
Micronesia (country),2064,27975,84547,18007,9071,18904,18249,66298
Micronesia (country),2065,27741,84095,18541,8926,18815,18180,65915
Micronesia (country),2066,27490,83692,18988,8784,18706,18085,65607
Micronesia (country),2067,27203,83315,19382,8628,18575,18027,65288
Micronesia (country),2068,26883,82982,19728,8467,18416,18002,64980
Micronesia (country),2069,26534,82671,20024,8306,18228,18001,64670
Micronesia (country),2070,26161,82393,20264,8148,18013,18018,64375
Micronesia (country),2071,25783,82144,20438,8008,17775,17979,64165
Micronesia (country),2072,25388,81923,20560,7869,17519,17943,63980
Micronesia (country),2073,24985,81723,20633,7734,17251,17911,63812
Micronesia (country),2074,24575,81530,20678,7607,16968,17877,63653
Micronesia (country),2075,24171,81350,20695,7497,16674,17837,63513
Micronesia (country),2076,23787,81103,20725,7416,16371,17715,63388
Micronesia (country),2077,23415,80871,20725,7334,16081,17579,63292
Micronesia (country),2078,23059,80621,20709,7256,15803,17427,63194
Micronesia (country),2079,22719,80348,20699,7185,15534,17267,63081
Micronesia (country),2080,22403,80032,20695,7128,15275,17101,62931
Micronesia (country),2081,22125,79604,20780,7102,15023,16856,62748
Micronesia (country),2082,21869,79148,20866,7068,14801,16595,62553
Micronesia (country),2083,21637,78658,20961,7026,14611,16334,62324
Micronesia (country),2084,21425,78149,21068,6984,14441,16078,62071
Micronesia (country),2085,21234,77601,21183,6950,14284,15832,61769
Micronesia (country),2086,21067,76954,21385,6932,14135,15532,61422
Micronesia (country),2087,20916,76288,21588,6898,14018,15237,61051
Micronesia (country),2088,20777,75614,21796,6854,13923,14965,60649
Micronesia (country),2089,20647,74939,21997,6805,13842,14716,60223
Micronesia (country),2090,20518,74257,22200,6752,13766,14500,59757
Micronesia (country),2091,20388,73507,22473,6703,13685,14254,59253
Micronesia (country),2092,20258,72762,22732,6642,13616,14034,58728
Micronesia (country),2093,20125,72038,22972,6571,13554,13846,58192
Micronesia (country),2094,19981,71340,23189,6491,13490,13694,57646
Micronesia (country),2095,19829,70670,23390,6410,13419,13573,57097
Micronesia (country),2096,19654,69983,23615,6326,13328,13433,56550
Micronesia (country),2097,19475,69329,23805,6237,13238,13318,56011
Micronesia (country),2098,19278,68723,23963,6141,13137,13230,55493
Micronesia (country),2099,19075,68143,24084,6046,13029,13165,54978
Micronesia (country),2100,18852,67601,24176,5948,12904,13119,54482
Micronesia (region),1950,55873,94023,5199,23507,32366,36225,57798
Micronesia (region),1951,58435,94460,5255,24793,33642,34994,59466
Micronesia (region),1952,60876,95040,5307,25876,35000,34111,60929
Micronesia (region),1953,63231,95743,5358,26794,36437,33747,61996
Micronesia (region),1954,65553,96600,5407,27663,37890,33943,62657
Micronesia (region),1955,67844,97623,5441,28629,39215,34526,63097
Micronesia (region),1956,70548,98395,5543,29948,40600,33840,64555
Micronesia (region),1957,73323,99299,5643,30950,42373,33307,65992
Micronesia (region),1958,76292,100277,5749,31772,44520,33041,67236
Micronesia (region),1959,79423,101388,5844,32542,46881,33131,68257
Micronesia (region),1960,82615,102742,5927,33375,49240,33540,69202
Micronesia (region),1961,85196,104984,6033,34116,51080,34491,70493
Micronesia (region),1962,87774,107537,6128,34811,52963,35605,71932
Micronesia (region),1963,90420,110278,6214,35467,54953,36895,73383
Micronesia (region),1964,93090,113212,6321,36080,57010,38362,74850
Micronesia (region),1965,95667,116352,6417,36664,59003,39910,76442
Micronesia (region),1966,98327,119553,6541,37372,60955,41384,78169
Micronesia (region),1967,100770,123101,6683,37916,62854,43203,79898
Micronesia (region),1968,103094,126759,6815,38330,64764,45322,81437
Micronesia (region),1969,105234,130330,6955,38650,66584,47564,82766
Micronesia (region),1970,107078,133846,7060,38927,68151,49736,84110
Micronesia (region),1971,108391,137226,7395,39332,69059,50966,86260
Micronesia (region),1972,109478,140453,7754,39739,69739,52191,88262
Micronesia (region),1973,110560,143518,8120,40179,70381,53509,90009
Micronesia (region),1974,111828,146450,8514,40685,71143,54921,91529
Micronesia (region),1975,113348,149415,8941,41276,72072,56342,93073
Micronesia (region),1976,114686,153167,9116,41747,72939,57445,95722
Micronesia (region),1977,116229,157057,9284,42388,73841,58448,98609
Micronesia (region),1978,118103,161162,9488,43222,74881,59503,101659
Micronesia (region),1979,120438,165565,9698,44275,76163,60703,104862
Micronesia (region),1980,123282,170393,9939,45531,77751,62065,108328
Micronesia (region),1981,125606,176644,10306,46393,79213,64142,112502
Micronesia (region),1982,128292,183463,10696,47643,80649,66281,117182
Micronesia (region),1983,131207,190742,11160,49139,82068,68455,122287
Micronesia (region),1984,134249,198309,11648,50714,83535,70569,127740
Micronesia (region),1985,137345,206038,12172,52205,85140,72522,133516
Micronesia (region),1986,140379,214007,12656,53609,86770,74377,139630
Micronesia (region),1987,143481,222023,13123,54916,88565,76047,145976
Micronesia (region),1988,146648,230020,13566,56117,90531,77482,152538
Micronesia (region),1989,149837,237945,14024,57250,92587,78667,159278
Micronesia (region),1990,152999,245790,14515,58361,94638,79579,166211
Micronesia (region),1991,157058,252402,15143,59591,97467,80053,172349
Micronesia (region),1992,161049,258837,15725,60805,100244,80230,178607
Micronesia (region),1993,164835,265124,16223,61967,102868,80299,184825
Micronesia (region),1994,168151,271339,16658,62917,105234,80512,190827
Micronesia (region),1995,170741,277559,17062,63420,107321,81056,196503
Micronesia (region),1996,172467,283769,17560,63574,108893,82588,201181
Micronesia (region),1997,173511,289865,18013,63603,109908,84118,205747
Micronesia (region),1998,173682,295926,18426,63303,110379,85608,210318
Micronesia (region),1999,172911,301806,18771,62594,110317,86980,214826
Micronesia (region),2000,171333,307245,19054,61681,109652,88257,218988
Micronesia (region),2001,171634,309056,19761,62156,109478,88341,220715
Micronesia (region),2002,170950,310680,20446,61325,109625,88853,221827
Micronesia (region),2003,169706,311988,21075,59756,109950,89630,222358
Micronesia (region),2004,168417,312859,21609,58138,110279,90370,222489
Micronesia (region),2005,167341,313349,22052,56918,110423,90959,222390
Micronesia (region),2006,165708,314231,22502,55222,110486,91201,223030
Micronesia (region),2007,164595,314538,22879,54324,110271,91131,223407
Micronesia (region),2008,163736,314770,23271,54000,109736,91001,223769
Micronesia (region),2009,162774,315490,23776,53814,108960,91144,224346
Micronesia (region),2010,161622,316976,24458,53524,108098,91731,225245
Micronesia (region),2011,160588,318884,25465,53548,107040,92654,226230
Micronesia (region),2012,159284,321781,26641,53127,106157,93934,227847
Micronesia (region),2013,157860,325286,28005,52415,105445,95451,229835
Micronesia (region),2014,156609,328882,29479,51747,104862,96987,231895
Micronesia (region),2015,155686,332244,31065,51374,104312,98403,233841
Micronesia (region),2016,154624,335761,32782,51007,103617,99402,236359
Micronesia (region),2017,153879,339043,34608,50807,103072,100223,238820
Micronesia (region),2018,153363,342101,36532,50775,102588,100860,241241
Micronesia (region),2019,152927,345104,38548,50809,102118,101312,243792
Micronesia (region),2020,152476,348107,40624,50860,101616,101575,246532
Micronesia (region),2021,152082,351000,42750,51039,101043,101370,249630
Micronesia (region),2022,151683,353864,44909,51132,100551,100904,252960
Micronesia (region),2023,151335,356618,47140,51162,100173,100283,256335
Micronesia (region),2024,151096,359171,49507,51205,99891,99683,259488
Micronesia (region),2025,150993,361497,52040,51306,99687,99203,262294
Micronesia (region),2026,151031,363718,54603,51514,99517,98661,265057
Micronesia (region),2027,151174,365770,57282,51662,99512,98225,267545
Micronesia (region),2028,151392,367673,60023,51774,99618,97867,269806
Micronesia (region),2029,151630,369475,62787,51858,99772,97550,271925
Micronesia (region),2030,151869,371181,65550,51925,99944,97229,273952
Micronesia (region),2031,152182,372831,68177,52042,100140,96777,276054
Micronesia (region),2032,152470,374427,70768,52068,100402,96337,278090
Micronesia (region),2033,152708,376056,73248,52035,100673,95959,280097
Micronesia (region),2034,152903,377799,75538,51960,100943,95687,282112
Micronesia (region),2035,153033,379709,77615,51858,101175,95549,284160
Micronesia (region),2036,153141,381845,79350,51770,101371,95401,286444
Micronesia (region),2037,153186,384138,80863,51630,101556,95362,288776
Micronesia (region),2038,153146,386611,82156,51449,101697,95438,291173
Micronesia (region),2039,153013,389291,83205,51240,101773,95604,293687
Micronesia (region),2040,152786,392168,84024,51010,101776,95852,296316
Micronesia (region),2041,152525,395242,84538,50816,101709,96021,299221
Micronesia (region),2042,152183,398511,84794,50584,101599,96241,302270
Micronesia (region),2043,151767,401886,84881,50330,101437,96506,305380
Micronesia (region),2044,151261,405197,85014,50053,101208,96803,308394
Micronesia (region),2045,150666,408300,85261,49762,100904,97110,311190
Micronesia (region),2046,150067,411185,85603,49529,100538,97270,313915
Micronesia (region),2047,149405,413918,86020,49241,100164,97421,316497
Micronesia (region),2048,148688,416466,86563,48922,99766,97547,318919
Micronesia (region),2049,147923,418829,87231,48596,99327,97663,321166
Micronesia (region),2050,147144,420969,88066,48297,98847,97752,323217
Micronesia (region),2051,146388,422835,89053,48064,98324,97682,325153
Micronesia (region),2052,145642,424484,90188,47829,97813,97560,326924
Micronesia (region),2053,144896,425943,91444,47598,97298,97395,328548
Micronesia (region),2054,144141,427236,92803,47375,96766,97218,330018
Micronesia (region),2055,143391,428385,94265,47175,96216,97031,331354
Micronesia (region),2056,142717,429295,95820,47065,95652,96694,332601
Micronesia (region),2057,142053,430107,97399,46921,95132,96324,333783
Micronesia (region),2058,141414,430780,99079,46755,94659,95940,334840
Micronesia (region),2059,140784,431174,100960,46588,94196,95565,335609
Micronesia (region),2060,140163,431187,103146,46427,93736,95177,336010
Micronesia (region),2061,139648,430838,105581,46348,93300,94681,336157
Micronesia (region),2062,139152,430213,108201,46220,92932,94171,336042
Micronesia (region),2063,138653,429428,110925,46050,92603,93673,335755
Micronesia (region),2064,138156,428579,113671,45863,92293,93198,335381
Micronesia (region),2065,137656,427753,116357,45681,91975,92741,335012
Micronesia (region),2066,137216,427012,118831,45540,91676,92229,334783
Micronesia (region),2067,136769,426360,121159,45360,91409,91736,334624
Micronesia (region),2068,136313,425755,123394,45159,91154,91268,334487
Micronesia (region),2069,135815,425108,125618,44930,90885,90846,334262
Micronesia (region),2070,135280,424419,127854,44687,90593,90475,333944
Micronesia (region),2071,134777,423809,129904,44486,90291,90087,333722
Micronesia (region),2072,134231,423218,131870,44242,89989,89738,333480
Micronesia (region),2073,133644,422639,133782,43967,89677,89433,333206
Micronesia (region),2074,133009,422071,135645,43675,89334,89157,332914
Micronesia (region),2075,132329,421508,137447,43383,88946,88913,332595
Micronesia (region),2076,131678,421102,138970,43135,88543,88649,332453
Micronesia (region),2077,130999,420745,140376,42862,88137,88400,332345
Micronesia (region),2078,130282,420374,141707,42580,87702,88161,332213
Micronesia (region),2079,129529,419982,143006,42286,87243,87930,332052
Micronesia (region),2080,128741,419540,144287,41994,86747,87700,331840
Micronesia (region),2081,127971,419206,145342,41756,86215,87447,331759
Micronesia (region),2082,127182,418839,146307,41495,85687,87166,331673
Micronesia (region),2083,126394,418427,147258,41216,85178,86868,331559
Micronesia (region),2084,125586,417927,148197,40931,84655,86550,331377
Micronesia (region),2085,124777,417285,149162,40652,84125,86199,331086
Micronesia (region),2086,124083,416623,149946,40427,83656,85791,330832
Micronesia (region),2087,123359,415923,150693,40186,83173,85359,330564
Micronesia (region),2088,122609,415158,151454,39940,82669,84935,330223
Micronesia (region),2089,121823,414300,152257,39686,82137,84524,329776
Micronesia (region),2090,121016,413329,153148,39440,81576,84142,329187
Micronesia (region),2091,120309,412320,153900,39261,81048,83723,328597
Micronesia (region),2092,119602,411275,154627,39053,80549,83318,327957
Micronesia (region),2093,118897,410168,155373,38832,80065,82925,327243
Micronesia (region),2094,118188,408969,156156,38607,79581,82522,326447
Micronesia (region),2095,117461,407656,157042,38385,79076,82098,325558
Micronesia (region),2096,116822,406355,157787,38216,78606,81616,324739
Micronesia (region),2097,116209,405040,158506,38032,78177,81120,323920
Micronesia (region),2098,115594,403678,159238,37834,77760,80604,323074
Micronesia (region),2099,114974,402275,160046,37627,77347,80103,322172
Micronesia (region),2100,114329,400763,160968,37421,76908,79609,321154
Middle Africa,1950,10830611,14624152,998999,4371892,6458719,4959493,9664659
Middle Africa,1951,11107366,14856902,1000345,4515830,6591536,5039113,9817789
Middle Africa,1952,11384243,15107760,997971,4660417,6723826,5125273,9982487
Middle Africa,1953,11648379,15390162,993417,4791556,6856823,5221831,10168331
Middle Africa,1954,11899135,15705769,987651,4912382,6986753,5328794,10376975
Middle Africa,1955,12142468,16050067,980913,5037331,7105137,5444858,10605209
Middle Africa,1956,12481492,16298976,995690,5212259,7269233,5529735,10769241
Middle Africa,1957,12792117,16599894,1009981,5331746,7460371,5633420,10966474
Middle Africa,1958,13091581,16937344,1023146,5423446,7668135,5749344,11188000
Middle Africa,1959,13395339,17297488,1034510,5517575,7877764,5871033,11426455
Middle Africa,1960,13710219,17674740,1043823,5641817,8068402,5996316,11678424
Middle Africa,1961,14101821,17985505,1070020,5790174,8311647,6098472,11887033
Middle Africa,1962,14498078,18322211,1093954,5938046,8560032,6208976,12113235
Middle Africa,1963,14896273,18688706,1115789,6092878,8803395,6330866,12357840
Middle Africa,1964,15287936,19094634,1135881,6255212,9032724,6470181,12624453
Middle Africa,1965,15669881,19544193,1154367,6431074,9238807,6630596,12913597
Middle Africa,1966,16143198,19922838,1186672,6650393,9492805,6773219,13149619
Middle Africa,1967,16594087,20360353,1217561,6833240,9760847,6942621,13417732
Middle Africa,1968,17032918,20844803,1247039,6997181,10035737,7133206,13711597
Middle Africa,1969,17473181,21360363,1274886,7165994,10307187,7337525,14022838
Middle Africa,1970,17922264,21898580,1301063,7362742,10559522,7551923,14346657
Middle Africa,1971,18471476,22353174,1339946,7602139,10869337,7740709,14612465
Middle Africa,1972,19017381,22845170,1376834,7821972,11195409,7946674,14898496
Middle Africa,1973,19566174,23374697,1412115,8037286,11528888,8167131,15207566
Middle Africa,1974,20122473,23945533,1446238,8262798,11859675,8399685,15545848
Middle Africa,1975,20690024,24560024,1479541,8515538,12174486,8643724,15916300
Middle Africa,1976,21367557,25110379,1525002,8814488,12553069,8862637,16247742
Middle Africa,1977,22043201,25720812,1569349,9089186,12954015,9099870,16620942
Middle Africa,1978,22721025,26382914,1612691,9354207,13366818,9354232,17028682
Middle Africa,1979,23403539,27087431,1654950,9625213,13778326,9625447,17461984
Middle Africa,1980,24091274,27829445,1696228,9919489,14171785,9914273,17915172
Middle Africa,1981,24890378,28494370,1748483,10261743,14628635,10181884,18312486
Middle Africa,1982,25682879,29217351,1799243,10574174,15108705,10474801,18742550
Middle Africa,1983,26473332,29992705,1848604,10872877,15600455,10789113,19203592
Middle Africa,1984,27264794,30815734,1896595,11175421,16089373,11120566,19695168
Middle Africa,1985,28059744,31685485,1943434,11502143,16557601,11468211,20217274
Middle Africa,1986,28970681,32465857,2001182,11874844,17095837,11788112,20677745
Middle Africa,1987,29863250,33311002,2057041,12209415,17653835,12133134,21177868
Middle Africa,1988,30763206,34235441,2112479,12533803,18229403,12508823,21726618
Middle Africa,1989,31706027,35257767,2169193,12886132,18819895,12922598,22335169
Middle Africa,1990,32716873,36386316,2228098,13305046,19411827,13378577,23007739
Middle Africa,1991,33905276,37530513,2300829,13782809,20122467,13850179,23680334
Middle Africa,1992,35138341,38809798,2375855,14256352,20881989,14373752,24436046
Middle Africa,1993,36380861,40173213,2450989,14727197,21653664,14928741,25244472
Middle Africa,1994,37569643,41563530,2523565,15175349,22394294,15491687,26071843
Middle Africa,1995,38652512,42950938,2592488,15582964,23069548,16050794,26900144
Middle Africa,1996,39801154,44122103,2665034,16039009,23762145,16541129,27580974
Middle Africa,1997,40844998,45301166,2729483,16415555,24429443,17033242,28267924
Middle Africa,1998,41829548,46526382,2788898,16749127,25080421,17539045,28987337
Middle Africa,1999,42832691,47842360,2846568,17108385,25724306,18072961,29769399
Middle Africa,2000,43918901,49275450,2904517,17565007,26353894,18644300,30631150
Middle Africa,2001,45236315,50679327,2988553,18119516,27116799,19207927,31471400
Middle Africa,2002,46617505,52224890,3073082,18688184,27929321,19819476,32405414
Middle Africa,2003,48064345,53893436,3157957,19288748,28775597,20469385,33424051
Middle Africa,2004,49563304,55664493,3242726,19925808,29637496,21147344,34517149
Middle Africa,2005,51103229,57523563,3327256,20609124,30494105,21847242,35676321
Middle Africa,2006,52842118,59292936,3432027,21387397,31454721,22504395,36788541
Middle Africa,2007,54596794,61186005,3537214,22106652,32490142,23199351,37986654
Middle Africa,2008,56377834,63186332,3642294,22791159,33586675,23923863,39262469
Middle Africa,2009,58194378,65278229,3746322,23471179,34723199,24669772,40608457
Middle Africa,2010,60047232,67454812,3849355,24179254,35867978,25435035,42019777
Middle Africa,2011,62095301,69534291,3970742,24960161,37135140,26161463,43372828
Middle Africa,2012,64142013,71731845,4090570,25668388,38473625,26926559,44805286
Middle Africa,2013,66187594,74043683,4211508,26330134,39857460,27735016,46308667
Middle Africa,2014,68224640,76473678,4337246,26970501,41254139,28597137,47876541
Middle Africa,2015,70243821,79028438,4470465,27615846,42627975,29521898,49506540
Middle Africa,2016,72349968,81587822,4625186,28283091,44066877,30465608,51122214
Middle Africa,2017,74411113,84298228,4785544,28891250,45519863,31476378,52821850
Middle Africa,2018,76430158,87157151,4950894,29466029,46964129,32554484,54602667
Middle Africa,2019,78411524,90161778,5119665,30038070,48373454,33700445,56461333
Middle Africa,2020,80357621,93309937,5291707,30635904,49721717,34913568,58396369
Middle Africa,2021,82369676,96485181,5481649,31259886,51109790,36155203,60329978
Middle Africa,2022,84341032,99810924,5672396,31881291,52459741,37462045,62348879
Middle Africa,2023,86272267,103284572,5866811,32506870,53765397,38822089,64462483
Middle Africa,2024,88164987,106902395,6068162,33139366,55025621,40218232,66684163
Middle Africa,2025,90024261,110657447,6279016,33787645,56236616,41636614,69020833
Middle Africa,2026,92004969,114383869,6509577,34509057,57495912,43021716,71362153
Middle Africa,2027,93936351,118264781,6746716,35178687,58757664,44433142,73831639
Middle Africa,2028,95833364,122283952,6992075,35815913,60017451,45855140,76428812
Middle Africa,2029,97715661,126421042,7247000,36447106,61268555,47267549,79153493
Middle Africa,2030,99594281,130662758,7513500,37098913,62495368,48657883,82004875
Middle Africa,2031,101608513,134860009,7800095,37814624,63793889,49979726,84880283
Middle Africa,2032,103597260,139182766,8095381,38476852,65120408,51285433,87897333
Middle Africa,2033,105563921,143621874,8402072,39104889,66459032,52576648,91045226
Middle Africa,2034,107506999,148172125,8723164,39717998,67789001,53859674,94312451
Middle Africa,2035,109423758,152829369,9061751,40337066,69086692,55139641,97689728
Middle Africa,2036,111445608,157455027,9422179,40998633,70446975,56379829,101075198
Middle Africa,2037,113423564,162203831,9795426,41609733,71813831,57620322,104583509
Middle Africa,2038,115356418,167068344,10184899,42184926,73171492,58867661,108200683
Middle Africa,2039,117240448,172042695,10594316,42738250,74502198,60131632,111911063
Middle Africa,2040,119071940,177121501,11027421,43285222,75786718,61418389,115703112
Middle Africa,2041,120978768,182172651,11484543,43863311,77115457,62697700,119474951
Middle Africa,2042,122816253,187344091,11959125,44389041,78427212,64004212,123339879
Middle Africa,2043,124585930,192626889,12454563,44877137,79708793,65333350,127293539
Middle Africa,2044,126290691,198010851,12974153,45344269,80946422,66676740,131334111
Middle Africa,2045,127932196,203486905,13521627,45807098,82125098,68028075,135458830
Middle Africa,2046,129633712,208933801,14091104,46297940,83335772,69366455,139567346
Middle Africa,2047,131262426,214483520,14680138,46751269,84511157,70713608,143769912
Middle Africa,2048,132820274,220127443,15293100,47177756,85642518,72064434,148063009
Middle Africa,2049,134310523,225855992,15934522,47588271,86722252,73411369,152444623
Middle Africa,2050,135736676,231658811,16609018,47994908,87741768,74747968,156910843
Middle Africa,2051,137229371,237412347,17306669,48438970,88790401,76057574,161354773
Middle Africa,2052,138651704,243249559,18027862,48846672,89805032,77354406,165895153
Middle Africa,2053,140007281,249158956,18776474,49227314,90779967,78634011,170524945
Middle Africa,2054,141300821,255128168,19555849,49590685,91710136,79890293,175237875
Middle Africa,2055,142536139,261145033,20370434,49947992,92588147,81118472,180026561
Middle Africa,2056,143849575,267086710,21202711,50347327,93502248,82309440,184777270
Middle Africa,2057,145095663,273087178,22061341,50703143,94392520,83471846,189615332
Middle Africa,2058,146280653,279133516,22951462,51028458,95252195,84604534,194528982
Middle Africa,2059,147412803,285212217,23877525,51339525,96073278,85705665,199506552
Middle Africa,2060,148497511,291309792,24845812,51651570,96845941,86773928,204535864
Middle Africa,2061,149662600,297319668,25832111,52001511,97661089,87812052,209507616
Middle Africa,2062,150777596,303355035,26848935,52327818,98449778,88816309,214538726
Middle Africa,2063,151839309,309400502,27909203,52633468,99205841,89790009,219610493
Middle Africa,2064,152841222,315440569,29028202,52917623,99923599,90737302,224703267
Middle Africa,2065,153779942,321459606,30218932,53183434,100596508,91660332,229799274
Middle Africa,2066,154808542,327340487,31441082,53493842,101314700,92564989,234775498
Middle Africa,2067,155760993,333223048,32717070,53746909,102014084,93448412,239774636
Middle Africa,2068,156643135,339086160,34057549,53956208,102686927,94309789,244776371
Middle Africa,2069,157463605,344904755,35474215,54140260,103323345,95146266,249758489
Middle Africa,2070,158226032,350660177,36977636,54315148,103910884,95956263,254703914
Middle Africa,2071,159060240,356271853,38514081,54516830,104543410,96761161,259510692
Middle Africa,2072,159831586,361841266,40112750,54690063,105141523,97540302,264300964
Middle Africa,2073,160537111,367362567,41779386,54840493,105696618,98296137,269066430
Middle Africa,2074,161172057,372833171,43518553,54971517,106200540,99030902,273802269
Middle Africa,2075,161734868,378245595,45336274,55088214,106646654,99744967,278500628
Middle Africa,2076,162372383,383522424,47159819,55239649,107132734,100463312,283059112
Middle Africa,2077,162937361,388762108,49033741,55361225,107576136,101159677,287602431
Middle Africa,2078,163430163,393955485,50961898,55456888,107973275,101832964,292122521
Middle Africa,2079,163852863,399093842,52945454,55530960,108321903,102479877,296613965
Middle Africa,2080,164207421,404165466,54989362,55589066,108618355,103097216,301068250
Middle Africa,2081,164652201,409108311,56993537,55689755,108962446,103717334,305390977
Middle Africa,2082,165023038,414015211,59026528,55749770,109273268,104308905,309706306
Middle Africa,2083,165324640,418866030,61101282,55778583,109546057,104868599,313997431
Middle Africa,2084,165563633,423638226,63231742,55788366,109775267,105390533,318247693
Middle Africa,2085,165744085,428312011,65431445,55790091,109953994,105870546,322441465
Middle Africa,2086,166014854,432859150,67577273,55829480,110185374,106351372,326507778
Middle Africa,2087,166229033,437338288,69754525,55847585,110381448,106789905,330548383
Middle Africa,2088,166385089,441733101,71978361,55847618,110537471,107189145,334543956
Middle Africa,2089,166480157,446027721,74264734,55830941,110649216,107552824,338474897
Middle Africa,2090,166513703,450205012,76628847,55800843,110712860,107882584,342322428
Middle Africa,2091,166649544,454246047,78923551,55816333,110833211,108224421,346021626
Middle Africa,2092,166723567,458208080,81253861,55800390,110923177,108533555,349674525
Middle Africa,2093,166738680,462072191,83634079,55759143,110979537,108810158,353262033
Middle Africa,2094,166699652,465818289,86078004,55700676,110998976,109052702,356765587
Middle Africa,2095,166609290,469427702,88600067,55632785,110976505,109259763,360167939
Middle Africa,2096,166623246,472903346,91040177,55607700,111015546,109483539,363419807
Middle Africa,2097,166586307,476287815,93509586,55557278,111029029,109675198,366612617
Middle Africa,2098,166497801,479565810,96022855,55485468,111012333,109835484,369730326
Middle Africa,2099,166355573,482723566,98594487,55395188,110960385,109964099,372759467
Middle Africa,2100,166157949,485745488,101240342,55290415,110867534,110060176,375685312
Middle-income countries,1950,627381186,1035446520,71653136,245614879,381766307,328710541,706735979
Middle-income countries,1951,647856597,1051311096,73226650,262605131,385251466,333731587,717579509
Middle-income countries,1952,668292747,1066194497,74402244,279134406,389158341,338258871,727935626
Middle-income countries,1953,687346623,1082092699,75290952,292488186,394858437,342709791,739382908
Middle-income countries,1954,705023014,1099608193,75927158,301790661,403232353,347047370,752560823
Middle-income countries,1955,722311179,1118284067,76297132,308409033,413902146,351062619,767221448
Middle-income countries,1956,746645409,1129887730,77591168,319131229,427514180,352575855,777311875
Middle-income countries,1957,768755552,1145005343,78762510,322998468,445757084,354708911,790296432
Middle-income countries,1958,790597981,1161933752,79717104,323554634,467043347,357118861,804814891
Middle-income countries,1959,813491338,1179483150,80395904,324460256,489031082,359710161,819772989
Middle-income countries,1960,837622648,1197498230,80810316,328261266,509361382,362720144,834778086
Middle-income countries,1961,860243732,1216605321,83165354,329298378,530945354,366469462,850135859
Middle-income countries,1962,885934000,1234737819,85129986,336477237,549456763,370091298,864646521
Middle-income countries,1963,912815737,1253947307,86835235,348038720,564777017,374915415,879031892
Middle-income countries,1964,938205016,1277099268,88457460,360527633,577677383,382878603,894220665
Middle-income countries,1965,961052198,1305368865,90072775,371720776,589331422,394970776,910398089
Middle-income countries,1966,987109404,1331447563,93366796,385973013,601136391,408733895,922713668
Middle-income countries,1967,1009536736,1363540725,96761810,395736841,613799895,426865413,936675312
Middle-income countries,1968,1029652758,1399800259,100208192,402077471,627575287,447788609,952011650
Middle-income countries,1969,1049622766,1437353248,103612785,407174696,642448070,468977778,968375470
Middle-income countries,1970,1070364725,1474689574,106947066,412801605,657563120,488890275,985799299
Middle-income countries,1971,1093264158,1509443833,111055498,419018718,674245440,506778526,1002665307
Middle-income countries,1972,1115779315,1545080206,115055718,423277477,692501838,523765490,1021314716
Middle-income countries,1973,1137592490,1581666550,118978770,426286078,711306412,539740130,1041926420
Middle-income countries,1974,1157618240,1620004139,122903594,428290709,729327531,554953810,1065050329
Middle-income countries,1975,1175144160,1660648535,126883099,429700673,745443487,569677724,1090970811
Middle-income countries,1976,1192063225,1700759611,131707956,430449417,761613808,583499044,1117260567
Middle-income countries,1977,1206392355,1743272462,136541139,430210053,776182302,596516890,1146755572
Middle-income countries,1978,1218669584,1788263411,141288749,429813461,788856123,609494944,1178768467
Middle-income countries,1979,1229963094,1835559963,145779624,430543193,799419901,623519090,1212040873
Middle-income countries,1980,1241139921,1884909754,149938026,433373667,807766254,639199657,1245710097
Middle-income countries,1981,1252863967,1934805433,154588067,436658442,816205525,656192377,1278613056
Middle-income countries,1982,1265363769,1985830037,158779211,443032605,822331164,674429428,1311400609
Middle-income countries,1983,1278452593,2038212114,162714530,451729153,826723440,693321312,1344890802
Middle-income countries,1984,1291914685,2092178699,166653303,461603577,830311108,711840709,1380337990
Middle-income countries,1985,1305871589,2147517034,170751897,471972843,833898746,729210370,1418306664
Middle-income countries,1986,1325131201,2198997649,175615383,486029826,839101375,743989878,1455007771
Middle-income countries,1987,1344385167,2252288972,180476588,498139527,846245640,757992942,1494296030
Middle-income countries,1988,1363352826,2306324119,185417127,507922111,855430715,770745502,1535578617
Middle-income countries,1989,1381159151,2360153706,190571761,514611565,866547586,781808289,1578345417
Middle-income countries,1990,1396807456,2413429895,196044966,517942322,878865134,791070205,1622359690
Middle-income countries,1991,1415475529,2459939503,202403375,522317843,893157686,796869967,1663069536
Middle-income countries,1992,1428784205,2508810896,209133956,518102722,910681483,801757107,1707053789
Middle-income countries,1993,1438306997,2559056388,216000480,508347477,929959520,806009321,1753047067
Middle-income countries,1994,1446199597,2609525041,222650972,497577821,948621776,810236911,1799288130
Middle-income countries,1995,1453344933,2659987977,228945441,489061192,964283741,815140415,1844847562
Middle-income countries,1996,1454253924,2714303536,236563854,475504439,978749485,821776694,1892526842
Middle-income countries,1997,1457108377,2766290808,243414760,469401932,987706445,828214776,1938076032
Middle-income countries,1998,1459569387,2818146983,249878546,468703748,990865639,835758257,1982388726
Middle-income countries,1999,1458455309,2872807098,256479143,469512111,988943198,845978825,2026828273
Middle-income countries,2000,1452779244,2931249512,263460937,469205335,983573909,859462550,2071786962
Middle-income countries,2001,1448871491,2986543489,271563614,472241622,976629869,874472930,2112070559
Middle-income countries,2002,1440912436,3045516572,279872516,473411793,967500643,892644700,2152871872
Middle-income countries,2003,1430607261,3106893059,288086197,473189211,957418050,912167900,2194725159
Middle-income countries,2004,1421089589,3168190813,295668340,473236357,947853232,930097768,2238093045
Middle-income countries,2005,1414187925,3227892115,302405689,474819251,939368674,944545847,2283346268
Middle-income countries,2006,1411611988,3282963146,309645652,479087566,932524422,954801438,2328161708
Middle-income countries,2007,1410669377,3337262930,316267604,482278031,928391346,961988366,2375274564
Middle-income countries,2008,1411685608,3390211041,322655667,485037416,926648192,965915634,2424295407
Middle-income countries,2009,1414361761,3441730795,329331767,487776287,926585474,966639349,2475091446
Middle-income countries,2010,1418408011,3491818688,336654810,490928540,927479471,964367481,2527451207
Middle-income countries,2011,1424665085,3538731275,345578056,494540604,930124481,958950994,2579780281
Middle-income countries,2012,1432343820,3584458574,354762504,497928908,934414912,950326696,2634131878
Middle-income countries,2013,1440874996,3628722174,364690414,501003809,939871187,940011130,2688711044
Middle-income countries,2014,1449296130,3671281358,376071177,503404014,945892116,930286969,2740994389
Middle-income countries,2015,1456904918,3712003887,389355174,504903895,952001023,922668793,2789335094
Middle-income countries,2016,1464863874,3748806597,405304645,506211030,958652844,916744343,2832062254
Middle-income countries,2017,1471440660,3784391219,422948219,505983953,965456707,913065323,2871325896
Middle-income countries,2018,1476706435,3819306747,441628534,504613420,972093015,911512156,2907794591
Middle-income countries,2019,1480971719,3854300729,460301583,502760451,978211268,911586802,2942713927
Middle-income countries,2020,1484347665,3889805382,478423121,500904676,983442989,912953520,2976851862
Middle-income countries,2021,1486646887,3925036329,496909406,498262493,988384394,915796781,3009239548
Middle-income countries,2022,1488295604,3960670339,514579601,496273615,992021989,920047118,3040623221
Middle-income countries,2023,1488944281,3996374608,532076648,494733796,994210485,925440962,3070933646
Middle-income countries,2024,1488204426,4031590473,550313557,493211533,994992893,931548543,3100041930
Middle-income countries,2025,1485981411,4065819507,569860461,491409437,994571974,938007299,3127812208
Middle-income countries,2026,1483911882,4097389530,590726078,490048656,993863226,944846413,3152543117
Middle-income countries,2027,1480559301,4128404237,612241744,488459630,992099671,951819723,3176584514
Middle-income countries,2028,1476155393,4158574020,634503017,486695747,989459646,958631291,3199942729
Middle-income countries,2029,1471178050,4187451904,657536912,484973013,986205037,964870182,3222581722
Middle-income countries,2030,1465972858,4214699861,681381167,483485590,982487268,970231971,3244467890
Middle-income countries,2031,1462082782,4238940550,705881922,482878014,979204768,974831393,3264109157
Middle-income countries,2032,1457960755,4262030563,730725351,482071325,975889430,978405231,3283625332
Middle-income countries,2033,1453750678,4283957565,755790485,481194610,972556068,980899585,3303057980
Middle-income countries,2034,1449552775,4304859607,780848184,480372917,969179858,982284833,3322574774
Middle-income countries,2035,1445442972,4324792116,805775079,479745522,965697450,982558636,3342233480
Middle-income countries,2036,1442968268,4342667088,830115598,479900338,963067930,981934007,3360733081
Middle-income countries,2037,1440623095,4359911382,853955267,479876150,960746945,980156491,3379754891
Middle-income countries,2038,1438417359,4376623942,877199724,479747229,958670130,977504647,3399119295
Middle-income countries,2039,1436311651,4393106689,899602976,479575640,956736011,974382005,3418724684
Middle-income countries,2040,1434271287,4409479570,921089128,479439638,954831649,971075990,3438403580
Middle-income countries,2041,1433701009,4424662128,941338706,479890923,953810086,967853695,3456808433
Middle-income countries,2042,1433126319,4440169371,960300834,480044164,953082155,964519533,3475649838
Middle-income countries,2043,1432504530,4455348583,978644585,479956934,952547596,961189779,3494158804
Middle-income countries,2044,1431759608,4469343132,997266337,479679857,952079751,957952946,3511390186
Middle-income countries,2045,1430809633,4481560818,1016811117,479269888,951539745,954876610,3526684208
Middle-income countries,2046,1430874933,4491050749,1037002385,479196036,951678897,952251245,3538799504
Middle-income countries,2047,1430636316,4499715517,1057255539,478746504,951889812,949891790,3549823727
Middle-income countries,2048,1430045049,4507044085,1078113818,477989372,952055677,947831371,3559212714
Middle-income countries,2049,1429033926,4512310871,1100352586,476990639,952043287,946053039,3566257832
Middle-income countries,2050,1427522184,4515069620,1124487652,475806691,951715493,944529034,3570540586
Middle-income countries,2051,1426579346,4514602928,1150168571,474780209,951799137,943559118,3571043810
Middle-income countries,2052,1425139324,4512368367,1177010425,473503811,951635513,942850590,3569517777
Middle-income countries,2053,1423136987,4509244649,1204201201,472017573,951119414,942370640,3566874009
Middle-income countries,2054,1420540342,4506706074,1230302428,470366636,950173706,942056177,3564649897
Middle-income countries,2055,1417342057,4505645136,1254439467,468596048,948746009,941849488,3563795648
Middle-income countries,2056,1414593729,4505240241,1276392815,467025785,947567944,942041436,3563198805
Middle-income countries,2057,1411357416,4506790581,1295826389,465365710,945991706,942291304,3564499277
Middle-income countries,2058,1407634410,4509883527,1313196473,463645382,943989028,942545941,3567337586
Middle-income countries,2059,1403467450,4513851743,1329183662,461908268,941559182,942704725,3571147018
Middle-income countries,2060,1398899613,4518142317,1344347390,460195920,938703693,942672411,3575469906
Middle-income countries,2061,1395050021,4522209420,1358143284,458883342,936166679,942750931,3579458489
Middle-income countries,2062,1390975523,4527350712,1370239980,457592550,933382973,942604452,3584746260
Middle-income countries,2063,1386674565,4532987503,1381255162,456317902,930356663,942192352,3590795151
Middle-income countries,2064,1382159967,4538396624,1391937970,455048894,927111073,941448706,3596947918
Middle-income countries,2065,1377449598,4542973286,1402910029,453796010,923653588,940313468,3602659818
Middle-income countries,2066,1373851117,4546221614,1413387974,453114737,920736380,939131171,3607090443
Middle-income countries,2067,1370141273,4549322498,1423437170,452257824,917883449,937583930,3611738568
Middle-income countries,2068,1366342681,4551869614,1433462888,451273833,915068848,935682643,3616186971
Middle-income countries,2069,1362479770,4553463781,1443858084,450230418,912249352,933438339,3620025442
Middle-income countries,2070,1358544515,4553760012,1454993621,449191552,909352963,930858619,3622901393
Middle-income countries,2071,1355733831,4552691348,1465762920,448612333,907121498,928376608,3624314740
Middle-income countries,2072,1352904544,4551099728,1476486406,447868119,905036425,925620459,3625479269
Middle-income countries,2073,1349998703,4548668390,1487545984,446985027,903013676,922648976,3626019414
Middle-income countries,2074,1346939338,4545173922,1499244435,445981004,900958334,919545743,3625628179
Middle-income countries,2075,1343665696,4540477596,1511788462,444884205,898781491,916372847,3624104749
Middle-income countries,2076,1341285630,4534616487,1524047105,444106079,897179551,913564610,3621051877
Middle-income countries,2077,1338738376,4528380200,1536314091,443136273,895602103,910750792,3617629408
Middle-income countries,2078,1335977222,4521766428,1548664474,442001867,893975355,907972021,3613794407
Middle-income countries,2079,1332951270,4514880792,1561073713,440730999,892220271,905256550,3609624242
Middle-income countries,2080,1329598045,4507705837,1573648518,439345647,890252398,902607141,3605098696
Middle-income countries,2081,1326829596,4500020593,1585713596,438159678,888669918,900389967,3599630626
Middle-income countries,2082,1323841786,4492974934,1596937156,436848060,886993726,898312924,3594662010
Middle-income countries,2083,1320590889,4486408024,1607547308,435424390,885166499,896361106,3590046918
Middle-income countries,2084,1317002609,4480007420,1617954882,433888362,883114247,894462736,3585544684
Middle-income countries,2085,1312974670,4473325491,1628729337,432229850,880744820,892523371,3580802120
Middle-income countries,2086,1309550507,4466776330,1638427189,430810224,878740283,890994540,3575781790
Middle-income countries,2087,1305868013,4461002455,1647274188,429296240,876571773,889501764,3571500691
Middle-income countries,2088,1301829841,4455451741,1655922153,427676642,874153199,887963130,3567488611
Middle-income countries,2089,1297391240,4449675735,1664862177,425957361,871433879,886296321,3563379414
Middle-income countries,2090,1292548817,4443409888,1674360744,424157960,868390857,884450640,3558959248
Middle-income countries,2091,1288518183,4437812927,1682043744,422698346,865819837,882998836,3554814091
Middle-income countries,2092,1284236669,4432505757,1689354736,421165702,863070967,881401353,3551104404
Middle-income countries,2093,1279679430,4427154469,1696654531,419566598,860112832,879628089,3547526380
Middle-income countries,2094,1274831712,4421416153,1704301298,417908169,856923543,877636534,3543779619
Middle-income countries,2095,1269680537,4414986141,1712610291,416199782,853480755,875387441,3539598700
Middle-income countries,2096,1265494837,4409238507,1718933118,414901102,850593735,873488377,3535750130
Middle-income countries,2097,1261117109,4403416446,1725174850,413519624,847597485,871353182,3532063264
Middle-income countries,2098,1256529742,4397193048,1731667170,412066167,844463575,868973402,3528219646
Middle-income countries,2099,1251747373,4390305192,1738642346,410570695,841176678,866348742,3523956450
Middle-income countries,2100,1246789884,4382510453,1746302699,409077131,837712753,863472081,3519038372
Moldova,1950,657398,1502889,180710,202686,454712,448177,1054712
Moldova,1951,668158,1530894,182388,222694,445464,454606,1076288
Moldova,1952,684201,1563739,184155,249053,435148,463189,1100550
Moldova,1953,701509,1603507,186048,274749,426760,473843,1129664
Moldova,1954,721435,1647715,187440,298418,423017,484500,1163215
Moldova,1955,746770,1692487,187752,321472,425298,493113,1199374
Moldova,1956,787319,1725330,188142,353664,433655,496886,1228444
Moldova,1957,826215,1762289,188045,373386,452829,500564,1261725
Moldova,1958,866532,1799050,187410,384888,481644,502370,1296680
Moldova,1959,909658,1832835,186492,392185,517473,500703,1332132
Moldova,1960,954714,1863241,185604,398281,556433,495252,1367989
Moldova,1961,996654,1891989,187279,398425,598229,487344,1404645
Moldova,1962,1040441,1916539,188570,399528,640913,475446,1441093
Moldova,1963,1082631,1939565,189898,400773,681858,463397,1476168
Moldova,1964,1117984,1965569,191904,399350,718634,456972,1508597
Moldova,1965,1143532,1997189,194910,393164,750368,459690,1537499
Moldova,1966,1159378,2031570,201137,382022,777356,470692,1560878
Moldova,1967,1165946,2070768,208136,369287,796659,490062,1580706
Moldova,1968,1164726,2115006,215405,356133,808593,516762,1598244
Moldova,1969,1159822,2162743,222073,345774,814048,548379,1614364
Moldova,1970,1154251,2212561,227706,340133,814118,582912,1629649
Moldova,1971,1140135,2270390,234993,333518,806617,623328,1647062
Moldova,1972,1131341,2325132,240679,338561,792780,663257,1661875
Moldova,1973,1125831,2376082,246014,350863,774968,699545,1676537
Moldova,1974,1119083,2423970,252600,363216,755867,729498,1694472
Moldova,1975,1108376,2469481,261053,370742,737634,752004,1717477
Moldova,1976,1104647,2500505,271795,387043,717604,761294,1739211
Moldova,1977,1093402,2533224,284018,390116,703286,764762,1768462
Moldova,1978,1079496,2566748,295896,384359,695137,763211,1803537
Moldova,1979,1070878,2598596,305032,378222,692656,756918,1841678
Moldova,1980,1071842,2627438,310558,378354,693488,746605,1880833
Moldova,1981,1077889,2656041,314687,378187,699702,739703,1916338
Moldova,1982,1092483,2681995,315378,384974,707509,728089,1953906
Moldova,1983,1112009,2705954,314483,397119,714890,713864,1992090
Moldova,1984,1131008,2728854,314762,409766,721242,699835,2029019
Moldova,1985,1147002,2750175,317739,419056,727946,687896,2062279
Moldova,1986,1167445,2760765,324955,428784,738661,672455,2088310
Moldova,1987,1186751,2768578,333771,435284,751467,658098,2110480
Moldova,1988,1202579,2774890,343460,437502,765077,646094,2128796
Moldova,1989,1213443,2780000,353010,434817,778626,637280,2142720
Moldova,1990,1218240,2783976,361900,426912,791328,632622,2151354
Moldova,1991,1220055,2782773,370750,418103,801952,637687,2145086
Moldova,1992,1212866,2783597,378850,400370,812496,647010,2136587
Moldova,1993,1198029,2786128,385492,376671,821358,659258,2126870
Moldova,1994,1177986,2789612,389685,351516,826470,672213,2117399
Moldova,1995,1154251,2793847,390984,328151,826100,684551,2109296
Moldova,1996,1122715,2795939,396046,299290,823425,698806,2097133
Moldova,1997,1091390,2795997,397544,278683,812707,711979,2084018
Moldova,1998,1059127,2797187,396970,264386,794741,725022,2072165
Moldova,1999,1023901,2804219,396153,252703,771198,739790,2064429
Moldova,2000,985371,2819870,395848,241120,744251,757089,2062781
Moldova,2001,942379,2842486,400640,232695,709684,772615,2069871
Moldova,2002,897000,2873635,405981,223973,673027,788685,2084950
Moldova,2003,851016,2909813,410817,215339,635677,803193,2106620
Moldova,2004,807863,2945070,413404,208646,599217,812755,2132315
Moldova,2005,769826,2975154,412719,205401,564425,815079,2160075
Moldova,2006,742617,2985685,416428,207062,535555,806404,2179281
Moldova,2007,719505,2991314,417830,209568,509937,794924,2196390
Moldova,2008,700885,2993023,417532,213029,487856,780749,2212274
Moldova,2009,686099,2993705,416236,216713,469386,763981,2229724
Moldova,2010,674594,2995432,414455,220111,454483,744373,2251059
Moldova,2011,662453,3001300,413615,223913,438540,719551,2281749
Moldova,2012,653282,3010281,410140,225609,427673,687666,2322615
Moldova,2013,646777,3020026,405161,225569,421208,650543,2369483
Moldova,2014,642395,3025492,402052,224330,418065,611834,2413658
Moldova,2015,639455,3022436,404089,222219,417236,574603,2447833
Moldova,2016,638063,3002360,419185,217838,420225,539425,2462935
Moldova,2017,637657,2973451,440104,213070,424587,507827,2465624
Moldova,2018,637370,2939810,463885,208090,429280,480349,2459461
Moldova,2019,636235,2907140,486375,203031,433204,457132,2450008
Moldova,2020,633639,2878735,505313,197822,435817,438257,2440478
Moldova,2021,626986,2852169,525676,190161,436825,424342,2427827
Moldova,2022,619976,2828744,542255,184964,435012,415085,2413659
Moldova,2023,611862,2807703,556548,181310,430552,409938,2397765
Moldova,2024,602173,2787241,570817,178044,424129,407914,2379327
Moldova,2025,590945,2766186,586191,174333,416612,408166,2358020
Moldova,2026,579640,2741195,604590,171608,408032,410542,2330653
Moldova,2027,566729,2716460,623369,168237,398492,414992,2301468
Moldova,2028,552880,2692943,640876,164395,388485,420251,2272692
Moldova,2029,539180,2672009,654637,160622,378558,424567,2247442
Moldova,2030,526248,2654284,663409,157322,368926,426802,2227482
Moldova,2031,514380,2637154,669514,154801,359579,427069,2210085
Moldova,2032,503112,2622987,671116,152136,350976,424916,2198071
Moldova,2033,492635,2610139,669771,149561,343074,420588,2189551
Moldova,2034,482928,2596503,667722,147255,335673,414706,2181797
Moldova,2035,473963,2580827,666365,145381,328582,407739,2173088
Moldova,2036,465598,2561379,667610,143754,321844,399773,2161606
Moldova,2037,458316,2540048,669121,142722,315594,390411,2149637
Moldova,2038,451972,2517066,670927,142137,309835,380215,2136851
Moldova,2039,446293,2492858,672958,141753,304540,369972,2122886
Moldova,2040,441132,2467574,675287,141402,299730,360234,2107340
Moldova,2041,436830,2438072,680769,141526,295304,351094,2086978
Moldova,2042,432928,2407547,686684,141411,291517,342602,2064945
Moldova,2043,429472,2375775,693231,141092,288380,334703,2041072
Moldova,2044,426532,2342557,700542,140662,285870,327203,2015354
Moldova,2045,424054,2307801,708746,140179,283875,320026,1987775
Moldova,2046,421752,2268387,721283,139688,282064,313250,1955137
Moldova,2047,419712,2228645,733741,138929,280783,306960,1921685
Moldova,2048,417877,2187718,747019,137961,279916,301186,1886532
Moldova,2049,416104,2144206,762665,136814,279290,295955,1848251
Moldova,2050,414217,2097398,781542,135500,278717,291279,1806119
Moldova,2051,411683,2045152,806328,133808,277875,287163,1757989
Moldova,2052,409061,1990667,833258,132108,276953,283539,1707128
Moldova,2053,406233,1936034,860346,130375,275858,280410,1655624
Moldova,2054,403112,1884381,884504,128586,274526,277800,1606581
Moldova,2055,399653,1837657,903820,126715,272938,275726,1561931
Moldova,2056,395533,1794132,920344,124628,270905,274234,1519898
Moldova,2057,391228,1755503,931906,122718,268510,273166,1482337
Moldova,2058,386715,1721349,938931,120929,265786,272394,1448955
Moldova,2059,382026,1690863,942169,119220,262806,271724,1419139
Moldova,2060,377184,1663421,942221,117550,259634,271007,1392414
Moldova,2061,372240,1638515,939544,116028,256212,270372,1368143
Moldova,2062,367272,1616922,933312,114613,252659,269609,1347313
Moldova,2063,362327,1597973,924196,113292,249035,268622,1329351
Moldova,2064,357484,1580937,912889,112073,245411,267320,1313617
Moldova,2065,352824,1565292,899882,110979,241845,265664,1299628
Moldova,2066,348444,1550414,885739,110159,238285,263775,1286639
Moldova,2067,344313,1536966,869892,109389,234924,261481,1275485
Moldova,2068,340481,1524191,853109,108681,231800,258834,1265357
Moldova,2069,336974,1511037,836469,108050,228924,255916,1255121
Moldova,2070,333774,1496792,820777,107508,226266,252801,1243991
Moldova,2071,330770,1480295,807351,107125,223645,249501,1230794
Moldova,2072,328109,1463059,794620,106735,221374,246020,1217039
Moldova,2073,325777,1445185,782580,106345,219432,242443,1202742
Moldova,2074,323746,1426954,771120,105961,217785,238889,1188065
Moldova,2075,321960,1408542,760234,105591,216369,235457,1173085
Moldova,2076,320018,1387984,752340,105176,214842,232013,1155971
Moldova,2077,318328,1367601,744741,104723,213605,228743,1138858
Moldova,2078,316845,1347692,737240,104231,212614,225678,1122014
Moldova,2079,315502,1328756,729453,103696,211806,222857,1105899
Moldova,2080,314227,1311094,721178,103106,211121,220318,1090776
Moldova,2081,312416,1292414,715354,102314,210102,217825,1074589
Moldova,2082,310707,1275491,708555,101494,209213,215655,1059836
Moldova,2083,309079,1260190,700946,100657,208422,213801,1046389
Moldova,2084,307461,1246146,692920,99796,207665,212218,1033928
Moldova,2085,305754,1232942,684968,98893,206861,210847,1022095
Moldova,2086,303500,1219278,678843,97802,205698,209576,1009702
Moldova,2087,301281,1206982,672104,96783,204498,208532,998450
Moldova,2088,299009,1195647,665203,95798,203211,207636,988011
Moldova,2089,296634,1184918,658473,94824,201810,206812,978106
Moldova,2090,294149,1174640,652032,93847,200302,206020,968620
Moldova,2091,291483,1164667,646035,92871,198612,205332,959335
Moldova,2092,288809,1155327,639959,91974,196835,204649,950678
Moldova,2093,286123,1146455,633916,91134,194989,203924,942531
Moldova,2094,283439,1137918,627988,90342,193097,203107,934811
Moldova,2095,280758,1129592,622264,89574,191184,202167,927425
Moldova,2096,278245,1121889,616108,88963,189282,201278,920611
Moldova,2097,275769,1114410,609979,88368,187401,200225,914185
Moldova,2098,273332,1106937,604032,87778,185554,198991,907946
Moldova,2099,270972,1099287,598323,87216,183756,197586,901701
Moldova,2100,268743,1091324,592842,86738,182005,196019,895305
Mongolia,1950,253696,495587,30916,95315,158381,135918,359669
Mongolia,1951,259590,501577,32371,99501,160089,138035,363542
Mongolia,1952,267312,507007,33602,106072,161240,139956,367051
Mongolia,1953,275663,512654,34743,113463,162200,141865,370789
Mongolia,1954,283727,519108,35950,120305,163422,143899,375209
Mongolia,1955,291428,526394,37281,126222,165206,146055,380339
Mongolia,1956,303457,529720,38979,134752,168705,147171,382549
Mongolia,1957,314122,535342,40810,139811,174311,148883,386459
Mongolia,1958,324937,542268,42685,143165,181772,150819,391449
Mongolia,1959,337716,549289,44476,147239,190477,152515,396774
Mongolia,1960,353506,555872,46127,154060,199446,153808,402064
Mongolia,1961,371920,562065,48193,161249,210671,154938,407127
Mongolia,1962,393999,567266,50059,171874,222125,155577,411689
Mongolia,1963,418185,572482,51716,184627,233558,156306,416176
Mongolia,1964,441828,579485,53201,196766,245062,158065,421420
Mongolia,1965,463450,589154,54520,206491,256959,161408,427746
Mongolia,1966,487857,596246,55858,217855,270002,165064,431182
Mongolia,1967,508456,607631,57104,223250,285206,170774,436857
Mongolia,1968,526865,621892,58347,224658,302207,178129,443763
Mongolia,1969,545654,636858,59702,225649,320005,186417,450441
Mongolia,1970,566058,651547,61220,228934,337124,195292,456255
Mongolia,1971,586464,666888,63698,230805,355659,205242,461646
Mongolia,1972,609024,681447,66199,236486,372538,215565,465882
Mongolia,1973,632118,696632,68554,244781,387337,226557,470075
Mongolia,1974,653092,714796,70537,252946,400146,238821,475975
Mongolia,1975,670596,737021,72034,259105,411491,252627,484394
Mongolia,1976,689039,758608,73218,266692,422347,266626,491982
Mongolia,1977,703310,784922,73977,270256,433054,282246,502676
Mongolia,1978,714811,814567,74528,271107,443704,298932,515635
Mongolia,1979,725976,845180,75135,271868,454108,315742,529438
Mongolia,1980,738189,875489,75944,274536,463653,332098,543391
Mongolia,1981,751325,904619,77531,277108,474217,347979,556640
Mongolia,1982,765349,933226,79152,281487,483862,363214,570012
Mongolia,1983,780072,962415,80729,287509,492563,377823,584592
Mongolia,1984,794969,993972,82149,294517,500452,391954,602018
Mongolia,1985,809897,1028645,83339,302143,507754,405600,623045
Mongolia,1986,828398,1062758,85153,312095,516303,417698,645060
Mongolia,1987,846910,1099707,86726,321496,525414,429163,670544
Mongolia,1988,863802,1137838,88074,329077,534725,439726,698112
Mongolia,1989,876679,1175123,89206,332909,543770,449234,725889
Mongolia,1990,883824,1210182,90139,332055,551769,457608,752574
Mongolia,1991,894467,1232985,90466,334270,560197,462600,770385
Mongolia,1992,897228,1255926,90348,326292,570936,467526,788400
Mongolia,1993,894861,1278567,89772,311708,583153,472203,806364
Mongolia,1994,891047,1300714,88735,295779,595268,476360,824354
Mongolia,1995,887592,1323123,87324,282071,605521,480189,842934
Mongolia,1996,875755,1352494,88318,261737,614018,485253,867241
Mongolia,1997,867099,1379735,88861,249621,617478,488902,890833
Mongolia,1998,859330,1407233,89027,243559,615771,492692,914541
Mongolia,1999,848724,1438549,88889,239324,609400,498974,939575
Mongolia,2000,833633,1475318,88485,233940,599693,508944,966374
Mongolia,2001,815195,1514599,89982,230227,584968,521663,992936
Mongolia,2002,792775,1559593,91291,225701,567074,537747,1021846
Mongolia,2003,768615,1608242,92429,221163,547452,555410,1052832
Mongolia,2004,747039,1656421,93372,219177,527862,571552,1084869
Mongolia,2005,730898,1701441,94107,221603,509295,584096,1117345
Mongolia,2006,719402,1742275,96335,227285,492117,592884,1149391
Mongolia,2007,713947,1779268,98455,236770,477177,598225,1181043
Mongolia,2008,714523,1813202,100406,249473,465050,599660,1213542
Mongolia,2009,720355,1845861,102073,264197,456158,596791,1249070
Mongolia,2010,731155,1878074,103421,280317,450838,589436,1288638
Mongolia,2011,750247,1905445,105824,300859,449388,576453,1328992
Mongolia,2012,773756,1932458,108012,320059,453697,559163,1373295
Mongolia,2013,800766,1958159,110182,337111,463655,539046,1419113
Mongolia,2014,829132,1982109,112655,350439,478693,518656,1463453
Mongolia,2015,856745,2004486,115646,359078,497667,499935,1504551
Mongolia,2016,887172,2020751,119475,367586,519586,482019,1538732
Mongolia,2017,912471,2039199,123977,365806,546665,466960,1572239
Mongolia,2018,934054,2058607,129111,357094,576960,455067,1603540
Mongolia,2019,954017,2077459,134768,346613,607404,446618,1630841
Mongolia,2020,972894,2095579,140931,337892,635002,442071,1653508
Mongolia,2021,981943,2120454,148749,321374,660569,443241,1677213
Mongolia,2022,992833,2141724,156686,313964,678869,447604,1694120
Mongolia,2023,1002259,2162340,165147,312765,689494,456079,1706261
Mongolia,2024,1005905,2186103,174705,312514,693391,469803,1716300
Mongolia,2025,1002185,2214442,185631,309450,692735,489030,1725412
Mongolia,2026,996473,2241967,197977,308487,687986,512461,1729506
Mongolia,2027,983766,2274030,211441,304621,679145,540922,1733108
Mongolia,2028,966288,2308980,225577,298512,667776,571827,1737153
Mongolia,2029,948219,2343541,239607,292520,655699,601109,1742432
Mongolia,2030,932024,2375825,253110,288333,643691,626067,1749758
Mongolia,2031,918029,2405263,266374,285926,632103,646958,1758305
Mongolia,2032,905628,2432897,279052,283990,621638,663458,1769439
Mongolia,2033,894997,2458407,291456,282824,612173,675123,1783284
Mongolia,2034,885482,2482110,304047,282218,603264,681864,1800246
Mongolia,2035,876776,2504204,317078,282166,594610,683761,1820443
Mongolia,2036,870310,2523462,330420,283355,586955,680781,1842681
Mongolia,2037,865262,2540893,343931,284814,580448,672446,1868447
Mongolia,2038,861662,2556641,357507,286549,575113,660461,1896180
Mongolia,2039,859483,2571025,370936,288590,570893,647426,1923599
Mongolia,2040,858657,2584228,384119,290986,567671,635122,1949106
Mongolia,2041,860176,2595255,397102,294362,565814,623641,1971614
Mongolia,2042,862814,2605363,409832,297480,565334,613166,1992197
Mongolia,2043,866500,2614472,422464,300387,566113,603676,2010796
Mongolia,2044,871081,2622604,435091,303141,567940,594808,2027796
Mongolia,2045,876346,2629807,447840,305793,570553,586412,2043395
Mongolia,2046,882815,2635287,460969,308705,574110,578883,2056404
Mongolia,2047,889625,2640617,473689,311104,578521,572346,2068271
Mongolia,2048,896501,2645142,486772,312950,583551,566911,2078231
Mongolia,2049,903021,2647938,501330,314113,588908,562670,2085268
Mongolia,2050,908795,2648649,517938,314501,594294,559699,2088950
Mongolia,2051,914240,2646607,536784,314499,599741,558020,2088587
Mongolia,2052,918542,2643367,557102,313451,605091,557594,2085773
Mongolia,2053,921634,2640069,577696,311544,610090,558351,2081718
Mongolia,2054,923488,2638402,596787,309036,614452,560159,2078243
Mongolia,2055,924017,2639444,613323,306090,617927,562914,2076530
Mongolia,2056,922855,2642680,628140,302257,620598,566675,2076005
Mongolia,2057,920564,2648511,640303,298552,622012,571144,2077367
Mongolia,2058,917036,2656881,650034,294955,622081,576168,2080713
Mongolia,2059,912251,2667586,657664,291419,620832,581532,2086054
Mongolia,2060,906299,2680386,663449,287903,618396,587036,2093350
Mongolia,2061,899392,2694625,667873,284344,615048,592668,2101957
Mongolia,2062,891859,2710668,670275,281389,610470,598144,2112524
Mongolia,2063,883785,2728185,671062,278908,604877,603230,2124955
Mongolia,2064,875393,2746733,670573,276782,598611,607611,2139122
Mongolia,2065,866950,2765853,669154,274959,591991,611046,2154807
Mongolia,2066,859354,2784042,667479,274073,585281,613466,2170576
Mongolia,2067,851913,2802658,664953,273227,578686,614847,2187811
Mongolia,2068,844869,2820639,662467,272494,572375,615101,2205538
Mongolia,2069,838500,2836631,661200,272016,566484,614133,2222498
Mongolia,2070,832965,2849704,662011,271923,561042,611933,2237771
Mongolia,2071,828862,2858592,665596,272654,556208,608487,2250105
Mongolia,2072,825585,2865200,670703,273289,552296,603855,2261345
Mongolia,2073,823162,2868890,677986,273902,549260,598306,2270584
Mongolia,2074,821514,2868893,688335,274552,546962,592245,2276648
Mongolia,2075,820519,2864890,702198,275300,545219,585985,2278905
Mongolia,2076,820466,2855839,720359,276378,544088,579554,2276285
Mongolia,2077,820979,2843428,741469,277248,543731,573042,2270386
Mongolia,2078,821934,2828995,764292,277925,544009,566685,2262310
Mongolia,2079,823112,2814636,786880,278389,544723,560768,2253868
Mongolia,2080,824315,2801706,808027,278630,545685,555500,2246206
Mongolia,2081,825643,2789126,828675,278780,546863,550917,2238209
Mongolia,2082,826863,2778495,847422,278570,548293,547111,2231384
Mongolia,2083,827872,2769574,864522,278044,549828,544088,2225486
Mongolia,2084,828536,2761811,880562,277244,551292,541778,2220033
Mongolia,2085,828677,2754771,896056,276177,552500,540107,2214664
Mongolia,2086,828429,2748803,910486,274837,553592,539261,2209542
Mongolia,2087,827724,2744267,923524,273394,554330,539060,2205207
Mongolia,2088,826400,2740824,935590,271808,554592,539380,2201444
Mongolia,2089,824359,2738185,947008,270042,554317,540054,2198131
Mongolia,2090,821556,2736164,957963,268071,553485,540968,2195196
Mongolia,2091,818598,2735866,966687,266096,552502,542442,2193424
Mongolia,2092,815037,2736328,974587,264106,550931,544040,2192288
Mongolia,2093,810897,2737243,981939,262112,548785,545628,2191615
Mongolia,2094,806251,2738234,989058,260117,546134,547046,2191188
Mongolia,2095,801163,2739006,996176,258126,543037,548162,2190844
Mongolia,2096,796512,2741078,1000910,256483,540029,549400,2191678
Mongolia,2097,791634,2742952,1005420,254971,536663,550220,2192732
Mongolia,2098,786607,2744277,1009992,253607,533000,550552,2193725
Mongolia,2099,781582,2744692,1014854,252463,529119,550332,2194360
Mongolia,2100,776752,2743895,1020121,251658,525094,549515,2194380
Montenegro,1950,142946,222425,29368,48376,94570,78482,143943
Montenegro,1951,143644,228097,29131,49836,93808,81449,146648
Montenegro,1952,145791,235650,29067,52251,93540,84711,150939
Montenegro,1953,148462,244203,29072,54858,93604,87899,156304
Montenegro,1954,151148,252945,29042,57188,93960,90667,162278
Montenegro,1955,153651,261233,28911,59090,94561,92762,168471
Montenegro,1956,157321,266738,29258,61744,95577,93692,173046
Montenegro,1957,160250,272018,29541,62938,97312,94235,177783
Montenegro,1958,162937,277093,29761,63225,99712,94430,182663
Montenegro,1959,165980,282168,29920,63328,102652,94380,187788
Montenegro,1960,169773,287581,30059,63879,105894,94240,193341
Montenegro,1961,173725,293772,30631,64070,109655,94174,199598
Montenegro,1962,178536,300033,31144,65039,113497,93924,206109
Montenegro,1963,183279,305874,31561,66323,116956,93567,212307
Montenegro,1964,186472,310856,31847,66917,119555,93301,217555
Montenegro,1965,187124,314702,31988,66010,121114,93257,221445
Montenegro,1966,186568,314475,32865,64902,121666,92207,222268
Montenegro,1967,183481,313050,33698,62456,121025,91936,221114
Montenegro,1968,178813,311399,34632,59170,119643,92617,218782
Montenegro,1969,174299,310523,35825,56161,118138,94228,216295
Montenegro,1970,171227,311059,37410,54345,116882,96646,214413
Montenegro,1971,168643,315644,38499,52382,116261,99492,216152
Montenegro,1972,167707,321749,39754,51855,115852,102626,219123
Montenegro,1973,167772,328903,41083,52407,115365,105805,223098
Montenegro,1974,167677,336541,42356,53167,114510,108734,227807
Montenegro,1975,166679,344125,43458,53436,113243,111164,232961
Montenegro,1976,165867,350037,44519,54086,111781,112436,237601
Montenegro,1977,164009,356033,45465,53720,110289,113341,242692
Montenegro,1978,161629,362168,46259,52697,108932,113968,248200
Montenegro,1979,159652,368458,46840,51782,107870,114401,254057
Montenegro,1980,158609,374938,47207,51522,107087,114699,260239
Montenegro,1981,157680,382556,47451,51161,106519,114949,267607
Montenegro,1982,157833,390049,47472,51705,106128,114842,275207
Montenegro,1983,158530,397077,47360,52791,105739,114344,282733
Montenegro,1984,158857,403292,47282,53704,105153,113442,289850
Montenegro,1985,158308,408369,47339,53976,104332,112125,296244
Montenegro,1986,159101,409499,47757,54922,104179,109408,300091
Montenegro,1987,158821,409731,48245,54711,104110,106845,302886
Montenegro,1988,157877,409335,48841,53701,104176,104650,304685
Montenegro,1989,156971,408592,49640,52518,104453,103012,305580
Montenegro,1990,156454,407847,50701,51537,104917,102015,305832
Montenegro,1991,153741,409717,52283,49684,104057,100841,308876
Montenegro,1992,151738,411308,54126,48554,103184,99834,311474
Montenegro,1993,150023,412633,56196,47879,102144,98967,313666
Montenegro,1994,147983,413673,58428,47208,100775,98157,315516
Montenegro,1995,145330,414305,60779,46260,99070,97307,316998
Montenegro,1996,143276,413616,62815,45524,97752,96233,317383
Montenegro,1997,140573,412803,64840,44521,96052,95383,317420
Montenegro,1998,137443,412042,66855,43361,94082,94835,317207
Montenegro,1999,134329,411431,68890,42306,92023,94601,316830
Montenegro,2000,131581,411006,70973,41573,90008,94612,316394
Montenegro,2001,129624,410419,73132,41076,88548,95306,315113
Montenegro,2002,127961,410078,75343,40696,87265,95940,314138
Montenegro,2003,126611,410018,77468,40471,86140,96361,313657
Montenegro,2004,125450,410446,79249,40356,85094,96442,314004
Montenegro,2005,124377,411487,80524,40302,84075,96124,315363
Montenegro,2006,123749,413109,80974,40290,83459,94512,318597
Montenegro,2007,123070,415425,80989,40265,82805,92982,322443
Montenegro,2008,122250,418147,80808,40186,82064,91713,326434
Montenegro,2009,121262,420848,80742,40009,81253,90801,330047
Montenegro,2010,120145,423189,80951,39739,80406,90188,333001
Montenegro,2011,119579,424191,81696,39677,79902,88816,335375
Montenegro,2012,118793,424981,82612,39216,79577,87619,337362
Montenegro,2013,117850,425461,83783,38514,79336,86664,338797
Montenegro,2014,116874,425482,85318,37791,79083,85882,339600
Montenegro,2015,115951,424950,87277,37177,78774,85161,339789
Montenegro,2016,114815,423919,89881,36312,78503,84353,339566
Montenegro,2017,113952,422160,92848,35780,78172,83335,338825
Montenegro,2018,113204,420013,96002,35481,77723,82229,337784
Montenegro,2019,112338,417935,99082,35225,77113,81209,336726
Montenegro,2020,111256,416197,101944,34890,76366,80387,335810
Montenegro,2021,110167,414363,104803,34629,75538,79654,334709
Montenegro,2022,108898,412879,107384,34293,74605,79082,333797
Montenegro,2023,107501,411599,109793,33887,73614,78639,332960
Montenegro,2024,106114,410252,112172,33489,72625,78254,331998
Montenegro,2025,104818,408685,114606,33145,71673,77869,330816
Montenegro,2026,103645,406734,117225,32882,70763,77448,329286
Montenegro,2027,102531,404641,119835,32605,69926,77042,327599
Montenegro,2028,101474,402535,122327,32330,69144,76622,325913
Montenegro,2029,100455,400591,124521,32059,68396,76114,324477
Montenegro,2030,99453,398916,126333,31792,67661,75480,323436
Montenegro,2031,98546,397363,127831,31567,66979,74687,322676
Montenegro,2032,97673,396082,128929,31330,66343,73757,322325
Montenegro,2033,96826,394919,129784,31085,65741,72748,322171
Montenegro,2034,96001,393640,130627,30844,65157,71746,321894
Montenegro,2035,95192,392097,131606,30614,64578,70811,321286
Montenegro,2036,94471,390339,132605,30415,64056,69909,320430
Montenegro,2037,93769,388372,133685,30224,63545,69063,319309
Montenegro,2038,93084,386219,134837,30036,63048,68274,317945
Montenegro,2039,92395,383958,135999,29842,62553,67529,316429
Montenegro,2040,91699,381630,137136,29640,62059,66818,314812
Montenegro,2041,91082,379203,138210,29477,61605,66119,313084
Montenegro,2042,90450,376764,139222,29281,61169,65466,311298
Montenegro,2043,89810,374249,140237,29062,60748,64860,309389
Montenegro,2044,89167,371570,141355,28835,60332,64289,307281
Montenegro,2045,88526,368679,142627,28608,59918,63750,304929
Montenegro,2046,87902,365477,144140,28391,59511,63189,302288
Montenegro,2047,87285,362130,145741,28166,59119,62653,299477
Montenegro,2048,86670,358747,147350,27940,58730,62154,296593
Montenegro,2049,86041,355478,148827,27709,58332,61682,293796
Montenegro,2050,85396,352392,150111,27478,57918,61241,291151
Montenegro,2051,84761,349412,151272,27259,57502,60779,288633
Montenegro,2052,84125,346676,152169,27039,57086,60340,286336
Montenegro,2053,83478,344076,152925,26817,56661,59921,284155
Montenegro,2054,82823,341448,153711,26597,56226,59522,281926
Montenegro,2055,82151,338687,154628,26380,55771,59134,279553
Montenegro,2056,81521,335842,155574,26191,55330,58728,277114
Montenegro,2057,80891,332949,156549,25999,54892,58336,274613
Montenegro,2058,80259,330046,157529,25806,54453,57952,272094
Montenegro,2059,79626,327139,158484,25614,54012,57569,269570
Montenegro,2060,78987,324251,159401,25427,53560,57179,267072
Montenegro,2061,78424,321509,160068,25280,53144,56773,264736
Montenegro,2062,77866,318818,160637,25127,52739,56357,262461
Montenegro,2063,77308,316158,161156,24967,52341,55938,260220
Montenegro,2064,76743,313496,161636,24805,51938,55506,257990
Montenegro,2065,76175,310853,162070,24645,51530,55071,255782
Montenegro,2066,75692,308433,162160,24523,51169,54638,253795
Montenegro,2067,75210,306095,162126,24389,50821,54199,251896
Montenegro,2068,74732,303779,162035,24247,50485,53764,250015
Montenegro,2069,74250,301383,161993,24099,50151,53334,248049
Montenegro,2070,73758,298827,162093,23948,49810,52905,245922
Montenegro,2071,73336,296342,162035,23826,49510,52489,243853
Montenegro,2072,72920,293787,162018,23695,49225,52079,241708
Montenegro,2073,72497,291169,162052,23553,48944,51683,239486
Montenegro,2074,72057,288545,162095,23405,48652,51294,237251
Montenegro,2075,71594,285933,162132,23247,48347,50913,235020
Montenegro,2076,71194,283556,161881,23117,48077,50550,233006
Montenegro,2077,70790,281272,161535,22979,47811,50202,231070
Montenegro,2078,70379,279060,161123,22835,47544,49869,229191
Montenegro,2079,69951,276871,160716,22685,47266,49551,227320
Montenegro,2080,69494,274629,160384,22528,46966,49233,225396
Montenegro,2081,69100,272645,159751,22397,46703,48937,223708
Montenegro,2082,68700,270721,159069,22261,46439,48652,222069
Montenegro,2083,68282,268812,158412,22116,46166,48375,220437
Montenegro,2084,67838,266869,157833,21965,45873,48094,218775
Montenegro,2085,67368,264864,157356,21808,45560,47806,217058
Montenegro,2086,66972,263121,156580,21683,45289,47543,215578
Montenegro,2087,66569,261400,155815,21553,45016,47279,214121
Montenegro,2088,66158,259680,155081,21420,44738,47014,212666
Montenegro,2089,65730,257942,154413,21283,44447,46747,211195
Montenegro,2090,65282,256118,153864,21144,44138,46466,209652
Montenegro,2091,64908,254536,153030,21037,43871,46207,208329
Montenegro,2092,64532,252963,152216,20926,43606,45943,207020
Montenegro,2093,64150,251370,151465,20810,43340,45673,205697
Montenegro,2094,63751,249711,150825,20689,43062,45393,204318
Montenegro,2095,63331,247973,150324,20563,42768,45100,202873
Montenegro,2096,62991,246485,149528,20471,42520,44835,201650
Montenegro,2097,62656,245007,148768,20373,42283,44566,200441
Montenegro,2098,62313,243495,148082,20268,42045,44293,199202
Montenegro,2099,61952,241934,147518,20155,41797,44015,197919
Montenegro,2100,61571,240268,147107,20034,41537,43724,196544
More developed regions,1950,223337008,528784063,62743998,82923299,140413709,139345102,389438961
More developed regions,1951,226687500,533254947,64270218,86685465,140002035,139076116,394178831
More developed regions,1952,228213752,539948849,65911788,87413967,140799785,139461482,400487367
More developed regions,1953,229997722,546779321,67486472,87352038,142645684,139882251,406897070
More developed regions,1954,232890689,552805491,68935597,87301531,145589158,139995336,412810155
More developed regions,1955,236824037,557959135,70286272,87629332,149194705,139763824,418195311
More developed regions,1956,240358625,563160049,71988417,86800202,153558423,139699858,423460191
More developed regions,1957,245308892,567112095,73492911,87159699,158149193,139237602,427874493
More developed regions,1958,250710458,570674831,74906826,88128307,162582151,138691447,431983384
More developed regions,1959,255451753,574881851,76334892,89063350,166388403,138471035,436410816
More developed regions,1960,258979644,580252551,77835725,89504796,169474848,138840891,441411660
More developed regions,1961,261947329,585782890,79754707,90066597,171880732,139828561,445954329
More developed regions,1962,263695463,592484782,81679051,90073706,173621757,141307978,451176804
More developed regions,1963,264436491,599986668,83642251,89565025,174871466,143313379,456673289
More developed regions,1964,264690930,607588696,85662445,88817486,175873444,145860415,461728281
More developed regions,1965,264730053,614895840,87754993,88011978,176718075,148936059,465959781
More developed regions,1966,264686072,621438435,90188810,87180924,177505148,152481543,468956892
More developed regions,1967,264228368,627914037,92641845,86088039,178140329,156584032,471330005
More developed regions,1968,263476228,634344451,95118090,84906690,178569538,160866118,473478333
More developed regions,1969,262549372,640830435,97608326,83835302,178714070,164778430,476052005
More developed regions,1970,261533261,647440860,100107658,83005031,178528230,167995814,479445046
More developed regions,1971,259866798,654453563,102953998,81919511,177947287,171060503,483393060
More developed regions,1972,258464882,661394293,105651697,81578215,176886667,173234295,488159998
More developed regions,1973,257125965,668292151,108281595,81689421,175436544,174698442,493593709
More developed regions,1974,255527641,675239628,110933204,81778056,173749585,175823841,499415787
More developed regions,1975,253518165,682266719,113628790,81526666,171991499,176847853,505418866
More developed regions,1976,252273718,687832915,116714057,81753255,170520463,177736831,510096084
More developed regions,1977,250316150,693776246,119871633,81145133,169171017,178686149,515090097
More developed regions,1978,247955805,700049169,122874507,79996267,167959538,179560678,520488491
More developed regions,1979,245710009,706580674,125333368,78863301,166846708,180102228,526478446
More developed regions,1980,243869730,713328302,127046039,78168860,165700870,180159165,533169137
More developed regions,1981,242246581,720195329,128289580,77485470,164761111,179765956,540429373
More developed regions,1982,241195023,727146119,128742366,77370369,163824654,178883763,548262356
More developed regions,1983,240518871,733981120,128857698,77677807,162841064,177662905,556318215
More developed regions,1984,239845628,740509316,129271887,78055672,161789956,176325227,564184089
More developed regions,1985,238999252,746590417,130345354,78271128,160728124,175000146,571590271
More developed regions,1986,238744089,751199120,132370215,78809528,159934561,173498668,577700452
More developed regions,1987,238231085,755619000,134876913,78961708,159269377,172090595,583528405
More developed regions,1988,237505755,759816062,137748536,78758190,158747565,170806972,589009090
More developed regions,1989,236665662,763749711,140781284,78286894,158378768,169634067,594115644
More developed regions,1990,235722839,767423633,143852719,77620860,158101979,168551164,598872469
More developed regions,1991,235248497,770032530,147173577,76981560,158266937,167492302,602540228
More developed regions,1992,234422943,772656466,150513754,75819552,158603391,166571436,606085030
More developed regions,1993,233288932,775395091,153745237,74333618,158955314,165798379,609596712
More developed regions,1994,231897204,778419453,156678713,72770743,159126461,165145662,613273791
More developed regions,1995,230270797,781831181,159223493,71308107,158962690,164593176,617238005
More developed regions,1996,228111221,785431426,161883593,69477421,158633800,164208327,621223099
More developed regions,1997,225958067,789320411,164040248,68126252,157831815,163806100,625514311
More developed regions,1998,223699097,793425254,165948474,67164825,156534272,163467504,629957750
More developed regions,1999,221229596,797588473,167959020,66433880,154795716,163305277,634283196
More developed regions,2000,218563449,801672806,170268480,65820390,152743059,163368953,638303853
More developed regions,2001,215909187,805117051,173232505,65431890,150477297,163850807,641266244
More developed regions,2002,213223061,808417025,176410326,65297231,147925830,164485788,643931237
More developed regions,2003,210603138,811750396,179613197,65353036,145250102,165103265,646647131
More developed regions,2004,208230697,815367296,182513937,65582349,142648348,165446580,649920716
More developed regions,2005,206245510,819344892,184955128,65999432,140246078,165345001,653999891
More developed regions,2006,205332353,822415727,187576479,67007674,138324679,164691647,657724080
More developed regions,2007,204669130,825922827,189800052,67827420,136841710,163737997,662184830
More developed regions,2008,204286809,829295757,191969600,68489457,135797352,162465232,666830525
More developed regions,2009,204121795,831851614,194560448,68993708,135128087,160857733,670993881
More developed regions,2010,204079648,833230862,197831996,69363104,134716544,158909236,674321626
More developed regions,2011,204455025,833108205,201734539,69920979,134534046,156807435,676300770
More developed regions,2012,204729513,832208277,206116781,69964559,134764954,154356339,677851938
More developed regions,2013,205024627,830650417,210844943,69686357,135338270,151677937,678972480
More developed regions,2014,205455699,828709128,215698692,69348064,136107635,148995504,679713624
More developed regions,2015,206040597,826593850,220572099,69120505,136920092,146473120,680120730
More developed regions,2016,206453439,824474404,225648319,68497935,137955504,144455428,680018976
More developed regions,2017,207146968,822121700,230653825,68374555,138772413,142630444,679491256
More developed regions,2018,207902202,819679166,235618309,68574190,139328012,141080429,678598737
More developed regions,2019,208414800,817299257,240621135,68790040,139624760,139905914,677393343
More developed regions,2020,208542162,815003521,245731163,68794718,139747444,139141578,675861943
More developed regions,2021,208778545,812339320,250894952,68844616,139933929,138988479,673350841
More developed regions,2022,208609288,809972804,255980685,68720712,139888576,139332088,670640716
More developed regions,2023,208125071,807766733,261051373,68441707,139683364,139999279,667767454
More developed regions,2024,207520936,805492218,266167846,68109226,139411710,140731387,664760831
More developed regions,2025,206902727,803014934,271378179,67784940,139117787,141348900,661666034
More developed regions,2026,206470394,800365617,276457643,67449584,139020810,142184836,658180781
More developed regions,2027,205973272,797691573,281502434,67123027,138850245,142955642,654735931
More developed regions,2028,205412778,795033996,286460637,66816175,138596603,143589931,651444065
More developed regions,2029,204757322,792514651,291228059,66517581,138239741,144029173,648485478
More developed regions,2030,203997973,790180782,295757798,66215112,137782861,144227630,645953152
More developed regions,2031,203400354,788124335,299692209,65889665,137510689,144495176,643629159
More developed regions,2032,202764713,786334687,303250914,65675190,137089523,144521420,641813267
More developed regions,2033,202089137,784686209,306572997,65543820,136545317,144345798,640340411
More developed regions,2034,201375945,782989913,309861053,65462565,135913380,144053164,638936749
More developed regions,2035,200639803,781096645,313263116,65400527,135239276,143686420,637410225
More developed regions,2036,200249367,779224530,316198525,65424115,134825252,143573399,635651131
More developed regions,2037,199862380,777305976,319081153,65514929,134347451,143437074,633868902
More developed regions,2038,199485403,775324356,321929920,65647623,133837780,143229328,632095028
More developed regions,2039,199130155,773315416,324706816,65796660,133333495,142891351,630424065
More developed regions,2040,198809495,771284694,327401525,65940331,132869164,142383181,628901513
More developed regions,2041,198911094,769380442,329483304,66180893,132730201,142050550,627329892
More developed regions,2042,199021952,767627102,331345085,66392434,132629518,141638892,625988210
More developed regions,2043,199158683,765928934,333071816,66578414,132580269,141139992,624788942
More developed regions,2044,199316053,764128897,334831432,66739358,132576695,140553156,623575741
More developed regions,2045,199469720,762075301,336804023,66865758,132603962,139868424,622206877
More developed regions,2046,199927475,760053141,338401586,66992004,132935471,139431576,620621565
More developed regions,2047,200374444,758047238,339954941,67107918,133266526,138977449,619069789
More developed regions,2048,200781373,755956977,341589062,67202372,133579001,138500440,617456537
More developed regions,2049,201108754,753704994,343412814,67257788,133850966,138014578,615690416
More developed regions,2050,201328192,751240749,345499644,67252894,134075298,137523542,613717207
More developed regions,2051,201741827,748950731,347161515,67205335,134536492,137358435,611592296
More developed regions,2052,202073773,746673733,348839193,67179600,134894173,137263306,609410427
More developed regions,2053,202298200,744431443,350538780,67152692,135145508,137210508,607220935
More developed regions,2054,202388545,742273157,352240298,67095715,135292830,137171643,605101514
More developed regions,2055,202326793,740194179,353969658,66977789,135349004,137114614,603079565
More developed regions,2056,202445983,738611198,354979960,66844096,135601887,137361187,601250011
More developed regions,2057,202451259,737305148,355788437,66728843,135722416,137661002,599644146
More developed regions,2058,202334918,736225878,356457831,66615249,135719669,137964357,598261521
More developed regions,2059,202093255,735310814,357060039,66486674,135606581,138213494,597097320
More developed regions,2060,201720848,734465094,357701001,66321386,135399462,138355740,596109354
More developed regions,2061,201581628,734235764,357473343,66177645,135403983,138721329,595514435
More developed regions,2062,201365519,734292825,357022157,66068282,135297237,139047124,595245701
More developed regions,2063,201060872,734460602,356543631,65975152,135085720,139290946,595169656
More developed regions,2064,200662409,734542305,356249982,65880255,134782154,139418233,595124072
More developed regions,2065,200171273,734380449,356306069,65764704,134406569,139398032,594982417
More developed regions,2066,199981496,734624207,355674046,65705991,134275505,139563877,595060330
More developed regions,2067,199755388,734860971,355106925,65682958,134072430,139650017,595210954
More developed regions,2068,199487495,734961706,354741241,65678872,133808623,139633955,595327751
More developed regions,2069,199165244,734759007,354757831,65672815,133492429,139498001,595261006
More developed regions,2070,198773752,734093514,355332111,65641875,133131877,139218494,594875020
More developed regions,2071,198736701,733714407,355292873,65686187,133050514,139138543,594575864
More developed regions,2072,198679225,733127804,355511645,65741799,132937426,138996742,594131062
More developed regions,2073,198583283,732282132,356061540,65793191,132790092,138768194,593513938
More developed regions,2074,198431811,731186397,356954362,65825296,132606515,138438936,592747461
More developed regions,2075,198211955,729831097,358214971,65822309,132389646,137996156,591834941
More developed regions,2076,198337363,729033610,358613736,65879168,132458195,137785498,591248112
More developed regions,2077,198435368,728240113,359076074,65936555,132498813,137544667,590695446
More developed regions,2078,198487503,727361446,359706159,65980919,132506584,137257710,590103736
More developed regions,2079,198464367,726282191,360643979,65993262,132471105,136912748,589369443
More developed regions,2080,198334849,724881689,362037126,65951523,132383326,136491127,588390562
More developed regions,2081,198502660,724051268,362588595,65947566,132555094,136331732,587719536
More developed regions,2082,198613533,723208686,363234033,65936486,132677047,136179729,587028957
More developed regions,2083,198642792,722263957,364087311,65904831,132737961,136009610,586254347
More developed regions,2084,198562090,721125310,365267975,65837244,132724846,135797678,585327632
More developed regions,2085,198342848,719690892,366905252,65714144,132628704,135516985,584173907
More developed regions,2086,198398050,718978544,367565815,65623991,132774059,135515081,583463463
More developed regions,2087,198382271,718270892,368309159,65543654,132838617,135524281,582746611
More developed regions,2088,198266417,717471796,369257708,65454778,132811639,135510396,581961400
More developed regions,2089,198021110,716485329,370533645,65336259,132684851,135439255,581046074
More developed regions,2090,197621946,715206443,372262849,65165606,132456340,135276864,579929579
More developed regions,2091,197529033,714810567,372805966,65054259,132474774,135385392,579425175
More developed regions,2092,197358173,714414369,373426201,64954847,132403326,135477117,578937252
More developed regions,2093,197084366,713894069,374267625,64849288,132235078,135514283,578379786
More developed regions,2094,196686880,713128783,375466821,64718743,131968137,135461662,577667121
More developed regions,2095,196149131,712008449,377145176,64542881,131606250,135287656,576720793
More developed regions,2096,195969666,711833251,377498385,64456402,131513264,135365405,576467846
More developed regions,2097,195721658,711577328,377973241,64375594,131346064,135391557,576185771
More developed regions,2098,195387218,711126267,378695930,64285668,131101550,135337206,575789061
More developed regions,2099,194951889,710357226,379797324,64174540,130777349,135176233,575180993
More developed regions,2100,194403514,709139305,381413843,64032820,130370694,134880337,574258968
Morocco,1950,3559099,5165733,261157,1388349,2170750,1989472,3176261
Morocco,1951,3685888,5287890,269019,1499881,2186007,2007912,3279978
Morocco,1952,3847344,5406483,274429,1642994,2204350,2017563,3388920
Morocco,1953,4017177,5539574,279783,1781094,2236083,2027276,3512298
Morocco,1954,4187807,5687852,287025,1902306,2285501,2039882,3647970
Morocco,1955,4362964,5842953,296749,2010604,2352360,2054358,3788595
Morocco,1956,4602931,5941948,308454,2159962,2442969,2050006,3891942
Morocco,1957,4823285,6066578,322586,2248442,2574843,2056299,4010279
Morocco,1958,5040883,6199781,337895,2301347,2739536,2066969,4132812
Morocco,1959,5269421,6328334,353071,2345976,2923445,2076965,4251369
Morocco,1960,5511528,6449396,367608,2403863,3107665,2086168,4363228
Morocco,1961,5771222,6553178,386147,2453086,3318136,2083877,4469301
Morocco,1962,6048436,6643183,403199,2522418,3526018,2080646,4562537
Morocco,1963,6326477,6732322,419433,2604907,3721570,2087014,4645308
Morocco,1964,6579765,6841369,436008,2681411,3898354,2118525,4722844
Morocco,1965,6794269,6981350,453425,2739557,4054712,2184504,4796846
Morocco,1966,7009545,7109835,473904,2812739,4196806,2239447,4870388
Morocco,1967,7190382,7265595,494826,2850458,4339924,2317812,4947783
Morocco,1968,7343580,7443899,515468,2861734,4481846,2417003,5026896
Morocco,1969,7482809,7634525,534590,2864527,4618282,2532669,5101856
Morocco,1970,7614418,7834004,551586,2874383,4740035,2665605,5168399
Morocco,1971,7743333,8035759,568106,2891822,4851511,2823655,5212104
Morocco,1972,7858417,8253742,582844,2902250,4956167,3002103,5251639
Morocco,1973,7963193,8490150,595822,2912464,5050729,3194290,5295860
Morocco,1974,8061522,8748519,606923,2928292,5133230,3389483,5359036
Morocco,1975,8157371,9030139,616188,2956464,5200907,3581144,5448995
Morocco,1976,8255101,9330691,624962,2997563,5257538,3757683,5573008
Morocco,1977,8352749,9651811,632417,3039424,5313325,3922058,5729753
Morocco,1978,8452069,9990008,639641,3084375,5367694,4075962,5914046
Morocco,1979,8556098,10339388,647861,3135671,5420427,4222089,6117299
Morocco,1980,8667141,10694743,657963,3197792,5469349,4362409,6332334
Morocco,1981,8810180,11028267,673154,3285863,5524317,4476832,6551435
Morocco,1982,8957995,11369004,689819,3363313,5594682,4583368,6785636
Morocco,1983,9107023,11712596,708883,3429381,5677642,4682134,7030462
Morocco,1984,9249323,12056516,731771,3479225,5770098,4773037,7283479
Morocco,1985,9377628,12400236,759512,3511535,5866093,4857335,7542901
Morocco,1986,9516929,12712391,794615,3554109,5962820,4908295,7804096
Morocco,1987,9627207,13036655,833904,3543885,6083322,4956344,8080311
Morocco,1988,9716150,13368403,877267,3499250,6216900,5005212,8363191
Morocco,1989,9796459,13700278,924454,3448633,6347826,5058225,8642053
Morocco,1990,9873927,14029876,975333,3413479,6460448,5118850,8911026
Morocco,1991,9923225,14380079,1033558,3360021,6563204,5168248,9211831
Morocco,1992,9984934,14713501,1093059,3344383,6640551,5218668,9494833
Morocco,1993,10041485,15042984,1152948,3352255,6689230,5278794,9764190
Morocco,1994,10066820,15388030,1212198,3354873,6711947,5358313,10029717
Morocco,1995,10048102,15756947,1270183,3333102,6715000,5460912,10296035
Morocco,1996,10028165,16108715,1323723,3332084,6696081,5560551,10548164
Morocco,1997,9958601,16492322,1374978,3283030,6675571,5679201,10813121
Morocco,1998,9857553,16893498,1424212,3203666,6653887,5807110,11086388
Morocco,1999,9756907,17286415,1471476,3127586,6629321,5927790,11358625
Morocco,2000,9674448,17657995,1517178,3078554,6595894,6032534,11625461
Morocco,2001,9576472,18039157,1566203,3024182,6552290,6094738,11944419
Morocco,2002,9514977,18384206,1613185,3014775,6500202,6136045,12248161
Morocco,2003,9476161,18708456,1659320,3037949,6438212,6163596,12544860
Morocco,2004,9436845,19036277,1706163,3067929,6368916,6186737,12849540
Morocco,2005,9387010,19379076,1754984,3088705,6298305,6210852,13168224
Morocco,2006,9350874,19717881,1800591,3138131,6212743,6219267,13498614
Morocco,2007,9298070,20078796,1849015,3153410,6144660,6223826,13854970
Morocco,2008,9244762,20453463,1898630,3148120,6096642,6224984,14228479
Morocco,2009,9218952,20824943,1946002,3149751,6069201,6220188,14604755
Morocco,2010,9235627,21184050,1989962,3178789,6056838,6208923,14975127
Morocco,2011,9262732,21567735,2028356,3212909,6049823,6195382,15372353
Morocco,2012,9335789,21935033,2062967,3274225,6061564,6167501,15767532
Morocco,2013,9438879,22284898,2100992,3351122,6087757,6129400,16155498
Morocco,2014,9541974,22622915,2153193,3417629,6124345,6087270,16535645
Morocco,2015,9626407,22950840,2226075,3456779,6169628,6045451,16905389
Morocco,2016,9726617,23237448,2312721,3508459,6218158,5994357,17243091
Morocco,2017,9790066,23530251,2419263,3501500,6288566,5946193,17584058
Morocco,2018,9829523,23819280,2543002,3453844,6375679,5904215,17915065
Morocco,2019,9867021,24089308,2678827,3397096,6469925,5871983,18217325
Morocco,2020,9911498,24335412,2823808,3353112,6558386,5853448,18481964
Morocco,2021,9920273,24598600,2978629,3280028,6640245,5853913,18744687
Morocco,2022,9945832,24828198,3139823,3243686,6702146,5863246,18964952
Morocco,2023,9972006,25039935,3307785,3232922,6739084,5885317,19154618
Morocco,2024,9974908,25257141,3483229,3224707,6750201,5923848,19333293
Morocco,2025,9944280,25490419,3665942,3203126,6741154,5979603,19510816
Morocco,2026,9903510,25727314,3844829,3190145,6713365,6044735,19682579
Morocco,2027,9832392,25979434,4028314,3163265,6669127,6123334,19856100
Morocco,2028,9739236,26239976,4215165,3125434,6613802,6209808,20030168
Morocco,2029,9641424,26494889,4402447,3087068,6554356,6294271,20200618
Morocco,2030,9549009,26736113,4588470,3055632,6493377,6370119,20365994
Morocco,2031,9462883,26975858,4760241,3032279,6430604,6435506,20540352
Morocco,2032,9381267,27204338,4929318,3009812,6371455,6489856,20714482
Morocco,2033,9304197,27419849,5097485,2989521,6314676,6530167,20889682
Morocco,2034,9228734,27622950,5267232,2970630,6258104,6552510,21070440
Morocco,2035,9153561,27813337,5440276,2953411,6200150,6554927,21258410
Morocco,2036,9087020,28002977,5596379,2943743,6143277,6536052,21466925
Morocco,2037,9023768,28178437,5754379,2933020,6090748,6493639,21684798
Morocco,2038,8963812,28338014,5916022,2921734,6042078,6435172,21902842
Morocco,2039,8907300,28479744,6083168,2910670,5996630,6371461,22108283
Morocco,2040,8854119,28602151,6257435,2900745,5953374,6309987,22292164
Morocco,2041,8810890,28720649,6416837,2897466,5913424,6249408,22471241
Morocco,2042,8770681,28822529,6581032,2891126,5879555,6189596,22632933
Morocco,2043,8732968,28904436,6753851,2882459,5850509,6131581,22772855
Morocco,2044,8696999,28962066,6940269,2872217,5824782,6074733,22887333
Morocco,2045,8661859,28993476,7143093,2861264,5800595,6019164,22974312
Morocco,2046,8631209,29012729,7344557,2853582,5777627,5964487,23048242
Morocco,2047,8600885,29009063,7559619,2842081,5758804,5911171,23097892
Morocco,2048,8570040,28987329,7784364,2827577,5742463,5860925,23126404
Morocco,2049,8537740,28954817,8012587,2810924,5726816,5814983,23139834
Morocco,2050,8502935,28916076,8240875,2792940,5709995,5774293,23141783
Morocco,2051,8466831,28884477,8454691,2775727,5691104,5737931,23146546
Morocco,2052,8428645,28850962,8663783,2756160,5672485,5704864,23146098
Morocco,2053,8387394,28812811,8871663,2734712,5652682,5675728,23137083
Morocco,2054,8342390,28765146,9083632,2711901,5630489,5650397,23114749
Morocco,2055,8293088,28705094,9302909,2688268,5604820,5628748,23076346
Morocco,2056,8241866,28650726,9508998,2666070,5575796,5610437,23040289
Morocco,2057,8187930,28587815,9716961,2643023,5544907,5593511,22994304
Morocco,2058,8130740,28520452,9923239,2619355,5511385,5577934,22942518
Morocco,2059,8070309,28454883,10121591,2595416,5474893,5562878,22892005
Morocco,2060,8006724,28394029,10309036,2571672,5435052,5547713,22846316
Morocco,2061,7945325,28358898,10459297,2551835,5393490,5533237,22825661
Morocco,2062,7882658,28331113,10594246,2531426,5351232,5516490,22814623
Morocco,2063,7818604,28304718,10719996,2510747,5307857,5497586,22807132
Morocco,2064,7753495,28270818,10845179,2490300,5263195,5476125,22794693
Morocco,2065,7687562,28222999,10976061,2470710,5216852,5451897,22771102
Morocco,2066,7628299,28188623,11077934,2456682,5171617,5427030,22761593
Morocco,2067,7569843,28144166,11180389,2441732,5128111,5397819,22746347
Morocco,2068,7512073,28088089,11285256,2426278,5085795,5365082,22723007
Morocco,2069,7454931,28019422,11393806,2410823,5044108,5329432,22689990
Morocco,2070,7398172,27936323,11508364,2395985,5002187,5291401,22644922
Morocco,2071,7349719,27867373,11592642,2386597,4963122,5253895,22613478
Morocco,2072,7302960,27789849,11676290,2375688,4927272,5213183,22576666
Morocco,2073,7257415,27697682,11766310,2363683,4893732,5170395,22527287
Morocco,2074,7212531,27582668,11871975,2351051,4861480,5126528,22456140
Morocco,2075,7167567,27439500,11999795,2338322,4829245,5082369,22357131
Morocco,2076,7129288,27296970,12114528,2329632,4799656,5040810,22256160
Morocco,2077,7092315,27134605,12242315,2319205,4773110,4998733,22135872
Morocco,2078,7055893,26957161,12379528,2307387,4748506,4957087,22000074
Morocco,2079,7018901,26771843,12520484,2294407,4724494,4916361,21855482
Morocco,2080,6979951,26581727,12663858,2280489,4699462,4876755,21704972
Morocco,2081,6945754,26415990,12774009,2269444,4676310,4841602,21574388
Morocco,2082,6911401,26254858,12875851,2256591,4654810,4807613,21447245
Morocco,2083,6875683,26094227,12974919,2242161,4633522,4774916,21319311
Morocco,2084,6837701,25929259,13077149,2226544,4611157,4743328,21185931
Morocco,2085,6796642,25756651,13186819,2210154,4586488,4712763,21043888
Morocco,2086,6759514,25610930,13262610,2196280,4563234,4687330,20923600
Morocco,2087,6721722,25467734,13333593,2181749,4539973,4662731,20805003
Morocco,2088,6682364,25324908,13402810,2166590,4515774,4639011,20685897
Morocco,2089,6640443,25178944,13474641,2150721,4489722,4615607,20563337
Morocco,2090,6594894,25025529,13554423,2134106,4460788,4591846,20433683
Morocco,2091,6555214,24903318,13594061,2121172,4434042,4572954,20330364
Morocco,2092,6514526,24782525,13630362,2107430,4407096,4553584,20228941
Morocco,2093,6471838,24658185,13669489,2092874,4378964,4533256,20124929
Morocco,2094,6426758,24526164,13716168,2077715,4349043,4511356,20014808
Morocco,2095,6379157,24384065,13773101,2062295,4316862,4487648,19896417
Morocco,2096,6339651,24273466,13788232,2051378,4288273,4468262,19805204
Morocco,2097,6299632,24159381,13805236,2039718,4259914,4446712,19712669
Morocco,2098,6258823,24039561,13826658,2027520,4231303,4423250,19616311
Morocco,2099,6217122,23911555,13855029,2015103,4202019,4397940,19513615
Morocco,2100,6174337,23772338,13893477,2002960,4171377,4370698,19401640
Mozambique,1950,2565679,3418296,168262,1050652,1515027,1164017,2254279
Mozambique,1951,2622376,3454318,172023,1080248,1542128,1176263,2278055
Mozambique,1952,2678698,3498723,175163,1108444,1570254,1191838,2306885
Mozambique,1953,2732103,3553174,177811,1133662,1598441,1211175,2341999
Mozambique,1954,2782958,3616724,179952,1158653,1624305,1233837,2382887
Mozambique,1955,2832618,3687629,181502,1188063,1644555,1259317,2428312
Mozambique,1956,2909290,3733201,186601,1231391,1677899,1275453,2457748
Mozambique,1957,2978376,3791745,191365,1260613,1717763,1296747,2494998
Mozambique,1958,3043585,3859594,195680,1282106,1761479,1321490,2538104
Mozambique,1959,3108190,3933593,199449,1302655,1805535,1348000,2585593
Mozambique,1960,3173614,4012461,202620,1329059,1844555,1375701,2636760
Mozambique,1961,3261857,4070444,209024,1363792,1898065,1395013,2675431
Mozambique,1962,3346841,4137332,214966,1391058,1955783,1417318,2720014
Mozambique,1963,3429132,4212493,220447,1415097,2014035,1442739,2769754
Mozambique,1964,3508154,4296402,225469,1439616,2068538,1472056,2824346
Mozambique,1965,3583635,4389395,230046,1468947,2114688,1505964,2883431
Mozambique,1966,3679794,4464182,237479,1507163,2172631,1534293,2929889
Mozambique,1967,3769659,4551519,244496,1538283,2231376,1568411,2983108
Mozambique,1968,3855427,4649944,251110,1566747,2288680,1607898,3042046
Mozambique,1969,3939992,4757532,257285,1598063,2341929,1652221,3105311
Mozambique,1970,4025444,4873081,263009,1637816,2387628,1701130,3171951
Mozambique,1971,4134967,4968580,271597,1688858,2446109,1744043,3224537
Mozambique,1972,4242042,5074058,279662,1735860,2506182,1792417,3281641
Mozambique,1973,4349442,5190754,287384,1782113,2567329,1845506,3345248
Mozambique,1974,4460094,5321095,294983,1830803,2629291,1902490,3418605
Mozambique,1975,4575826,5466088,302580,1886049,2689777,1962876,3503212
Mozambique,1976,4718590,5601740,312602,1953572,2765018,2019058,3582682
Mozambique,1977,4857589,5756723,322624,2007917,2849672,2079575,3677148
Mozambique,1978,4992282,5923432,332332,2053620,2938662,2141679,3781753
Mozambique,1979,5120704,6092929,341346,2095852,3024852,2202166,3890763
Mozambique,1980,5239291,6259621,349419,2138934,3100357,2259211,4000410
Mozambique,1981,5405717,6366624,360733,2199787,3205930,2293158,4073466
Mozambique,1982,5564866,6473667,370710,2253819,3311047,2330167,4143500
Mozambique,1983,5704550,6574255,378903,2298325,3406225,2369446,4204809
Mozambique,1984,5807425,6661530,384825,2326418,3481007,2410035,4251495
Mozambique,1985,5863473,6732690,388242,2335668,3527805,2451603,4281087
Mozambique,1986,5964404,6674456,395525,2370803,3593601,2437392,4237064
Mozambique,1987,6017335,6603578,399948,2366363,3650972,2434379,4169199
Mozambique,1988,6052789,6546729,403035,2344814,3707975,2453064,4093665
Mozambique,1989,6119358,6533605,406650,2342585,3776773,2503677,4029928
Mozambique,1990,6253750,6581986,411913,2392239,3861511,2592644,3989342
Mozambique,1991,6321121,6849717,421132,2433042,3888079,2690181,4159536
Mozambique,1992,6463407,7174636,433188,2511710,3951697,2795103,4379533
Mozambique,1993,6658776,7531493,446726,2620500,4038276,2897433,4634060
Mozambique,1994,6868017,7888900,460127,2736707,4131310,2985686,4903214
Mozambique,1995,7060627,8226053,472452,2840304,4220323,3055138,5170915
Mozambique,1996,7303034,8454966,490232,2958344,4344690,3150404,5304562
Mozambique,1997,7516852,8678060,506439,3051434,4465418,3242544,5435516
Mozambique,1998,7712786,8902422,521572,3126620,4586166,3333814,5568608
Mozambique,1999,7911614,9136985,536270,3200778,4710836,3427110,5709875
Mozambique,2000,8128617,9388061,551009,3290491,4838126,3524700,5863361
Mozambique,2001,8394696,9624155,569907,3401709,4992987,3616839,6007316
Mozambique,2002,8670935,9880067,588656,3508225,5162710,3714574,6165493
Mozambique,2003,8956067,10153259,607272,3613880,5342187,3817237,6336022
Mozambique,2004,9244470,10442433,625802,3719403,5525067,3924939,6517494
Mozambique,2005,9531768,10747008,644294,3826733,5705035,4038154,6708854
Mozambique,2006,9846976,11033623,666864,3945339,5901637,4140179,6893444
Mozambique,2007,10157129,11341688,689570,4049650,6107479,4251612,7090076
Mozambique,2008,10464085,11670468,712205,4145280,6318805,4373574,7296894
Mozambique,2009,10770463,12019163,734437,4239529,6530934,4507458,7511705
Mozambique,2010,11077468,12387742,756195,4339105,6738363,4654153,7733589
Mozambique,2011,11400645,12757884,780476,4443616,6957029,4804572,7953312
Mozambique,2012,11721490,13151063,804053,4544589,7176901,4968006,8183057
Mozambique,2013,12039368,13567440,827564,4644259,7395109,5143400,8424040
Mozambique,2014,12352660,14007850,851872,4743495,7609165,5329346,8678504
Mozambique,2015,12660552,14472645,877494,4844014,7816538,5524645,8948000
Mozambique,2016,12978703,14943954,906819,4950007,8028696,5716123,9227831
Mozambique,2017,13288729,15443073,937032,5047312,8241417,5917305,9525768
Mozambique,2018,13592862,15967893,967918,5140351,8452511,6126272,9841621
Mozambique,2019,13894830,16514962,999031,5235512,8659318,6340223,10174739
Mozambique,2020,14197035,17081939,1030221,5338369,8858666,6557173,10524766
Mozambique,2021,14516112,17649491,1064061,5449145,9066967,6768581,10880910
Mozambique,2022,14835432,18237407,1097487,5562191,9273241,6982404,11255003
Mozambique,2023,15154433,18846181,1130806,5677749,9476684,7198064,11648117
Mozambique,2024,15471814,19477131,1164366,5794619,9677195,7414989,12062142
Mozambique,2025,15787490,20130244,1198464,5913359,9874131,7632498,12497746
Mozambique,2026,16128615,20776029,1235318,6047077,10081538,7839238,12936791
Mozambique,2027,16464042,21447762,1272506,6167995,10296047,8047844,13399918
Mozambique,2028,16796553,22142372,1310137,6280531,10516022,8257383,13884989
Mozambique,2029,17129875,22855918,1348177,6391017,10738858,8466552,14389366
Mozambique,2030,17465646,23586171,1386886,6505175,10960471,8674776,14911395
Mozambique,2031,17821984,24311806,1429192,6626946,11195038,8874482,15437324
Mozambique,2032,18177584,25056971,1471784,6742133,11435451,9074183,15982788
Mozambique,2033,18531202,25820922,1515801,6852977,11678225,9275069,16545853
Mozambique,2034,18879940,26604079,1562675,6960654,11919286,9479151,17124928
Mozambique,2035,19221691,27406632,1613441,7066879,12154812,9687802,17718830
Mozambique,2036,19574811,28206546,1671181,7177233,12397578,9893946,18312600
Mozambique,2037,19918462,29028148,1731970,7279072,12639390,10105028,18923120
Mozambique,2038,20252638,29870761,1795958,7374769,12877869,10321752,19549009
Mozambique,2039,20577919,30733331,1863118,7467329,13110590,10544761,20188570
Mozambique,2040,20894533,31614871,1933709,7559571,13334962,10774285,20840586
Mozambique,2041,21218875,32495487,2010747,7655252,13563623,11004843,21490644
Mozambique,2042,21533114,33396487,2090251,7746043,13787071,11241904,22154583
Mozambique,2043,21836897,34316728,2173125,7833150,14003747,11483914,22832814
Mozambique,2044,22129993,35254711,2260467,7917506,14212487,11728227,23526484
Mozambique,2045,22412561,36208830,2353196,8000517,14412044,11972776,24236054
Mozambique,2046,22704232,37156938,2453264,8089382,14614850,12212283,24944655
Mozambique,2047,22984016,38122620,2557746,8170941,14813075,12451707,25670913
Mozambique,2048,23253096,39104716,2666576,8247385,15005711,12690134,26414582
Mozambique,2049,23513421,40101818,2779357,8321617,15191804,12926270,27175548
Mozambique,2050,23766362,41112239,2896342,8396421,15369941,13159073,27953166
Mozambique,2051,24029561,42116562,3018941,8477028,15552533,13384871,28731691
Mozambique,2052,24284742,43134702,3144879,8553295,15731447,13606470,29528232
Mozambique,2053,24532046,44164185,3275946,8626485,15905561,13823882,30340303
Mozambique,2054,24771375,45202269,3414327,8697535,16073840,14037143,31165126
Mozambique,2055,25002760,46246446,3561827,8767608,16235152,14246165,32000281
Mozambique,2056,25244469,47278048,3718331,8843477,16400992,14448556,32829492
Mozambique,2057,25477521,48316856,3882405,8913720,16563801,14646320,33670536
Mozambique,2058,25702008,49360791,4055164,8979459,16722549,14839852,34520939
Mozambique,2059,25918091,50407590,4237735,9041929,16876162,15029497,35378093
Mozambique,2060,26125797,51455087,4431364,9102498,17023299,15215439,36239648
Mozambique,2061,26344076,52486930,4632702,9168322,17175754,15397096,37089834
Mozambique,2062,26552702,53521505,4842965,9227615,17325087,15575100,37946405
Mozambique,2063,26751870,54556598,5063599,9281907,17469963,15749696,38806902
Mozambique,2064,26941975,55589683,5296238,9333077,17608898,15920863,39668820
Mozambique,2065,27123237,56618521,5542333,9382888,17740349,16088537,40529984
Mozambique,2066,27314653,57631295,5794051,9437225,17877428,16254237,41377058
Mozambique,2067,27497093,58641766,6056017,9487740,18009353,16416203,42225563
Mozambique,2068,27669861,59649029,6328956,9534782,18135079,16574846,43074183
Mozambique,2069,27832059,60652491,6613442,9578281,18253778,16730438,43922053
Mozambique,2070,27983236,61650828,6910382,9618592,18364644,16882976,44767852
Mozambique,2071,28146239,62633310,7206910,9664788,18481451,17034919,45598391
Mozambique,2072,28297166,63614176,7512046,9703825,18593341,17183752,46430424
Mozambique,2073,28436656,64591029,7827018,9737264,18699392,17329160,47261869
Mozambique,2074,28565996,65560967,8152978,9767376,18798620,17470338,48090629
Mozambique,2075,28685903,66521450,8491206,9796106,18889797,17606659,48914791
Mozambique,2076,28817818,67468683,8823391,9829884,18987934,17743088,49725595
Mozambique,2077,28940462,68409263,9163491,9860417,19080045,17874317,50534946
Mozambique,2078,29053122,69342294,9512334,9887896,19165226,18000561,51341733
Mozambique,2079,29154731,70267520,9870467,9911963,19242768,18121926,52145594
Mozambique,2080,29244794,71183427,10239103,9932723,19312071,18238283,52945144
Mozambique,2081,29349185,72087378,10594447,9960262,19388923,18355392,53731986
Mozambique,2082,29441639,72986109,10955373,9981302,19460337,18467362,54518747
Mozambique,2083,29522503,73875201,11325012,9996939,19525564,18574091,55301110
Mozambique,2084,29592516,74749248,11707010,10008679,19583837,18675217,56074031
Mozambique,2085,29651992,75603928,12104516,10017873,19634119,18770418,56833510
Mozambique,2086,29725926,76442645,12488333,10032901,19693025,18867517,57575128
Mozambique,2087,29789142,77267366,12881281,10042991,19746151,18958774,58308592
Mozambique,2088,29841822,78075670,13285659,10049260,19792562,19044352,59031318
Mozambique,2089,29884452,78865076,13703806,10053170,19831282,19124183,59740893
Mozambique,2090,29917442,79632691,14138262,10055993,19861449,19198050,60434641
Mozambique,2091,29965823,80386058,14556082,10065060,19900763,19275069,61110989
Mozambique,2092,30005775,81123028,14982477,10072222,19933553,19346101,61776927
Mozambique,2093,30036286,81841175,15419903,10076949,19959337,19411379,62429796
Mozambique,2094,30056139,82538176,15870870,10078204,19977935,19471018,63067158
Mozambique,2095,30064156,83211491,16338127,10074969,19989187,19524926,63686565
Mozambique,2096,30091196,83867747,16783375,10080508,20010688,19582068,64285679
Mozambique,2097,30104905,84509343,17235952,10076328,20028577,19634272,64875071
Mozambique,2098,30104292,85134193,17698492,10062041,20042251,19681407,65452786
Mozambique,2099,30089737,85739247,18173409,10039311,20050426,19722713,66016534
Mozambique,2100,30062577,86320374,18663399,10011822,20050755,19757361,66563013
Myanmar,1950,5868276,10704817,578417,2396966,3471310,3399030,7305787
Myanmar,1951,6094843,10781800,593417,2581987,3512856,3381169,7400631
Myanmar,1952,6355985,10835573,604842,2787161,3568824,3348499,7487074
Myanmar,1953,6611336,10909701,614925,2960102,3651234,3317151,7592550
Myanmar,1954,6852255,11016053,624167,3091978,3760277,3294473,7721580
Myanmar,1955,7088605,11147303,632060,3199965,3888640,3281617,7865686
Myanmar,1956,7413658,11198027,650962,3365416,4048242,3245362,7952665
Myanmar,1957,7700802,11303592,670650,3439815,4260987,3229407,8074185
Myanmar,1958,7976789,11435915,689544,3465181,4511608,3227981,8207934
Myanmar,1959,8259365,11574644,706390,3481204,4778161,3238960,8335684
Myanmar,1960,8549268,11715941,720914,3516206,5033062,3264839,8451102
Myanmar,1961,8831571,11859545,746909,3523030,5308541,3304970,8554575
Myanmar,1962,9128073,12000102,769845,3564752,5563321,3357531,8642571
Myanmar,1963,9424611,12156392,790899,3636380,5788231,3431686,8724706
Myanmar,1964,9699826,12356075,811840,3720193,5979633,3541220,8814855
Myanmar,1965,9946492,12611217,833436,3806232,6140260,3693144,8918073
Myanmar,1966,10213062,12864801,866315,3916679,6296383,3867473,8997328
Myanmar,1967,10452139,13172902,899507,4015759,6436380,4081079,9091823
Myanmar,1968,10672250,13523454,932412,4106098,6566152,4322424,9201030
Myanmar,1969,10888059,13896545,964039,4194819,6693240,4573728,9322817
Myanmar,1970,11106925,14280510,993996,4288480,6818445,4823367,9457143
Myanmar,1971,11367943,14627447,1029595,4407993,6959950,5056553,9570894
Myanmar,1972,11617773,14998384,1063987,4496496,7121277,5292527,9705857
Myanmar,1973,11862517,15387915,1096909,4565760,7296757,5522192,9865723
Myanmar,1974,12106798,15792878,1128058,4630313,7476485,5734774,10058104
Myanmar,1975,12351917,16212548,1157502,4703419,7648498,5924951,10287597
Myanmar,1976,12619695,16613939,1194400,4783035,7836660,6083360,10530579
Myanmar,1977,12884638,17030932,1228754,4856988,8027650,6217725,10813207
Myanmar,1978,13145125,17465224,1261881,4929053,8216072,6338910,11126314
Myanmar,1979,13398041,17920287,1295560,5002211,8395830,6464440,11455847
Myanmar,1980,13641670,18397291,1330751,5080204,8561466,6605359,11791932
Myanmar,1981,13908679,18853482,1376969,5171524,8737155,6746404,12107078
Myanmar,1982,14164742,19330006,1423147,5257127,8907615,6900723,12429283
Myanmar,1983,14403133,19826451,1468359,5331669,9071464,7066312,12760139
Myanmar,1984,14612682,20344772,1511434,5384056,9228626,7239734,13105038
Myanmar,1985,14784533,20885802,1551961,5408545,9375988,7418932,13466870
Myanmar,1986,14975504,21381967,1599861,5447665,9527839,7580289,13801678
Myanmar,1987,15109990,21917984,1645267,5418690,9691300,7755621,14162363
Myanmar,1988,15196372,22477128,1688642,5342241,9854131,7937219,14539909
Myanmar,1989,15247511,23036793,1730558,5249773,9997738,8114263,14922530
Myanmar,1990,15268723,23586070,1771457,5165424,10103299,8281420,15304650
Myanmar,1991,15266803,24095687,1827666,5064125,10202678,8417018,15678669
Myanmar,1992,15251093,24580767,1879605,4990191,10260902,8537550,16043217
Myanmar,1993,15219406,25062480,1927892,4942133,10277273,8654239,16408241
Myanmar,1994,15169093,25569820,1973310,4912187,10256906,8782447,16787373
Myanmar,1995,15104671,26116921,2016200,4896417,10208254,8930274,17186647
Myanmar,1996,15045495,26679251,2068564,4906159,10139336,9078126,17601125
Myanmar,1997,14982749,27271799,2116977,4929849,10052900,9236517,18035282
Myanmar,1998,14919082,27880718,2160135,4963527,9955555,9394851,18485867
Myanmar,1999,14861953,28481874,2195608,5005984,9855969,9535289,18946585
Myanmar,2000,14815960,29057381,2222121,5057418,9758542,9646137,19411244
Myanmar,2001,14839693,29529767,2258534,5161441,9678252,9677614,19852153
Myanmar,2002,14876183,29977410,2286627,5242244,9633939,9685411,20291999
Myanmar,2003,14921307,30396192,2307395,5298581,9622726,9668800,20727392
Myanmar,2004,14962565,30788909,2322233,5324623,9637942,9628329,21160580
Myanmar,2005,14988056,31161876,2332682,5320471,9667585,9568447,21593429
Myanmar,2006,15047680,31440943,2357851,5335097,9712583,9393669,22047274
Myanmar,2007,15065369,31724664,2381553,5267713,9797656,9223363,22501301
Myanmar,2008,15054922,32019605,2405225,5148670,9906252,9081524,22938081
Myanmar,2009,15040647,32329867,2430176,5021325,10019322,8985888,23343979
Myanmar,2010,15035832,32661644,2458420,4917189,10118643,8943236,23718408
Myanmar,2011,14940620,33104409,2508002,4759427,10181193,8987202,24117207
Myanmar,2012,14872454,33555999,2558061,4663821,10208633,9046680,24509319
Myanmar,2013,14810859,34021695,2615642,4615458,10195401,9124661,24897034
Myanmar,2014,14726723,34507130,2690329,4585322,10141401,9225015,25282115
Myanmar,2015,14608721,35007869,2787079,4552879,10055842,9346476,25661393
Myanmar,2016,14476086,35494275,2914862,4537810,9938276,9470637,26023638
Myanmar,2017,14319926,35991678,3059005,4524005,9795921,9606448,26385230
Myanmar,2018,14149505,36492378,3213852,4508982,9640523,9742155,26750223
Myanmar,2019,13983643,36981743,3370752,4496753,9486890,9859477,27122266
Myanmar,2020,13833811,37449439,3525026,4491148,9342663,9946354,27503085
Myanmar,2021,13733990,37847468,3687902,4518349,9215641,9998847,27848621
Myanmar,2022,13636988,38234392,3846983,4521324,9115664,10024657,28209735
Myanmar,2023,13550449,38602386,4002942,4509664,9040785,10019503,28582883
Myanmar,2024,13479151,38947355,4156684,4494888,8984263,9979633,28967722
Myanmar,2025,13423543,39268756,4309195,4486366,8937177,9904914,29363842
Myanmar,2026,13390670,39550545,4468861,4480997,8909673,9800293,29750252
Myanmar,2027,13373495,39811140,4622632,4477504,8895991,9660042,30151098
Myanmar,2028,13365814,40052212,4773665,4475084,8890730,9499944,30552268
Myanmar,2029,13356476,40279214,4925991,4469069,8887407,9343700,30935514
Myanmar,2030,13338441,40495184,5082244,4456533,8881908,9206985,31288199
Myanmar,2031,13329141,40676987,5247480,4445275,8883866,9091595,31585392
Myanmar,2032,13309481,40853628,5411417,4425911,8883570,8996300,31857328
Myanmar,2033,13279163,41024246,5574637,4399615,8879548,8920525,32103721
Myanmar,2034,13240192,41186415,5737027,4369332,8870860,8860153,32326262
Myanmar,2035,13193293,41338700,5898931,4337114,8856179,8812450,32526250
Myanmar,2036,13148722,41461339,6069607,4304827,8843895,8782608,32678731
Myanmar,2037,13095470,41579887,6234406,4271162,8824308,8767586,32812301
Myanmar,2038,13032564,41693973,6394703,4236075,8796489,8763357,32930616
Myanmar,2039,12959054,41803544,6551675,4198860,8760194,8763528,33040016
Myanmar,2040,12874861,41907952,6706274,4159321,8715540,8763582,33144370
Myanmar,2041,12793797,41977498,6874544,4123258,8670539,8765027,33212471
Myanmar,2042,12702854,42047520,7034543,4084073,8618781,8764455,33283065
Myanmar,2043,12603637,42116247,7187233,4043073,8560564,8761046,33355201
Myanmar,2044,12499053,42181495,7332929,4002490,8496563,8754169,33427326
Myanmar,2045,12391285,42241462,7472179,3964190,8427095,8743253,33498209
Myanmar,2046,12290174,42263010,7628768,3931084,8359090,8728833,33534177
Myanmar,2047,12187982,42283457,7773596,3899859,8288123,8708079,33575378
Myanmar,2048,12085233,42301921,7907827,3870633,8214600,8680995,33620926
Myanmar,2049,11982348,42318324,8032014,3843224,8139124,8647640,33670684
Myanmar,2050,11880118,42331562,8147245,3817924,8062194,8608122,33723440
Myanmar,2051,11790930,42302321,8280987,3800936,7989994,8563175,33739146
Myanmar,2052,11703138,42275028,8400847,3782835,7920303,8511601,33763427
Myanmar,2053,11617687,42245236,8510746,3764254,7853433,8454308,33790928
Myanmar,2054,11535499,42208229,8614801,3746066,7789433,8392454,33815775
Myanmar,2055,11456990,42160827,8716084,3729272,7727718,8327119,33833708
Myanmar,2056,11391991,42061686,8846430,3719117,7672874,8259130,33802556
Myanmar,2057,11329482,41959440,8968495,3705845,7623637,8188170,33771270
Myanmar,2058,11269659,41851535,9084789,3690497,7579162,8115474,33736061
Myanmar,2059,11212161,41736246,9197512,3674128,7538033,8042482,33693764
Myanmar,2060,11156303,41612246,9308757,3657747,7498556,7970438,33641808
Myanmar,2061,11107818,41437387,9455168,3643882,7463936,7899979,33537408
Myanmar,2062,11060118,41263655,9591438,3627736,7432382,7830868,33432787
Myanmar,2063,11012489,41086106,9723096,3609816,7402673,7764309,33321797
Myanmar,2064,10963819,40898490,9857223,3590439,7373380,7701589,33196901
Myanmar,2065,10913153,40697758,9997705,3569966,7343187,7643621,33054137
Myanmar,2066,10864708,40442780,10181504,3550128,7314580,7590497,32852283
Myanmar,2067,10813989,40184436,10362477,3528534,7285455,7541999,32642437
Myanmar,2068,10760677,39929784,10534076,3505625,7255052,7497977,32431807
Myanmar,2069,10704767,39689890,10685537,3481999,7222768,7457780,32232110
Myanmar,2070,10646255,39470963,10810891,3458179,7188076,7420902,32050061
Myanmar,2071,10588328,39230996,10949258,3435186,7153142,7387114,31843882
Myanmar,2072,10528483,39016495,11056854,3412261,7116222,7356037,31660458
Myanmar,2073,10466546,38824090,11137418,3389434,7077112,7327046,31497044
Myanmar,2074,10402559,38649970,11194869,3366680,7035879,7299072,31350898
Myanmar,2075,10336747,38491137,11232257,3344135,6992612,7271337,31219800
Myanmar,2076,10273392,38307095,11286112,3324092,6949300,7243103,31063992
Myanmar,2077,10208813,38144896,11313554,3303455,6905358,7214373,30930523
Myanmar,2078,10143580,37997937,11321201,3282701,6860879,7184845,30813092
Myanmar,2079,10078623,37858303,11316711,3262601,6816022,7154087,30704216
Myanmar,2080,10014611,37720585,11305464,3243874,6770737,7121839,30598746
Myanmar,2081,9954087,37542703,11327477,3227867,6726220,7086954,30455749
Myanmar,2082,9895226,37372829,11336897,3212277,6682949,7050099,30322730
Myanmar,2083,9838112,37208813,11336503,3197224,6640888,7011652,30197161
Myanmar,2084,9782654,37049360,11328501,3182683,6599971,6972132,30077228
Myanmar,2085,9728827,36893134,11314963,3168824,6560003,6931966,29961168
Myanmar,2086,9678206,36692240,11342660,3157404,6520802,6888904,29803336
Myanmar,2087,9629176,36500933,11359358,3144836,6484340,6845182,29655751
Myanmar,2088,9581989,36317006,11367520,3131625,6450364,6801348,29515658
Myanmar,2089,9536875,36138619,11369260,3118444,6418431,6757999,29380620
Myanmar,2090,9493745,35964434,11366406,3105890,6387855,6715629,29248805
Myanmar,2091,9451159,35745876,11409285,3093933,6357226,6671491,29074385
Myanmar,2092,9410462,35538508,11441184,3081451,6329011,6628492,28910016
Myanmar,2093,9371269,35341063,11463886,3068627,6302642,6587051,28754012
Myanmar,2094,9332990,35153042,11478551,3055563,6277427,6547556,28605486
Myanmar,2095,9295130,34973750,11486384,3042449,6252681,6510278,28463472
Myanmar,2096,9255639,34756378,11536257,3028980,6226659,6472311,28284067
Myanmar,2097,9216529,34554212,11572848,3014810,6201719,6436590,28117622
Myanmar,2098,9177522,34365266,11598343,3000137,6177385,6403173,27962093
Myanmar,2099,9138324,34187934,11614597,2985119,6153205,6371994,27815940
Myanmar,2100,9098380,34020844,11623411,2969686,6128694,6342962,27677882
Namibia,1950,188068,277255,19951,76115,111953,90548,186707
Namibia,1951,193713,280553,20365,78579,115134,91069,189484
Namibia,1952,199632,284198,20748,81066,118566,91601,192597
Namibia,1953,205617,288376,21065,83450,122167,92298,196078
Namibia,1954,211565,293208,21269,85769,125796,93340,199868
Namibia,1955,217462,298715,21337,88174,129288,94841,203874
Namibia,1956,224362,303461,21656,91152,133210,96315,207146
Namibia,1957,230956,309101,21875,93509,137447,98320,210781
Namibia,1958,237449,315428,22027,95554,141895,100758,214670
Namibia,1959,244045,322225,22156,97638,146407,103497,218728
Namibia,1960,250853,329403,22288,100086,150767,106484,222919
Namibia,1961,258467,336049,22761,102851,155616,109425,226624
Namibia,1962,266242,343191,23221,105653,160589,112649,230542
Namibia,1963,274151,350847,23663,108578,165573,116129,234718
Namibia,1964,282100,359085,24097,111635,170465,119850,239235
Namibia,1965,290059,367968,24524,114891,175168,123813,244155
Namibia,1966,298956,376140,25245,118678,180278,127570,248570
Namibia,1967,307696,385040,25949,122125,185571,131585,253455
Namibia,1968,316589,394671,26626,125542,191047,135844,258827
Namibia,1969,326110,405010,27257,129425,196685,140330,264680
Namibia,1970,336551,416011,27822,134174,202377,145028,270983
Namibia,1971,348675,426818,28664,139700,208975,149652,277166
Namibia,1972,361793,438219,29429,145894,215899,154490,283729
Namibia,1973,375387,449872,30121,152426,222961,159400,290472
Namibia,1974,388626,461413,30746,158671,229955,164220,297193
Namibia,1975,400955,472581,31303,164231,236724,168836,303745
Namibia,1976,416636,478670,32197,171542,245094,171322,307348
Namibia,1977,431402,484775,33016,177149,254253,174230,310545
Namibia,1978,445453,491045,33760,181425,264028,177707,313338
Namibia,1979,459139,497643,34444,184942,274197,181866,315777
Namibia,1980,472680,504901,35091,188243,284437,186838,318063
Namibia,1981,484937,513323,36004,190873,294064,191450,321873
Namibia,1982,496695,522778,36893,192596,304099,196706,326072
Namibia,1983,508975,534277,37829,194304,314671,203075,331202
Namibia,1984,523213,549051,38868,197227,325986,211107,337944
Namibia,1985,540437,567811,40054,202339,338098,221123,346688
Namibia,1986,553304,598896,41392,205525,347779,235417,363479
Namibia,1987,569062,634061,42867,211420,357642,250391,383670
Namibia,1988,586344,671949,44448,219117,367227,265374,406575
Namibia,1989,603114,710746,46073,227085,376029,279585,431161
Namibia,1990,617993,748993,47706,234128,383865,292455,456538
Namibia,1991,636218,780021,49501,242948,393270,303984,476037
Namibia,1992,652151,810374,51196,249936,402215,314847,495527
Namibia,1993,666651,840531,52801,255398,411253,325036,515495
Namibia,1994,681033,871362,54323,260043,420990,334640,536722
Namibia,1995,696011,903557,55791,264469,431542,343797,559760
Namibia,1996,713510,935550,57429,269546,443964,353618,581932
Namibia,1997,730638,969356,59000,273216,457422,363264,606092
Namibia,1998,746523,1003602,60441,275623,470900,372311,631291
Namibia,1999,759761,1036608,61673,276787,482974,380393,656215
Namibia,2000,769274,1067323,62660,276686,492588,387341,679982
Namibia,2001,781966,1087565,64065,277179,504787,392229,695336
Namibia,2002,791913,1105124,65110,277584,514329,396955,708169
Namibia,2003,799314,1121329,65892,277949,521365,402227,719102
Namibia,2004,804753,1137911,66564,278311,526442,408891,729020
Namibia,2005,809009,1155980,67207,278814,530195,417379,738601
Namibia,2006,813207,1173981,68546,280061,533146,425524,748457
Namibia,2007,816703,1193361,69851,281507,535196,435345,758016
Namibia,2008,820520,1214696,71159,283609,536911,446591,768105
Namibia,2009,826279,1238272,72489,287283,538996,458630,779642
Namibia,2010,835155,1264181,73834,293244,541911,470968,793213
Namibia,2011,842979,1296889,75753,299615,543364,482056,814833
Namibia,2012,854377,1331799,77758,308159,546218,492788,839011
Namibia,2013,868425,1368235,79860,317961,550464,502767,865468
Namibia,2014,883387,1405531,82074,327300,556087,511606,893925
Namibia,2015,898040,1443116,84405,335025,563015,519049,924067
Namibia,2016,914832,1477758,87123,344117,570715,523544,954214
Namibia,2017,929782,1514001,90011,348511,581271,527206,986795
Namibia,2018,943800,1550969,93032,349665,594135,530141,1020828
Namibia,2019,958225,1587633,96138,349994,608231,532623,1055010
Namibia,2020,973520,1623701,99316,351228,622292,535044,1088657
Namibia,2021,987327,1660832,103091,350315,637012,538146,1122686
Namibia,2022,1002452,1696644,106833,351941,650511,540992,1155652
Namibia,2023,1017680,1732280,110633,355324,662356,544405,1187875
Namibia,2024,1031192,1769505,114631,358769,672423,549513,1219992
Namibia,2025,1042137,1809171,118906,361065,681072,556902,1252269
Namibia,2026,1052180,1849411,123636,363545,688635,566076,1283335
Namibia,2027,1059730,1892014,128565,365006,694724,577483,1314531
Namibia,2028,1065338,1936427,133668,365614,699724,590499,1345928
Namibia,2029,1070182,1981510,138870,366070,704112,604048,1377462
Namibia,2030,1074949,2026562,144148,366853,708096,617381,1409181
Namibia,2031,1079891,2071073,149742,367880,712011,630506,1440567
Namibia,2032,1084639,2115705,155369,368999,715640,643511,1472194
Namibia,2033,1089214,2160378,161105,370258,718956,655914,1504464
Namibia,2034,1093441,2205190,167062,371546,721895,667131,1538059
Namibia,2035,1097272,2250150,173318,372832,724440,676788,1573362
Namibia,2036,1101513,2294291,180018,374465,727048,684736,1609555
Namibia,2037,1105519,2338482,186912,375982,729537,690967,1647515
Namibia,2038,1109356,2382598,194071,377416,731940,695877,1686721
Namibia,2039,1113121,2426497,201552,378841,734280,700148,1726349
Namibia,2040,1116874,2470038,209407,380322,736552,704220,1765818
Namibia,2041,1121307,2512429,217728,382140,739167,708018,1804411
Namibia,2042,1125686,2554508,226382,383794,741892,711608,1842900
Namibia,2043,1129987,2596259,235356,385292,744695,714984,1881275
Namibia,2044,1134132,2637740,244595,386619,747513,718080,1919660
Namibia,2045,1138060,2678957,254120,387781,750279,720873,1958084
Namibia,2046,1142530,2719060,263962,389130,753400,723515,1995545
Namibia,2047,1146643,2759029,274001,390071,756572,726020,2033009
Namibia,2048,1150385,2798553,284488,390667,759718,728437,2070116
Namibia,2049,1153699,2837269,295758,390979,762720,730837,2106432
Namibia,2050,1156524,2874951,308023,391064,765460,733265,2141686
Namibia,2051,1159496,2910967,321222,391089,768407,735958,2175009
Namibia,2052,1161908,2946226,335123,390848,771060,738708,2207518
Namibia,2053,1163707,2980593,349844,390373,773334,741523,2239070
Namibia,2054,1164836,3013933,365527,389687,775149,744382,2269551
Namibia,2055,1165265,3046158,382247,388804,776461,747266,2298892
Namibia,2056,1165728,3076753,399722,387889,777839,750497,2326256
Namibia,2057,1165539,3106436,417904,386892,778647,753730,2352706
Namibia,2058,1164686,3135397,436602,385805,778881,756903,2378494
Namibia,2059,1163201,3163922,455488,384625,778576,759929,2403993
Namibia,2060,1161124,3192153,474365,383351,777773,762724,2429429
Namibia,2061,1159410,3219731,492634,382286,777124,765668,2454063
Namibia,2062,1157180,3247143,510654,381171,776009,768350,2478793
Namibia,2063,1154468,3274318,528452,379996,774472,770695,2503623
Namibia,2064,1151335,3301186,546007,378766,772569,772602,2528584
Namibia,2065,1147838,3327639,563341,377494,770344,773994,2553645
Namibia,2066,1145084,3353455,579585,376593,768491,775310,2578145
Namibia,2067,1141997,3379027,595397,375559,766438,776115,2602912
Namibia,2068,1138631,3404096,610992,374425,764206,776408,2627688
Namibia,2069,1135039,3428394,626573,373235,761804,776202,2652192
Namibia,2070,1131259,3451684,642358,372031,759228,775518,2676166
Namibia,2071,1128328,3473928,657338,371169,757159,774840,2699088
Namibia,2072,1125234,3495493,672147,370211,755023,773711,2721782
Namibia,2073,1121975,3515855,687327,369169,752806,772188,2743667
Namibia,2074,1118547,3534300,703609,368060,750487,770350,2763950
Namibia,2075,1114931,3550406,721435,366896,748035,768259,2782147
Namibia,2076,1112125,3564209,739783,366023,746102,766401,2797808
Namibia,2077,1109146,3576104,759237,365035,744111,764344,2811760
Namibia,2078,1105974,3586367,779532,363932,742042,762123,2824244
Namibia,2079,1102561,3595509,800189,362695,739866,759769,2835740
Namibia,2080,1098866,3603840,820937,361315,737551,757310,2846530
Namibia,2081,1095828,3611207,840984,360148,735680,755202,2856005
Namibia,2082,1092480,3618184,860735,358755,733725,753053,2865131
Namibia,2083,1088837,3624619,880350,357188,731649,750862,2873757
Namibia,2084,1084929,3630298,900021,355523,729406,748610,2881688
Namibia,2085,1080754,3635093,919899,353811,726943,746277,2888816
Namibia,2086,1077018,3639158,939142,352197,724821,744327,2894831
Namibia,2087,1073104,3642855,957998,350625,722479,742330,2900525
Namibia,2088,1068960,3646080,976630,349070,719890,740278,2905802
Namibia,2089,1064530,3648757,995188,347480,717050,738158,2910599
Namibia,2090,1059778,3650756,1013830,345817,713961,735937,2914819
Namibia,2091,1055646,3652404,1031296,344410,711236,734090,2918314
Namibia,2092,1051273,3653857,1048300,342950,708323,732173,2921684
Namibia,2093,1046665,3654867,1065084,341438,705227,730138,2924729
Namibia,2094,1041868,3655172,1081883,339894,701974,727918,2927254
Namibia,2095,1036896,3654586,1098873,338329,698567,725466,2929120
Namibia,2096,1032727,3653848,1114337,337082,695645,723316,2930532
Namibia,2097,1028436,3652709,1129468,335780,692656,720973,2931736
Namibia,2098,1024009,3650947,1144488,334412,689597,718419,2932528
Namibia,2099,1019420,3648360,1159640,332976,686444,715642,2932718
Namibia,2100,1014683,3644743,1175106,331505,683178,712617,2932126
Nepal,1950,3276399,5047880,159046,1228223,2048176,1698630,3349250
Nepal,1951,3364035,5121180,173095,1289494,2074541,1712579,3408601
Nepal,1952,3464959,5174960,184536,1378371,2086588,1720695,3454265
Nepal,1953,3551480,5238201,194630,1455510,2095970,1733117,3505084
Nepal,1954,3617860,5318102,204097,1510709,2107151,1752805,3565297
Nepal,1955,3670675,5409831,212987,1549544,2121131,1778644,3631187
Nepal,1956,3775438,5447960,222611,1629082,2146356,1786460,3661500
Nepal,1957,3849371,5517075,232184,1651537,2197834,1807858,3709217
Nepal,1958,3911641,5599336,241072,1642461,2269180,1834872,3764464
Nepal,1959,3978901,5679111,248677,1628134,2350767,1859221,3819890
Nepal,1960,4056653,5751513,254845,1629113,2427540,1878082,3873431
Nepal,1961,4142366,5814484,264909,1622091,2520275,1888882,3925602
Nepal,1962,4242470,5868286,273448,1633949,2608521,1893674,3974612
Nepal,1963,4348346,5923009,280912,1662619,2685727,1899305,4023704
Nepal,1964,4444457,5995674,288066,1696885,2747572,1916769,4078905
Nepal,1965,4524062,6094396,295266,1730560,2793502,1952304,4142092
Nepal,1966,4618293,6184473,307118,1779129,2839164,1989805,4194668
Nepal,1967,4696396,6301524,318906,1815578,2880818,2043158,4258366
Nepal,1968,4764760,6439109,330395,1844421,2920339,2109120,4329989
Nepal,1969,4834141,6586115,341217,1874562,2959579,2182253,4403862
Nepal,1970,4910308,6736409,351212,1913842,2996466,2259385,4477024
Nepal,1971,5013884,6863849,366035,1968809,3045075,2331435,4532414
Nepal,1972,5117756,7001396,380277,2013996,3103760,2410083,4591313
Nepal,1973,5224360,7146865,393732,2055102,3169258,2489962,4656903
Nepal,1974,5334530,7299646,406228,2097866,3236664,2564316,4735330
Nepal,1975,5448465,7459651,417698,2148349,3300116,2629705,4829946
Nepal,1976,5589423,7597755,433932,2211542,3377881,2676408,4921347
Nepal,1977,5732248,7744846,449166,2270132,3462116,2715315,5029531
Nepal,1978,5877124,7900893,463386,2326879,3550245,2750680,5150213
Nepal,1979,6023142,8066928,476621,2383972,3639170,2789732,5277196
Nepal,1980,6169590,8243654,488919,2444708,3724882,2837357,5406297
Nepal,1981,6344964,8397917,506129,2520139,3824825,2879331,5518586
Nepal,1982,6516838,8567923,522475,2583547,3933291,2931526,5636397
Nepal,1983,6686188,8750185,538047,2639403,4046785,2992383,5757802
Nepal,1984,6853869,8940420,552953,2693382,4160487,3059228,5881192
Nepal,1985,7019941,9136725,567290,2751351,4268590,3130926,6005799
Nepal,1986,7208250,9305679,587207,2820057,4388193,3192318,6113361
Nepal,1987,7391231,9483465,606225,2879561,4511670,3261084,6222381
Nepal,1988,7573417,9675613,624637,2935190,4638227,3339096,6336517
Nepal,1989,7760452,9890169,642893,2992810,4767642,3428753,6461416
Nepal,1990,7955723,10132354,661329,3057784,4897939,3531697,6600657
Nepal,1991,8153170,10406603,685281,3124282,5028888,3655281,6751322
Nepal,1992,8350809,10713393,709570,3186395,5164414,3789756,6923637
Nepal,1993,8544342,11043362,733471,3244303,5300039,3929878,7113484
Nepal,1994,8727391,11383865,755874,3298344,5429047,4069302,7314563
Nepal,1995,8895302,11724984,776098,3350507,5544795,4203134,7521850
Nepal,1996,9090192,12010171,803016,3422043,5668149,4291423,7718748
Nepal,1997,9272937,12289313,827553,3479515,5793422,4375735,7913578
Nepal,1998,9442661,12563261,850383,3523677,5918984,4458572,8104689
Nepal,1999,9596512,12836866,872616,3553085,6043427,4543497,8293369
Nepal,2000,9730823,13115019,895069,3567095,6163728,4633384,8481635
Nepal,2001,9850248,13379842,931687,3585483,6264765,4665251,8714591
Nepal,2002,9956160,13639555,970627,3574647,6381513,4691870,8947685
Nepal,2003,10045703,13892479,1012441,3540970,6504733,4718792,9173687
Nepal,2004,10116958,14135370,1057121,3495054,6621904,4753192,9382178
Nepal,2005,10166629,14369045,1104613,3445617,6721012,4803856,9565189
Nepal,2006,10146932,14646000,1147686,3384356,6762576,4913980,9732020
Nepal,2007,10120715,14903432,1190700,3330884,6789831,5016751,9886681
Nepal,2008,10090386,15151638,1233835,3282545,6807841,5110361,10041277
Nepal,2009,10053055,15410333,1277715,3231452,6821603,5200521,10209812
Nepal,2010,10004154,15695003,1323980,3171741,6832413,5297935,10397068
Nepal,2011,9888163,16076239,1362745,3101536,6786627,5434415,10641824
Nepal,2012,9753259,16492695,1403971,3019647,6733612,5578618,10914077
Nepal,2013,9606690,16928067,1450553,2933003,6673687,5721890,11206177
Nepal,2014,9462579,17355470,1505192,2857447,6605132,5852381,11503089
Nepal,2015,9329032,17757987,1569263,2804977,6524055,5965517,11792470
Nepal,2016,9181574,18166451,1634746,2756281,6425293,6103597,12062854
Nepal,2017,9053142,18549388,1702468,2745543,6307599,6222318,12327070
Nepal,2018,8938311,18916105,1769619,2760435,6177876,6318995,12597110
Nepal,2019,8825542,19284286,1832190,2779016,6046526,6391872,12892414
Nepal,2020,8710004,19662102,1888138,2787739,5922265,6440420,13221682
Nepal,2021,8626146,20012951,1939339,2831086,5795060,6455650,13557301
Nepal,2022,8527644,20382199,1985037,2831178,5696466,6447874,13934325
Nepal,2023,8427731,20751841,2028174,2801127,5626604,6415455,14336386
Nepal,2024,8344488,21097387,2072759,2763799,5580689,6357768,14739619
Nepal,2025,8284099,21407986,2121513,2736035,5548064,6278243,15129743
Nepal,2026,8222951,21701445,2179477,2702103,5520848,6183725,15517720
Nepal,2027,8183936,21961260,2239959,2675274,5508662,6066694,15894566
Nepal,2028,8158147,22195770,2302738,2654110,5504037,5937048,16258722
Nepal,2029,8128484,22421820,2367357,2630339,5498145,5809756,16612064
Nepal,2030,8084637,22649223,2433752,2598597,5486040,5695817,16953406
Nepal,2031,8024403,22875534,2506143,2562819,5461584,5596193,17279341
Nepal,2032,7953467,23100080,2579372,2523128,5430339,5507842,17592238
Nepal,2033,7872314,23321384,2654660,2479824,5392490,5432841,17888543
Nepal,2034,7785372,23534339,2733161,2435926,5349446,5372344,18161995
Nepal,2035,7695012,23736144,2815725,2393468,5301544,5327757,18408387
Nepal,2036,7593564,23930215,2906624,2352145,5241419,5301352,18628863
Nepal,2037,7490158,24113452,2999922,2313337,5176821,5289739,18823713
Nepal,2038,7385173,24285701,3096128,2276904,5108269,5286363,18999338
Nepal,2039,7279252,24446996,3195487,2242521,5036731,5281277,19165719
Nepal,2040,7173122,24596980,3298339,2210474,4962648,5268921,19328059
Nepal,2041,7065965,24733778,3407710,2185892,4880073,5250717,19483061
Nepal,2042,6960960,24858514,3519300,2161280,4799680,5222100,19636414
Nepal,2043,6859179,24969386,3633825,2136887,4722292,5183634,19785752
Nepal,2044,6761632,25064752,3751740,2113200,4648432,5137757,19926995
Nepal,2045,6668478,25143769,3873631,2091141,4577337,5087271,20056498
Nepal,2046,6580272,25205384,3999999,2077471,4502801,5032704,20172680
Nepal,2047,6495968,25252480,4129099,2059307,4436661,4970100,20282380
Nepal,2048,6416631,25282837,4262152,2038349,4378282,4900684,20382153
Nepal,2049,6342730,25294729,4400507,2016765,4325965,4826717,20468012
Nepal,2050,6273505,25287612,4545461,1996550,4276955,4751217,20536395
Nepal,2051,6205261,25267515,4694694,1980178,4225083,4678141,20589374
Nepal,2052,6141689,25229642,4849138,1962123,4179566,4601741,20627901
Nepal,2053,6081966,25173087,5010152,1942933,4139033,4523856,20649231
Nepal,2054,6024397,25098023,5178774,1922841,4101556,4447317,20650706
Nepal,2055,5967292,25004836,5355919,1902370,4064922,4375214,20629622
Nepal,2056,5908390,24902002,5535238,1884634,4023756,4311759,20590243
Nepal,2057,5850164,24784272,5719459,1864813,3985351,4250979,20533293
Nepal,2058,5792419,24647993,5912291,1843452,3948967,4192993,20455000
Nepal,2059,5735043,24487973,6118892,1821369,3913674,4137865,20350108
Nepal,2060,5677400,24301818,6342228,1799412,3877988,4086629,20215189
Nepal,2061,5617526,24101954,6571734,1780317,3837209,4043733,20058221
Nepal,2062,5557888,23880852,6812464,1760077,3797811,4002765,19878087
Nepal,2063,5498436,23641819,7061262,1739083,3759353,3963071,19678748
Nepal,2064,5439124,23390227,7312931,1717848,3721276,3923953,19466274
Nepal,2065,5379563,23130136,7563953,1697054,3682509,3885870,19244266
Nepal,2066,5319351,22875513,7800849,1680115,3639236,3853182,19022331
Nepal,2067,5259668,22616553,8032265,1662077,3597591,3819214,18797339
Nepal,2068,5200704,22354239,8257029,1643353,3557351,3783774,18570465
Nepal,2069,5142603,22090151,8473373,1624514,3518089,3747008,18343143
Nepal,2070,5085044,21825951,8679993,1606289,3478755,3709923,18116028
Nepal,2071,5028724,21578766,8859143,1592477,3436247,3677076,17901690
Nepal,2072,4973527,21334949,9024829,1577213,3396314,3641837,17693112
Nepal,2073,4919734,21095692,9175816,1561079,3358655,3604326,17491366
Nepal,2074,4867506,20863505,9309763,1544849,3322657,3565063,17298442
Nepal,2075,4816459,20639690,9426054,1529368,3287091,3525293,17114397
Nepal,2076,4767129,20442219,9506438,1517931,3249198,3489763,16952456
Nepal,2077,4719656,20256593,9565543,1505437,3214219,3452136,16804457
Nepal,2078,4673959,20075625,9610806,1492232,3181727,3412749,16662876
Nepal,2079,4629656,19889434,9652708,1478670,3150986,3372356,16517078
Nepal,2080,4586025,19691914,9698316,1465272,3120753,3332302,16359612
Nepal,2081,4543907,19501490,9728696,1455498,3088409,3297104,16204386
Nepal,2082,4502916,19304282,9758527,1444005,3058911,3261047,16043235
Nepal,2083,4463099,19100227,9788262,1431309,3031790,3224319,15875908
Nepal,2084,4424339,18890528,9817292,1418083,3006256,3187379,15703149
Nepal,2085,4386011,18675913,9846008,1405020,2980991,3151270,15524643
Nepal,2086,4347746,18471434,9860173,1394559,2953187,3120043,15351391
Nepal,2087,4310646,18265825,9870400,1383009,2927637,3088661,15177164
Nepal,2088,4274476,18058568,9878016,1370680,2903796,3057157,15001411
Nepal,2089,4238814,17849738,9884015,1357913,2880901,3025805,14823933
Nepal,2090,4202964,17639432,9889586,1345150,2857814,2995436,14643996
Nepal,2091,4166125,17439934,9883764,1334560,2831565,2969334,14470600
Nepal,2092,4130164,17244436,9871989,1323072,2807092,2943372,14301064
Nepal,2093,4094942,17052281,9855489,1310973,2783969,2917432,14134849
Nepal,2094,4060173,16862668,9835795,1298601,2761572,2891495,13971173
Nepal,2095,4025111,16674426,9815268,1286308,2738803,2866027,13808399
Nepal,2096,3989107,16498833,9783792,1276151,2712956,2844073,13654760
Nepal,2097,3954203,16330781,9744946,1265354,2688849,2822029,13508752
Nepal,2098,3920099,16167661,9702193,1254097,2666002,2799561,13368100
Nepal,2099,3886442,16006602,9659367,1242672,2643770,2776473,13230129
Nepal,2100,3852712,15845377,9619813,1231540,2621172,2753140,13092237
Netherlands,1950,2927970,6343207,770866,1190371,1737599,1610530,4732677
Netherlands,1951,2988056,6386262,793216,1203556,1784500,1600843,4785419
Netherlands,1952,3024724,6454387,818873,1170525,1854199,1601319,4853068
Netherlands,1953,3073081,6515307,843913,1137858,1935223,1603957,4911350
Netherlands,1954,3138492,6563679,867517,1119037,2019455,1606643,4957036
Netherlands,1955,3211183,6607743,890704,1112388,2098795,1610804,4996939
Netherlands,1956,3243568,6689876,918476,1065786,2177782,1624239,5065637
Netherlands,1957,3302592,6751011,943032,1068074,2234518,1632983,5118028
Netherlands,1958,3365992,6811143,966935,1097172,2268820,1645827,5165316
Netherlands,1959,3414316,6888027,992346,1131410,2282906,1672908,5215119
Netherlands,1960,3441091,6987660,1020066,1155795,2285296,1718751,5268909
Netherlands,1961,3475750,7084219,1046433,1197869,2277881,1776638,5307581
Netherlands,1962,3484004,7208259,1074463,1218623,2265381,1852532,5355727
Netherlands,1963,3475643,7348891,1103827,1221836,2253807,1938403,5410488
Netherlands,1964,3468997,7486912,1133476,1219984,2249013,2020743,5466169
Netherlands,1965,3473432,7611823,1163089,1222326,2251106,2090925,5520898
Netherlands,1966,3490500,7720942,1192751,1229035,2261465,2151416,5569526
Netherlands,1967,3511485,7823356,1221998,1228685,2282800,2201910,5621446
Netherlands,1968,3535166,7920644,1250977,1223713,2311453,2241158,5679486
Netherlands,1969,3554935,8019758,1280314,1213124,2341811,2269190,5750568
Netherlands,1970,3565918,8125474,1310551,1196431,2369487,2286649,5838825
Netherlands,1971,3569408,8237357,1341167,1170929,2398479,2301097,5936260
Netherlands,1972,3563380,8357031,1371462,1141152,2422228,2302887,6054144
Netherlands,1973,3546425,8483379,1401378,1107960,2438465,2298409,6184970
Netherlands,1974,3517752,8614112,1430574,1072835,2444917,2297587,6316525
Netherlands,1975,3477286,8747176,1458829,1036776,2440510,2306402,6440774
Netherlands,1976,3426800,8872801,1493509,995417,2431383,2326935,6545866
Netherlands,1977,3368008,8998616,1526293,959533,2408475,2356521,6642095
Netherlands,1978,3302033,9125065,1556962,929033,2373000,2391194,6733871
Netherlands,1979,3231415,9252355,1584823,904032,2327383,2424457,6827898
Netherlands,1980,3158854,9379836,1609725,884111,2274743,2451942,6927894
Netherlands,1981,3082454,9503695,1637614,866775,2215679,2475956,7027739
Netherlands,1982,3010131,9624242,1660844,860998,2149133,2494569,7129673
Netherlands,1983,2942307,9740756,1682322,863298,2079009,2506074,7234682
Netherlands,1984,2879551,9851868,1706087,869324,2010227,2508576,7343292
Netherlands,1985,2823426,9956029,1734494,876661,1946765,2500738,7455291
Netherlands,1986,2791072,10038812,1765871,897745,1893327,2487767,7551045
Netherlands,1987,2761217,10120210,1801222,910168,1851049,2465467,7654743
Netherlands,1988,2737921,10197846,1838271,917108,1820813,2432830,7765016
Netherlands,1989,2725311,10269924,1873420,923643,1801668,2389834,7880090
Netherlands,1990,2724492,10336133,1904823,933606,1790886,2337608,7998525
Netherlands,1991,2735430,10394529,1934560,945027,1790403,2282636,8111893
Netherlands,1992,2755997,10449534,1960331,956669,1799328,2220231,8229303
Netherlands,1993,2784074,10500395,1983537,968469,1815605,2153653,8346742
Netherlands,1994,2814172,10548466,2006482,978016,1836156,2088814,8459652
Netherlands,1995,2841948,10595203,2030700,983169,1858779,2030258,8564945
Netherlands,1996,2869128,10636144,2057983,983310,1885818,1984518,8651626
Netherlands,1997,2891456,10678732,2085287,980248,1911208,1947510,8731222
Netherlands,1998,2909159,10724063,2112425,975093,1934066,1919708,8804355
Netherlands,1999,2925006,10772039,2138478,971269,1953737,1900966,8871073
Netherlands,2000,2941224,10821856,2163108,971264,1969960,1890905,8930951
Netherlands,2001,2951897,10872048,2194169,968778,1983119,1893817,8978231
Netherlands,2002,2967520,10919393,2223442,976937,1990583,1904408,9014985
Netherlands,2003,2984445,10964425,2252081,990918,1993527,1919771,9044654
Netherlands,2004,2996155,11009439,2281588,1002036,1994119,1936474,9072965
Netherlands,2005,2998522,11055357,2313279,1003697,1994825,1952352,9103005
Netherlands,2006,3000487,11084051,2355684,1007339,1993148,1975040,9109011
Netherlands,2007,2987339,11120334,2399383,995121,1992218,1998363,9121971
Netherlands,2008,2964898,11156094,2447742,972008,1992890,2019303,9136791
Netherlands,2009,2942055,11179392,2505479,947662,1994393,2035179,9144213
Netherlands,2010,2923222,11184274,2575421,929003,1994219,2044798,9139476
Netherlands,2011,2900808,11176779,2659415,903769,1997039,2058907,9117872
Netherlands,2012,2885286,11151052,2752757,891659,1993627,2067254,9083798
Netherlands,2013,2873271,11115658,2850770,889584,1983687,2070655,9045003
Netherlands,2014,2858423,11084541,2946392,890886,1967537,2071938,9012603
Netherlands,2015,2838149,11064939,3035411,890689,1947460,2072824,8992115
Netherlands,2016,2818428,11048606,3120296,893674,1924754,2066021,8982585
Netherlands,2017,2796201,11040629,3199108,896712,1899489,2060079,8980550
Netherlands,2018,2773108,11036610,3274741,899136,1873972,2054158,8982452
Netherlands,2019,2752682,11028565,3351661,901783,1850899,2046701,8981864
Netherlands,2020,2736842,11011446,3432960,905280,1831562,2036743,8974703
Netherlands,2021,2730632,10987532,3511375,913231,1817401,2029074,8958458
Netherlands,2022,2726032,10959603,3591973,917581,1808451,2020359,8939244
Netherlands,2023,2724000,10925452,3675446,919637,1804363,2009193,8916259
Netherlands,2024,2724627,10883651,3762404,920761,1803866,1993935,8889716
Netherlands,2025,2727314,10833784,3853256,921902,1805412,1973925,8859859
Netherlands,2026,2732539,10782357,3940746,921698,1810841,1954489,8827868
Netherlands,2027,2739711,10724666,4030090,922134,1817577,1930724,8793942
Netherlands,2028,2747680,10661985,4120935,922844,1824836,1904860,8757125
Netherlands,2029,2754586,10596398,4212876,922913,1831673,1880570,8715828
Netherlands,2030,2759180,10529262,4305644,921552,1837628,1860261,8669001
Netherlands,2031,2763971,10468553,4388620,918925,1845046,1848710,8619843
Netherlands,2032,2766713,10408151,4470038,916532,1850181,1841315,8566836
Netherlands,2033,2767044,10349317,4548755,913897,1853147,1837282,8512035
Netherlands,2034,2764924,10293733,4622926,910628,1854296,1835284,8458449
Netherlands,2035,2760310,10242330,4691495,906313,1853997,1834388,8407942
Netherlands,2036,2756733,10204127,4741886,901867,1854866,1840006,8364121
Netherlands,2037,2750640,10171782,4785077,897183,1853457,1847390,8324392
Netherlands,2038,2742228,10144793,4821508,892195,1850033,1855250,8289543
Netherlands,2039,2731876,10122708,4851466,886935,1844941,1862041,8260667
Netherlands,2040,2719840,10104850,4875596,881355,1838485,1866753,8238097
Netherlands,2041,2709111,10099071,4883155,875916,1833195,1874330,8224741
Netherlands,2042,2697324,10099298,4882761,871093,1826231,1879945,8219353
Netherlands,2043,2684762,10102831,4877212,866815,1817947,1883345,8219486
Netherlands,2044,2671569,10105229,4871262,862969,1808600,1884493,8220736
Netherlands,2045,2657721,10102545,4869292,859361,1798360,1883257,8219288
Netherlands,2046,2646731,10104087,4858714,856663,1790068,1884742,8219345
Netherlands,2047,2636077,10102925,4849144,855111,1780966,1884171,8218754
Netherlands,2048,2625613,10096910,4843067,854329,1771284,1881176,8215734
Netherlands,2049,2615269,10084600,4842139,853938,1761331,1875711,8208889
Netherlands,2050,2605130,10065218,4847227,853660,1751470,1867890,8197328
Netherlands,2051,2599743,10048588,4844150,855036,1744707,1862951,8185637
Netherlands,2052,2594956,10027213,4844754,856604,1738352,1856454,8170759
Netherlands,2053,2590850,10001092,4849088,858174,1732676,1848262,8152830
Netherlands,2054,2587249,9970541,4857159,859493,1727756,1838365,8132176
Netherlands,2055,2583799,9935395,4869614,860314,1723485,1826810,8108585
Netherlands,2056,2584322,9904015,4874387,862033,1722289,1818376,8085639
Netherlands,2057,2584972,9871391,4880481,862999,1721973,1809295,8062096
Netherlands,2058,2585688,9837465,4888226,863287,1722401,1799528,8037937
Netherlands,2059,2586198,9802478,4897886,862997,1723201,1789230,8013248
Netherlands,2060,2585994,9766069,4910503,862083,1723911,1778516,7987553
Netherlands,2061,2587466,9737196,4914812,860740,1726726,1771946,7965250
Netherlands,2062,2588809,9711014,4917486,859634,1729175,1765853,7945161
Netherlands,2063,2589477,9685280,4921383,858465,1731012,1760063,7925217
Netherlands,2064,2588708,9656856,4930436,856759,1731949,1754513,7902343
Netherlands,2065,2585867,9623325,4947715,854067,1731800,1749094,7874231
Netherlands,2066,2584383,9595612,4958842,851201,1733182,1748410,7847202
Netherlands,2067,2581575,9566507,4973658,848349,1733226,1748619,7817888
Netherlands,2068,2577148,9536016,4992294,845281,1731867,1749057,7786959
Netherlands,2069,2570967,9505084,5013732,841853,1729114,1749034,7756050
Netherlands,2070,2562891,9474034,5037607,837874,1725017,1748071,7725963
Netherlands,2071,2557217,9456784,5045622,834340,1722877,1751278,7705506
Netherlands,2072,2550455,9441841,5052667,831198,1719257,1754119,7687722
Netherlands,2073,2542372,9427239,5060672,828189,1714183,1755935,7671304
Netherlands,2074,2532857,9411017,5071408,825073,1707784,1756170,7654847
Netherlands,2075,2521926,9391794,5085998,821648,1700278,1754500,7637294
Netherlands,2076,2514680,9385390,5083394,819375,1695305,1756156,7629234
Netherlands,2077,2506756,9378489,5081267,817413,1689343,1756389,7622100
Netherlands,2078,2498218,9369590,5081024,815611,1682607,1754935,7614655
Netherlands,2079,2489063,9356591,5084776,813809,1675254,1751616,7604975
Netherlands,2080,2479135,9337399,5094797,811809,1667326,1746252,7591147
Netherlands,2081,2473566,9327702,5090257,811199,1662367,1743938,7583764
Netherlands,2082,2468003,9314965,5088041,810763,1657240,1740341,7574624
Netherlands,2083,2462313,9298198,5089394,810321,1651992,1735243,7562955
Netherlands,2084,2456186,9276384,5095798,809636,1646550,1728523,7547861
Netherlands,2085,2449189,9248174,5109183,808456,1640733,1720052,7528122
Netherlands,2086,2446667,9230285,5107526,808526,1638141,1714974,7515311
Netherlands,2087,2444054,9210142,5107999,808367,1635687,1709162,7500980
Netherlands,2088,2441059,9186520,5112228,807850,1633209,1702404,7484116
Netherlands,2089,2437263,9158206,5121961,806842,1630421,1694598,7463608
Netherlands,2090,2432157,9123900,5139122,805164,1626993,1685638,7438262
Netherlands,2091,2431047,9102374,5139651,804341,1626706,1680817,7421557
Netherlands,2092,2429554,9079464,5142130,803429,1626125,1675877,7403587
Netherlands,2093,2427158,9053664,5148563,802195,1624963,1670492,7383172
Netherlands,2094,2423308,9023706,5160735,800377,1622931,1664440,7359266
Netherlands,2095,2417539,8988519,5180160,797736,1619803,1657573,7330946
Netherlands,2096,2415445,8967921,5181411,795895,1619550,1655154,7312767
Netherlands,2097,2412348,8946173,5184868,793929,1618419,1652782,7293391
Netherlands,2098,2407969,8922282,5191818,791678,1616291,1650092,7272190
Netherlands,2099,2402020,8895264,5203513,788967,1613053,1646732,7248532
Netherlands,2100,2394052,8863694,5221833,785509,1608543,1642350,7221344
New Caledonia,1950,23635,38725,2465,8985,14650,11440,27285
New Caledonia,1951,23440,38345,2471,8874,14566,11323,27022
New Caledonia,1952,23559,38369,2480,8927,14632,11318,27051
New Caledonia,1953,23899,38722,2505,9083,14816,11403,27319
New Caledonia,1954,24393,39355,2530,9320,15073,11564,27791
New Caledonia,1955,25016,40178,2554,9645,15371,11779,28399
New Caledonia,1956,25784,41078,2606,9990,15794,12066,29012
New Caledonia,1957,26542,42167,2667,10252,16290,12405,29762
New Caledonia,1958,27328,43394,2727,10483,16845,12784,30610
New Caledonia,1959,28195,44694,2789,10747,17448,13189,31505
New Caledonia,1960,29159,46048,2849,11097,18062,13624,32424
New Caledonia,1961,30165,47483,2936,11454,18711,14169,33314
New Caledonia,1962,31254,48947,3017,11897,19357,14719,34228
New Caledonia,1963,32393,50417,3095,12403,19990,15262,35155
New Caledonia,1964,33513,51900,3166,12910,20603,15786,36114
New Caledonia,1965,34564,53408,3228,13360,21204,16293,37115
New Caledonia,1966,35554,54811,3321,13774,21780,16851,37960
New Caledonia,1967,36438,56238,3395,14126,22312,17378,38860
New Caledonia,1968,37327,57805,3477,14474,22853,17914,39891
New Caledonia,1969,38417,59608,3595,14949,23468,18499,41109
New Caledonia,1970,39838,61729,3757,15660,24178,19169,42560
New Caledonia,1971,41769,64033,4028,16456,25313,19902,44131
New Caledonia,1972,43979,66656,4349,17440,26539,20748,45908
New Caledonia,1973,46244,69495,4693,18470,27774,21677,47818
New Caledonia,1974,48210,72411,5021,19278,28932,22638,49773
New Caledonia,1975,49643,75312,5309,19706,29937,23590,51722
New Caledonia,1976,51503,77112,5556,20520,30983,24100,53012
New Caledonia,1977,52657,79047,5763,20454,32203,24670,54377
New Caledonia,1978,53321,81000,5944,19803,33518,25283,55717
New Caledonia,1979,53846,82824,6090,19036,34810,25892,56932
New Caledonia,1980,54406,84515,6223,18476,35930,26492,58023
New Caledonia,1981,54647,86314,6454,17544,37103,27083,59231
New Caledonia,1982,55126,87786,6648,17246,37880,27583,60203
New Caledonia,1983,55624,89209,6822,17398,38226,28129,61080
New Caledonia,1984,55840,90934,6996,17640,38200,28883,62051
New Caledonia,1985,55687,93110,7185,17752,37935,29913,63197
New Caledonia,1986,55602,95317,7394,18142,37460,30862,64455
New Caledonia,1987,55177,97991,7620,18243,36934,32034,65957
New Caledonia,1988,54589,101022,7873,18168,36421,33363,67659
New Caledonia,1989,54172,104156,8137,18163,36009,34675,69481
New Caledonia,1990,54122,107262,8403,18398,35724,35857,71405
New Caledonia,1991,54170,110653,8665,18718,35452,36741,73912
New Caledonia,1992,54619,113973,8933,19163,35456,37352,76621
New Caledonia,1993,55379,117240,9206,19695,35684,37700,79540
New Caledonia,1994,56229,120532,9503,20197,36032,37813,82719
New Caledonia,1995,57043,123872,9817,20620,36423,37728,86144
New Caledonia,1996,58201,126708,10307,21251,36950,37528,89180
New Caledonia,1997,59182,129703,10830,21547,37635,37201,92502
New Caledonia,1998,60056,132750,11374,21615,38441,36827,95923
New Caledonia,1999,60913,135740,11929,21592,39321,36524,99216
New Caledonia,2000,61759,138625,12487,21559,40200,36381,102244
New Caledonia,2001,62391,141541,13108,21314,41077,36409,105132
New Caledonia,2002,63025,144335,13728,21178,41847,36572,107763
New Caledonia,2003,63563,147100,14363,21102,42461,36890,110210
New Caledonia,2004,63886,149951,15046,20999,42887,37349,112602
New Caledonia,2005,63954,152936,15796,20817,43137,37918,115018
New Caledonia,2006,63477,155809,17149,20577,42900,38093,117716
New Caledonia,2007,62794,158712,18623,20330,42464,38497,120215
New Caledonia,2008,61980,161628,20178,20096,41884,39120,122508
New Caledonia,2009,61178,164461,21774,19936,41242,39836,124625
New Caledonia,2010,60518,167134,23385,19904,40614,40495,126639
New Caledonia,2011,60520,170167,23970,19984,40536,41563,128604
New Caledonia,2012,60673,173079,24523,20232,40441,42383,130696
New Caledonia,2013,60939,175887,25063,20591,40348,42955,132932
New Caledonia,2014,61215,178660,25622,20954,40261,43326,135334
New Caledonia,2015,61439,181438,26214,21228,40211,43515,137923
New Caledonia,2016,61891,183948,26838,21575,40316,43608,140340
New Caledonia,2017,62209,186547,27499,21710,40499,43547,143000
New Caledonia,2018,62463,189144,28214,21697,40766,43366,145778
New Caledonia,2019,62751,191627,28998,21653,41098,43121,148506
New Caledonia,2020,63115,193935,29863,21658,41457,42854,151081
New Caledonia,2021,63480,196098,30847,21542,41938,42730,153368
New Caledonia,2022,63932,198096,31900,21566,42366,42615,155481
New Caledonia,2023,64413,199973,33023,21689,42724,42526,157447
New Caledonia,2024,64823,201808,34234,21822,43001,42476,159332
New Caledonia,2025,65121,203632,35559,21900,43221,42469,161163
New Caledonia,2026,65457,205301,36969,21959,43498,42626,162675
New Caledonia,2027,65681,206976,38458,22007,43674,42858,164118
New Caledonia,2028,65814,208644,40020,22036,43778,43143,165501
New Caledonia,2029,65902,210280,41632,22058,43844,43441,166839
New Caledonia,2030,65973,211863,43266,22074,43899,43720,168143
New Caledonia,2031,66140,213348,44878,22085,44055,44125,169223
New Caledonia,2032,66262,214842,46475,22096,44166,44541,170301
New Caledonia,2033,66351,216311,48095,22106,44245,44937,171374
New Caledonia,2034,66404,217685,49793,22111,44293,45263,172422
New Caledonia,2035,66425,218950,51602,22102,44323,45493,173457
New Caledonia,2036,66524,220087,53402,22072,44452,45764,174323
New Caledonia,2037,66583,221143,55271,22055,44528,45955,175188
New Caledonia,2038,66607,222182,57145,22048,44559,46074,176108
New Caledonia,2039,66599,223310,58915,22042,44557,46146,177164
New Caledonia,2040,66562,224580,60522,22031,44531,46180,178400
New Caledonia,2041,66615,225987,61847,22004,44611,46321,179666
New Caledonia,2042,66636,227546,63006,22003,44633,46446,181100
New Caledonia,2043,66631,229206,64040,22021,44610,46546,182660
New Caledonia,2044,66606,230919,65003,22047,44559,46605,184314
New Caledonia,2045,66561,232638,65938,22065,44496,46611,186027
New Caledonia,2046,66629,234380,66686,22083,44546,46718,187662
New Caledonia,2047,66678,236165,67377,22121,44557,46805,189360
New Caledonia,2048,66704,237914,68082,22166,44538,46860,191054
New Caledonia,2049,66715,239541,68870,22214,44501,46871,192670
New Caledonia,2050,66717,240982,69810,22252,44465,46829,194153
New Caledonia,2051,66832,242246,70750,22285,44547,46862,195384
New Caledonia,2052,66929,243370,71801,22328,44601,46875,196495
New Caledonia,2053,67008,244338,72979,22371,44637,46857,197481
New Caledonia,2054,67070,245130,74300,22411,44659,46806,198324
New Caledonia,2055,67114,245734,75781,22437,44677,46718,199016
New Caledonia,2056,67249,246181,77283,22447,44802,46715,199466
New Caledonia,2057,67367,246484,78903,22470,44897,46705,199779
New Caledonia,2058,67461,246696,80596,22498,44963,46682,200014
New Caledonia,2059,67518,246885,82301,22517,45001,46640,200245
New Caledonia,2060,67549,247077,83987,22519,45030,46576,200501
New Caledonia,2061,67654,247322,85503,22502,45152,46608,200714
New Caledonia,2062,67726,247634,86931,22494,45232,46643,200991
New Caledonia,2063,67763,247988,88322,22486,45277,46673,201315
New Caledonia,2064,67764,248332,89721,22475,45289,46687,201645
New Caledonia,2065,67726,248634,91152,22450,45276,46672,201962
New Caledonia,2066,67767,248974,92433,22409,45358,46747,202227
New Caledonia,2067,67775,249340,93682,22387,45388,46820,202520
New Caledonia,2068,67755,249706,94917,22376,45379,46880,202826
New Caledonia,2069,67700,250063,96152,22362,45338,46916,203147
New Caledonia,2070,67608,250379,97424,22335,45273,46910,203469
New Caledonia,2071,67613,250796,98457,22308,45305,46990,203806
New Caledonia,2072,67585,251221,99463,22292,45293,47054,204167
New Caledonia,2073,67525,251608,100503,22281,45244,47092,204516
New Caledonia,2074,67433,251884,101633,22267,45166,47090,204794
New Caledonia,2075,67311,252008,102893,22242,45069,47042,204966
New Caledonia,2076,67306,252208,103910,22224,45082,47077,205131
New Caledonia,2077,67277,252310,105004,22215,45062,47092,205218
New Caledonia,2078,67218,252303,106175,22209,45009,47073,205230
New Caledonia,2079,67133,252220,107398,22199,44934,47020,205200
New Caledonia,2080,67022,252055,108671,22179,44843,46923,205132
New Caledonia,2081,67022,252007,109659,22165,44857,46906,205101
New Caledonia,2082,67003,251928,110645,22160,44843,46869,205059
New Caledonia,2083,66960,251807,111645,22157,44803,46810,204997
New Caledonia,2084,66897,251625,112675,22151,44746,46724,204901
New Caledonia,2085,66798,251353,113774,22128,44670,46606,204747
New Caledonia,2086,66800,251182,114634,22109,44691,46564,204618
New Caledonia,2087,66782,250999,115471,22096,44686,46518,204481
New Caledonia,2088,66741,250790,116320,22084,44657,46460,204330
New Caledonia,2089,66672,250523,117219,22064,44608,46380,204143
New Caledonia,2090,66566,250149,118218,22029,44537,46265,203884
New Caledonia,2091,66560,249928,118938,22000,44560,46235,203693
New Caledonia,2092,66533,249696,119649,21978,44555,46203,203493
New Caledonia,2093,66478,249414,120412,21957,44521,46154,203260
New Caledonia,2094,66385,249057,121258,21928,44457,46082,202975
New Caledonia,2095,66251,248601,122216,21881,44370,45976,202625
New Caledonia,2096,66223,248342,122841,21847,44376,45957,202385
New Caledonia,2097,66165,248059,123493,21816,44349,45930,202129
New Caledonia,2098,66079,247736,124200,21786,44293,45886,201850
New Caledonia,2099,65957,247356,124965,21748,44209,45822,201534
New Caledonia,2100,65807,246909,125814,21699,44108,45726,201183
New Zealand,1950,554999,1181999,171002,232000,322999,273000,908999
New Zealand,1951,576696,1195598,175637,239044,337652,274707,920891
New Zealand,1952,596633,1215536,180629,240944,355689,277453,938083
New Zealand,1953,618302,1236737,185193,242938,375364,280263,956474
New Zealand,1954,642262,1257243,188978,247002,395260,283220,974023
New Zealand,1955,667123,1277233,192035,253078,414045,287007,990226
New Zealand,1956,689377,1298287,195798,255692,433685,294272,1004015
New Zealand,1957,714090,1317272,198464,263249,450841,302151,1015121
New Zealand,1958,738710,1336895,200528,272973,465737,311132,1025763
New Zealand,1959,761003,1359865,202545,282129,478874,321924,1037941
New Zealand,1960,780272,1387433,204889,289136,491136,335059,1052374
New Zealand,1961,802729,1415282,206055,299300,503429,352059,1063223
New Zealand,1962,820024,1449376,207799,303801,516223,371695,1077681
New Zealand,1963,833379,1486894,209900,303997,529382,392387,1094507
New Zealand,1964,844967,1523624,211939,302553,542414,412154,1111470
New Zealand,1965,855622,1557322,213701,301349,554273,430075,1127247
New Zealand,1966,864607,1583617,218858,298832,565775,443407,1140210
New Zealand,1967,872735,1606481,223460,296924,575811,455358,1151123
New Zealand,1968,880061,1628804,227962,295962,584099,466806,1161998
New Zealand,1969,886907,1654450,233010,295944,590963,478820,1175630
New Zealand,1970,894045,1685345,238997,296941,597104,492053,1193292
New Zealand,1971,902256,1723723,244843,298056,604200,507203,1216520
New Zealand,1972,912378,1766232,251076,301209,611169,521041,1245191
New Zealand,1973,921644,1810447,257318,304716,616928,533397,1277050
New Zealand,1974,926157,1852834,263186,305789,620368,544291,1308543
New Zealand,1975,923190,1890893,268550,302430,620760,554118,1336775
New Zealand,1976,919732,1911666,277172,301676,618056,558204,1353462
New Zealand,1977,907434,1929575,285397,292988,614446,562769,1366806
New Zealand,1978,889284,1946531,293141,279302,609982,568110,1378421
New Zealand,1979,870834,1964118,300345,265806,605028,573665,1390453
New Zealand,1980,855926,1983495,307198,256568,599358,579223,1404272
New Zealand,1981,839594,2011750,313484,246329,593265,584290,1427460
New Zealand,1982,829092,2040120,319327,242872,586220,587306,1452814
New Zealand,1983,821871,2068760,325098,244689,577182,589335,1479425
New Zealand,1984,814318,2097515,331203,248423,565895,590959,1506556
New Zealand,1985,805090,2125390,337756,251734,553356,592170,1533220
New Zealand,1986,799712,2145440,345152,258828,540884,588219,1557221
New Zealand,1987,793642,2164460,352641,263839,529803,582773,1581687
New Zealand,1988,788137,2184129,360526,267355,520782,577265,1606864
New Zealand,1989,786092,2205902,368963,271063,515029,572314,1633588
New Zealand,1990,789439,2230757,377976,276422,513017,568198,1662559
New Zealand,1991,797989,2261573,386608,283420,514569,566020,1695553
New Zealand,1992,809590,2297284,396307,288773,520817,564096,1733188
New Zealand,1993,822772,2335204,406488,292879,529893,562365,1772839
New Zealand,1994,835257,2371814,416208,295429,539828,559983,1811831
New Zealand,1995,845428,2404775,424733,296084,549344,556350,1848425
New Zealand,1996,855792,2429456,432101,294899,560893,546483,1882973
New Zealand,1997,863665,2450711,437986,292226,571439,536403,1914308
New Zealand,1998,868845,2471886,443243,288778,580067,529109,1942777
New Zealand,1999,872609,2496521,449001,285625,586984,526751,1969770
New Zealand,2000,876581,2526422,455996,283436,593145,529744,1996678
New Zealand,2001,878548,2566510,462875,278661,599887,538628,2027882
New Zealand,2002,882369,2610054,470783,277348,605021,550184,2059870
New Zealand,2003,886606,2655825,479638,278609,607997,564197,2091628
New Zealand,2004,889686,2701658,489094,281330,608356,579136,2122522
New Zealand,2005,890955,2745547,498853,284574,606381,593211,2152336
New Zealand,2006,892178,2782203,511536,289457,602721,604819,2177384
New Zealand,2007,893163,2815915,524073,295857,597306,614835,2201080
New Zealand,2008,894086,2847002,537237,302672,591414,623604,2223398
New Zealand,2009,894953,2876147,552382,308419,586534,631249,2244898
New Zealand,2010,895753,2903896,570413,312253,583500,637383,2266513
New Zealand,2011,905566,2925629,587170,318985,586581,641526,2284103
New Zealand,2012,911210,2949169,607364,319255,591955,646089,2303080
New Zealand,2013,914342,2973248,629937,315386,598956,650915,2322333
New Zealand,2014,917378,2996191,653131,310995,606383,655289,2340902
New Zealand,2015,921561,3017073,675898,308680,612881,658293,2358780
New Zealand,2016,923869,3037914,699050,304008,619861,655222,2382692
New Zealand,2017,930143,3054663,721012,303991,626152,648638,2406025
New Zealand,2018,938276,3068689,742633,307250,631026,640326,2428363
New Zealand,2019,944915,3082216,765278,310880,634035,632925,2449291
New Zealand,2020,948434,3096250,789736,312792,635642,628048,2468202
New Zealand,2021,952647,3109178,813772,315813,636834,625845,2483333
New Zealand,2022,953826,3123147,838894,316912,636914,626172,2496975
New Zealand,2023,952852,3137231,865249,316399,636453,628486,2508745
New Zealand,2024,951631,3149609,892878,315483,636148,631639,2517970
New Zealand,2025,951155,3159289,921864,314993,636162,634868,2524421
New Zealand,2026,952044,3168359,949532,314901,637143,639407,2528952
New Zealand,2027,953197,3175539,978230,314702,638495,644411,2531128
New Zealand,2028,954414,3181304,1007558,314489,639925,649267,2532037
New Zealand,2029,955109,3186828,1036760,314062,641047,653162,2533666
New Zealand,2030,954942,3192845,1065316,313320,641622,655616,2537229
New Zealand,2031,955412,3201571,1089480,312680,642732,657711,2543860
New Zealand,2032,955278,3211128,1112406,311916,643362,658137,2552991
New Zealand,2033,954529,3221001,1134611,311048,643481,657470,2563531
New Zealand,2034,953250,3230263,1156943,310158,643092,656653,2573610
New Zealand,2035,951507,3238328,1179950,309293,642214,656273,2582055
New Zealand,2036,950706,3248111,1199288,308775,641931,657357,2590754
New Zealand,2037,949630,3257032,1218784,308453,641177,658738,2598294
New Zealand,2038,948235,3265740,1237894,308259,639976,660199,2605541
New Zealand,2039,946512,3275330,1255576,308100,638412,661323,2614007
New Zealand,2040,944500,3286319,1271353,307929,636571,661832,2624487
New Zealand,2041,944007,3301092,1281058,308456,635551,662941,2638151
New Zealand,2042,943321,3317606,1288450,308823,634498,663590,2654016
New Zealand,2043,942494,3334799,1294585,309055,633439,663763,2671036
New Zealand,2044,941556,3350966,1301176,309185,632371,663418,2687548
New Zealand,2045,940475,3364823,1309567,309240,631235,662517,2702306
New Zealand,2046,941002,3379582,1314840,309876,631126,662262,2717320
New Zealand,2047,941400,3392856,1321122,310202,631198,661526,2731330
New Zealand,2048,941611,3404153,1328960,310281,631330,660345,2743808
New Zealand,2049,941584,3413155,1338688,310202,631382,658798,2754357
New Zealand,2050,941256,3419664,1350564,310034,631222,656967,2762697
New Zealand,2051,942085,3427150,1359679,310167,631918,656067,2771083
New Zealand,2052,942801,3432846,1370106,310283,632518,654969,2777877
New Zealand,2053,943263,3436545,1382210,310334,632929,653749,2782796
New Zealand,2054,943296,3437993,1396488,310226,633070,652479,2785514
New Zealand,2055,942755,3436918,1413363,309886,632869,651177,2785741
New Zealand,2056,943234,3436654,1427962,309892,633342,650961,2785693
New Zealand,2057,943327,3434922,1443974,309694,633633,650851,2784071
New Zealand,2058,942991,3432110,1461142,309306,633685,650773,2781337
New Zealand,2059,942210,3428813,1478960,308767,633443,650592,2778221
New Zealand,2060,940922,3425227,1497370,308096,632826,650180,2775047
New Zealand,2061,940626,3424964,1511277,307751,632875,650691,2774273
New Zealand,2062,940080,3425391,1524561,307363,632717,651109,2774282
New Zealand,2063,939161,3426097,1537820,306902,632259,651334,2774763
New Zealand,2064,937759,3426710,1551531,306328,631431,651265,2775445
New Zealand,2065,935826,3426887,1566117,305623,630203,650832,2776055
New Zealand,2066,935041,3430794,1575731,305348,629693,651228,2779566
New Zealand,2067,934000,3435416,1584780,305014,628986,651364,2784052
New Zealand,2068,932654,3439746,1594289,304608,628046,651216,2788530
New Zealand,2069,930943,3442198,1605857,304119,626824,650720,2791478
New Zealand,2070,928766,3441496,1620819,303517,625249,649791,2791705
New Zealand,2071,928074,3443000,1631841,303468,624606,649806,2793194
New Zealand,2072,927186,3442388,1644900,303341,623845,649532,2792856
New Zealand,2073,925945,3439565,1660154,303088,622857,648870,2790695
New Zealand,2074,924256,3435071,1677072,302679,621577,647751,2787320
New Zealand,2075,922086,3429301,1695200,302112,619974,646165,2783136
New Zealand,2076,921629,3428367,1706227,302150,619479,645646,2782721
New Zealand,2077,920890,3426992,1717381,302013,618877,644801,2782191
New Zealand,2078,919835,3424777,1729038,301714,618121,643636,2781141
New Zealand,2079,918391,3421000,1741903,301266,617125,642120,2778880
New Zealand,2080,916427,3414943,1756793,300653,615774,640206,2774737
New Zealand,2081,916056,3413217,1764943,300566,615490,639436,2773781
New Zealand,2082,915490,3410600,1773412,300400,615090,638473,2772127
New Zealand,2083,914591,3406711,1782774,300115,614476,637269,2769442
New Zealand,2084,913205,3401135,1793697,299655,613550,635776,2765359
New Zealand,2085,911176,3393399,1806922,298966,612210,633925,2759474
New Zealand,2086,910677,3390141,1813645,298794,611883,633247,2756894
New Zealand,2087,909931,3386350,1820688,298489,611442,632486,2753864
New Zealand,2088,908825,3381605,1828665,298031,610794,631564,2750041
New Zealand,2089,907216,3375319,1838400,297400,609816,630353,2744966
New Zealand,2090,904914,3366757,1850894,296552,608362,628715,2738042
New Zealand,2091,904189,3363349,1856498,296225,607964,628288,2735061
New Zealand,2092,903279,3359578,1862499,295851,607428,627759,2731819
New Zealand,2093,901957,3354710,1869872,295358,606599,626978,2727732
New Zealand,2094,900018,3348054,1879498,294673,605345,625808,2722246
New Zealand,2095,897294,3339029,1892115,293734,603560,624134,2714895
New Zealand,2096,896376,3336122,1896672,293419,602957,623769,2712353
New Zealand,2097,895158,3332652,1901936,292995,602163,623205,2709447
New Zealand,2098,893492,3328002,1908705,292418,601074,622334,2705668
New Zealand,2099,891260,3321518,1917771,291667,599593,621056,2700462
New Zealand,2100,888342,3312577,1929911,290716,597626,619262,2693315
Nicaragua,1950,556939,701827,36226,211439,345500,260675,441152
Nicaragua,1951,577698,716694,37353,225355,352343,265257,451437
Nicaragua,1952,604612,728687,38219,248078,356534,268748,459939
Nicaragua,1953,631123,744045,39108,269992,361131,273510,470535
Nicaragua,1954,656211,763663,39980,289152,367059,279951,483712
Nicaragua,1955,681331,785984,40710,306436,374895,287576,498408
Nicaragua,1956,715802,801047,41625,331565,384237,292563,508484
Nicaragua,1957,745984,822231,42603,345773,400211,300207,522024
Nicaragua,1958,775331,845742,43532,353415,421916,308722,537020
Nicaragua,1959,806588,868419,44358,358615,447973,316342,552077
Nicaragua,1960,840265,889342,45092,364656,475609,322474,566868
Nicaragua,1961,874329,909552,46519,367797,506532,327379,582173
Nicaragua,1962,910463,928241,47858,371966,538497,330977,597264
Nicaragua,1963,947220,947233,49137,377669,569551,334755,612478
Nicaragua,1964,982025,969696,50398,384224,597801,341118,628578
Nicaragua,1965,1013644,997313,51673,391251,622393,351518,645795
Nicaragua,1966,1043639,1028021,53580,397827,645812,364669,663352
Nicaragua,1967,1071839,1062601,55442,406814,665025,380954,681647
Nicaragua,1968,1098536,1100939,57307,417712,680824,400462,700477
Nicaragua,1969,1124760,1142183,59196,430169,694591,423046,719137
Nicaragua,1970,1151375,1185600,61121,443974,707401,448419,737181
Nicaragua,1971,1182197,1226890,63569,461612,720585,474273,752617
Nicaragua,1972,1213053,1270658,66063,478319,734734,503124,767534
Nicaragua,1973,1244711,1316188,68606,494441,750270,533023,783165
Nicaragua,1974,1278027,1362619,71202,510531,767496,561139,801480
Nicaragua,1975,1313319,1409559,73868,527244,786075,585829,823730
Nicaragua,1976,1354006,1453184,76965,546988,807018,605032,848152
Nicaragua,1977,1395611,1498025,80170,563752,831859,621245,876780
Nicaragua,1978,1438131,1543543,83443,578500,859631,635082,908461
Nicaragua,1979,1481236,1589371,86748,592496,888740,647824,941547
Nicaragua,1980,1524361,1635495,90054,606840,917521,660528,974967
Nicaragua,1981,1569411,1679491,93767,622272,947139,671185,1008306
Nicaragua,1982,1614885,1723210,97430,637489,977396,681238,1041972
Nicaragua,1983,1659648,1767158,101133,651936,1007712,691700,1075458
Nicaragua,1984,1701961,1812284,105008,664412,1037549,704009,1108275
Nicaragua,1985,1740687,1859275,109129,674287,1066400,719163,1140112
Nicaragua,1986,1777557,1905835,113525,684863,1092694,734314,1171521
Nicaragua,1987,1810117,1954711,118115,690434,1119683,752317,1202394
Nicaragua,1988,1839601,2005977,122876,692398,1147203,772889,1233088
Nicaragua,1989,1867867,2059626,127772,693046,1174821,795435,1264191
Nicaragua,1990,1895830,2115952,132783,694178,1201652,819715,1296237
Nicaragua,1991,1918566,2179722,138513,692546,1226020,846520,1333202
Nicaragua,1992,1940732,2246255,144290,691775,1248957,874463,1371792
Nicaragua,1993,1961226,2315273,150081,691541,1269685,903241,1412032
Nicaragua,1994,1978254,2386616,155855,690763,1287491,932560,1454056
Nicaragua,1995,1990658,2459986,161584,688541,1302117,962171,1497815
Nicaragua,1996,1997628,2535171,167980,685189,1312439,990699,1544472
Nicaragua,1997,2000953,2611436,174251,681406,1319547,1018738,1592698
Nicaragua,1998,2000804,2688360,180462,676981,1323823,1046022,1642338
Nicaragua,1999,1997732,2765270,186658,671877,1325855,1072144,1693126
Nicaragua,2000,1992154,2841752,192890,666102,1326052,1096867,1744885
Nicaragua,2001,1982220,2918368,200162,660342,1321878,1118623,1799745
Nicaragua,2002,1970315,2994032,207387,653808,1316507,1138485,1855547
Nicaragua,2003,1957473,3068729,214677,647106,1310367,1156253,1912476
Nicaragua,2004,1945153,3142371,222179,641307,1303846,1171538,1970833
Nicaragua,2005,1934329,3215009,229990,637154,1297175,1184216,2030793
Nicaragua,2006,1920214,3291664,238333,632424,1287790,1194632,2097032
Nicaragua,2007,1908947,3366038,247121,630899,1278048,1201583,2164455
Nicaragua,2008,1899657,3438900,255949,631345,1268312,1205730,2233170
Nicaragua,2009,1890763,3511609,264209,631636,1259127,1208038,2303571
Nicaragua,2010,1881332,3584736,271655,630293,1251039,1209173,2375563
Nicaragua,2011,1870959,3658709,278152,629905,1241054,1208568,2450141
Nicaragua,2012,1859059,3734076,283973,625669,1233390,1206861,2527215
Nicaragua,2013,1846740,3808832,290175,618807,1227933,1204024,2604808
Nicaragua,2014,1835719,3879978,298300,611577,1224142,1199854,2680124
Nicaragua,2015,1826696,3946048,309291,605548,1221148,1194494,2751554
Nicaragua,2016,1814664,4012544,322720,597263,1217401,1189680,2822864
Nicaragua,2017,1805145,4073890,338546,591694,1213451,1183447,2890443
Nicaragua,2018,1796918,4131408,356431,588007,1208911,1176586,2954822
Nicaragua,2019,1787968,4187358,375831,584427,1203541,1170174,3017184
Nicaragua,2020,1777239,4242894,396435,579686,1197553,1164865,3078029
Nicaragua,2021,1764654,4298872,417281,574696,1189958,1161260,3137612
Nicaragua,2022,1750229,4354497,439250,568610,1181619,1158560,3195937
Nicaragua,2023,1734622,4409859,462057,561729,1172893,1156643,3253216
Nicaragua,2024,1719194,4464712,485242,554975,1164219,1155125,3309587
Nicaragua,2025,1704708,4518913,508576,548965,1155743,1153760,3365153
Nicaragua,2026,1689992,4575218,530655,542567,1147425,1154425,3420793
Nicaragua,2027,1675987,4631156,552701,537135,1138852,1155154,3476002
Nicaragua,2028,1662324,4686147,575008,532432,1129892,1155505,3530642
Nicaragua,2029,1648293,4739585,597977,527876,1120417,1154855,3584730
Nicaragua,2030,1633522,4790852,621919,523058,1110464,1152800,3638052
Nicaragua,2031,1618664,4840561,645322,518661,1100003,1149582,3690979
Nicaragua,2032,1603257,4887985,669469,513903,1089354,1144747,3743238
Nicaragua,2033,1587551,4932625,694746,508889,1078662,1138587,3794038
Nicaragua,2034,1572001,4973816,721609,503918,1068083,1131547,3842269
Nicaragua,2035,1556857,5011123,750422,499207,1057650,1123962,3887161
Nicaragua,2036,1542174,5046473,779179,494821,1047353,1116346,3930127
Nicaragua,2037,1528030,5077851,809698,490734,1037296,1108038,3969813
Nicaragua,2038,1514339,5105286,842015,486865,1027474,1099123,4006163
Nicaragua,2039,1500854,5128918,876195,483016,1017838,1089647,4039271
Nicaragua,2040,1487404,5148734,912426,479048,1008356,1079675,4069059
Nicaragua,2041,1474587,5167024,947793,475459,999128,1069913,4097111
Nicaragua,2042,1461875,5181765,984838,471704,990171,1059671,4122094
Nicaragua,2043,1449261,5192484,1024031,467797,981464,1049092,4143392
Nicaragua,2044,1436797,5198735,1065729,463807,972990,1038388,4160347
Nicaragua,2045,1424498,5200436,1109971,459782,964716,1027753,4172683
Nicaragua,2046,1412491,5200388,1153826,455859,956632,1017896,4182492
Nicaragua,2047,1400722,5196292,1199642,452009,948713,1008067,4188225
Nicaragua,2048,1389150,5188647,1246986,448211,940939,998347,4190300
Nicaragua,2049,1377655,5177928,1295550,444401,933254,988732,4189196
Nicaragua,2050,1366089,5164260,1345393,440505,925584,979202,4185058
Nicaragua,2051,1354771,5150864,1392953,436710,918061,970619,4180245
Nicaragua,2052,1343589,5135244,1440842,433063,910526,962100,4173144
Nicaragua,2053,1332420,5117360,1489187,429468,902952,953638,4163722
Nicaragua,2054,1321147,5097236,1538048,425805,895342,945227,4152009
Nicaragua,2055,1309668,5074862,1587515,421973,887695,936851,4138011
Nicaragua,2056,1298765,5054599,1632428,418407,880358,929528,4125071
Nicaragua,2057,1287759,5032946,1676962,414750,873009,922198,4110748
Nicaragua,2058,1276634,5009621,1721393,411014,865620,914794,4094827
Nicaragua,2059,1265442,4984388,1765900,407263,858179,907228,4077160
Nicaragua,2060,1254209,4957145,1810543,403539,850670,899466,4057679
Nicaragua,2061,1243664,4933249,1849226,400060,843604,892710,4040539
Nicaragua,2062,1233294,4907840,1887328,396858,836436,885674,4022166
Nicaragua,2063,1222987,4880916,1924948,393814,829173,878391,4002525
Nicaragua,2064,1212591,4852541,1962149,390761,821830,870903,3981638
Nicaragua,2065,1202013,4822641,1999098,387568,814445,863237,3959404
Nicaragua,2066,1192451,4796634,2029191,384839,807612,856589,3940045
Nicaragua,2067,1182823,4769850,2058204,382006,800817,849731,3920119
Nicaragua,2068,1173155,4741664,2086741,379071,794084,842661,3899003
Nicaragua,2069,1163487,4711139,2115733,376073,787414,835359,3875780
Nicaragua,2070,1153766,4677577,2145949,373015,780751,827802,3849775
Nicaragua,2071,1145028,4647043,2170312,370294,774734,821278,3825765
Nicaragua,2072,1136423,4614464,2194818,367626,768797,814536,3799928
Nicaragua,2073,1127859,4579879,2219559,364970,762889,807583,3772296
Nicaragua,2074,1119224,4543587,2244453,362276,756948,800444,3743143
Nicaragua,2075,1110415,4505677,2269575,359493,750922,793119,3712558
Nicaragua,2076,1102519,4472176,2287864,357025,745494,786898,3685278
Nicaragua,2077,1094738,4438114,2305172,354673,740065,780559,3657555
Nicaragua,2078,1086971,4403225,2321933,352356,734615,774118,3629107
Nicaragua,2079,1079077,4367098,2338799,349960,729117,767585,3599513
Nicaragua,2080,1070912,4329256,2356471,347388,723524,760928,3568328
Nicaragua,2081,1063733,4295859,2367607,345185,718548,755418,3540441
Nicaragua,2082,1056514,4262137,2378071,342893,713621,749903,3512234
Nicaragua,2083,1049185,4227749,2388366,340496,708689,744310,3483439
Nicaragua,2084,1041695,4192409,2398902,338005,703690,738550,3453859
Nicaragua,2085,1033979,4155862,2410088,335418,698561,732565,3423297
Nicaragua,2086,1027179,4124567,2414387,333111,694068,727675,3396892
Nicaragua,2087,1020438,4093240,2418008,330906,689532,722653,3370587
Nicaragua,2088,1013621,4061460,2421573,328725,684896,717476,3343984
Nicaragua,2089,1006580,4028815,2425700,326471,680109,712129,3316686
Nicaragua,2090,999202,3994990,2430863,324062,675140,706604,3288386
Nicaragua,2091,992818,3966382,2429396,322009,670809,702194,3264188
Nicaragua,2092,986336,3937596,2427833,319943,666393,697672,3239924
Nicaragua,2093,979705,3908274,2426630,317830,661875,693000,3215274
Nicaragua,2094,972887,3878076,2426221,315650,657237,688139,3189937
Nicaragua,2095,965828,3846711,2426978,313376,652452,683055,3163656
Nicaragua,2096,959822,3820554,2421277,311466,648356,679042,3141512
Nicaragua,2097,953791,3794069,2415758,309595,644196,674871,3119198
Nicaragua,2098,947653,3766891,2410906,307713,639940,670502,3096389
Nicaragua,2099,941329,3738683,2407170,305766,635563,665892,3072791
Nicaragua,2100,934755,3709183,2404886,303712,631043,661022,3048161
Niger,1950,1266235,1269654,23814,514871,751364,499212,770442
Niger,1951,1303683,1310598,23856,528256,775427,514231,796367
Niger,1952,1341851,1351254,23713,546267,795584,529491,821763
Niger,1953,1377365,1394773,23668,564682,812683,546278,848495
Niger,1954,1409391,1441867,24016,582912,826479,564975,876892
Niger,1955,1438640,1492001,24900,601861,836779,585455,906546
Niger,1956,1481813,1528173,27073,629535,852278,600394,927779
Niger,1957,1520222,1570565,29650,649283,870939,618891,951674
Niger,1958,1556884,1617001,32475,664855,892029,639469,977532
Niger,1959,1595109,1665095,35379,680550,914559,660268,1004827
Niger,1960,1636600,1713853,38311,700448,936152,680433,1033420
Niger,1961,1689623,1755050,41622,724059,965564,695690,1059360
Niger,1962,1744416,1798833,44907,746114,998302,711059,1087774
Niger,1963,1800228,1845472,48166,767997,1032231,726753,1118719
Niger,1964,1855112,1896124,51404,790216,1064896,743439,1152685
Niger,1965,1907819,1951478,54637,813988,1093831,761723,1189755
Niger,1966,1972487,1997109,58162,842700,1129787,775261,1221848
Niger,1967,2033377,2049417,61601,865944,1167433,791163,1258254
Niger,1968,2091277,2107481,64987,886066,1205211,809706,1297775
Niger,1969,2147185,2170184,68389,905985,1241200,831421,1338763
Niger,1970,2201498,2237132,71849,928778,1272720,856859,1380273
Niger,1971,2266847,2295030,75952,957051,1309796,871033,1423997
Niger,1972,2330078,2357959,80041,979750,1350328,887838,1470121
Niger,1973,2391948,2425972,84086,1000183,1391765,907390,1518582
Niger,1974,2453361,2499234,88061,1022214,1431147,929785,1569449
Niger,1975,2514626,2578222,91963,1049692,1464934,955955,1622267
Niger,1976,2583273,2654896,96749,1085170,1498103,975315,1679581
Niger,1977,2655185,2734271,101465,1117094,1538091,989232,1745039
Niger,1978,2729760,2816460,106135,1147705,1582055,998534,1817926
Niger,1979,2805916,2901834,110756,1179839,1626077,1006439,1895395
Niger,1980,2882372,2991235,115297,1217656,1664716,1018315,1972920
Niger,1981,2985320,3057726,120960,1271579,1713741,1057145,2000581
Niger,1982,3081375,3136341,126666,1315531,1765844,1105768,2030573
Niger,1983,3173380,3224058,132456,1353851,1819529,1160344,2063714
Niger,1984,3263875,3318034,138435,1390664,1873211,1216219,2101815
Niger,1985,3353495,3417727,144705,1430494,1923001,1271902,2145825
Niger,1986,3452883,3512077,151784,1480530,1972353,1313544,2198533
Niger,1987,3554083,3610610,159276,1515766,2038317,1340902,2269708
Niger,1988,3658977,3714078,167198,1543422,2115555,1355405,2358673
Niger,1989,3769118,3824363,175514,1573458,2195660,1363683,2460680
Niger,1990,3884397,3944225,184239,1616304,2268093,1375936,2568289
Niger,1991,4016979,4063364,192633,1672926,2344053,1416847,2646517
Niger,1992,4147900,4200152,201372,1726497,2421403,1472601,2727551
Niger,1993,4280060,4351915,210440,1781713,2498347,1539873,2812042
Niger,1994,4415990,4515978,219795,1842658,2573332,1614264,2901714
Niger,1995,4557005,4690919,229409,1914676,2642329,1694011,2996908
Niger,1996,4723664,4858018,238282,2009371,2714293,1761897,3096121
Niger,1997,4897216,5035441,247404,2093788,2803428,1826115,3209326
Niger,1998,5079478,5220294,256777,2173154,2906324,1884847,3335447
Niger,1999,5270959,5410512,266358,2253688,3017271,1938422,3472090
Niger,2000,5470307,5606517,276149,2342970,3127337,1991367,3615150
Niger,2001,5706150,5779814,286012,2456932,3249218,2062081,3717733
Niger,2002,5942485,5967410,296107,2553965,3388520,2132978,3834432
Niger,2003,6183617,6166598,306655,2642252,3541365,2203422,3963176
Niger,2004,6433556,6375473,317983,2731585,3701971,2274913,4100560
Niger,2005,6693601,6594547,330301,2831992,3861609,2351878,4242669
Niger,2006,6980442,6807597,344025,2949612,4030830,2442040,4365557
Niger,2007,7274395,7035440,358503,3060063,4214332,2536097,4499343
Niger,2008,7576851,7278020,373654,3168718,4408133,2634014,4644006
Niger,2009,7887854,7536686,389373,3280548,4607306,2737659,4799027
Niger,2010,8206768,7813179,405631,3401391,4805377,2851171,4962008
Niger,2011,8549222,8090920,424494,3538042,5011180,2982594,5108326
Niger,2012,8897409,8390166,444059,3667929,5229480,3122148,5268018
Niger,2013,9252926,8709187,464259,3795813,5457113,3268328,5440859
Niger,2014,9616871,9046469,484879,3926832,5690039,3420710,5625759
Niger,2015,9988709,9402408,505848,4066098,5922611,3581932,5820476
Niger,2016,10384348,9761597,527042,4217879,6166469,3772500,5989097
Niger,2017,10781306,10147684,548358,4366454,6414852,3978394,6169290
Niger,2018,11182063,10558843,570469,4515433,6666630,4195995,6362848
Niger,2019,11589497,10993001,594193,4668835,6920662,4420367,6572634
Niger,2020,12005581,11449081,620031,4831175,7174406,4648464,6800617
Niger,2021,12452648,11905848,647673,5008510,7444138,4872097,7033751
Niger,2022,12906474,12388745,676411,5183328,7723146,5100009,7288736
Niger,2023,13368337,12896663,706755,5358612,8009725,5331824,7564839
Niger,2024,13839084,13428737,739380,5537486,8301598,5567888,7860849
Niger,2025,14319099,13984919,774572,5723705,8595394,5808733,8176186
Niger,2026,14832917,14541941,811640,5925340,8907577,6045411,8496530
Niger,2027,15352796,15128010,850686,6120512,9232284,6287844,8840166
Niger,2028,15880004,15743870,890176,6313123,9566881,6536350,9207520
Niger,2029,16415520,16391307,927778,6507759,9907761,6791798,9599509
Niger,2030,16959454,17071786,962300,6709207,10250247,7055204,10016582
Niger,2031,17535048,17762357,993807,6923482,10611566,7318869,10443488
Niger,2032,18115599,18490001,1022334,7132267,10983332,7592040,10897961
Niger,2033,18701342,19253194,1049509,7338865,11362477,7874957,11378237
Niger,2034,19291986,20050454,1077382,7546726,11745260,8168101,11882353
Niger,2035,19887023,20881291,1107190,7759760,12127263,8472035,12409256
Niger,2036,20511299,21721026,1138871,7985007,12526292,8778976,12942050
Niger,2037,21136389,22599148,1171434,8203698,12932691,9098034,13501114
Niger,2038,21762649,23514620,1205585,8418893,13343756,9428597,14086023
Niger,2039,22390324,24466466,1242067,8633972,13756352,9769905,14696561
Niger,2040,23019183,25454313,1281424,8852697,14166486,10121562,15332751
Niger,2041,23674877,26451337,1324685,9082956,14591921,10475747,15975590
Niger,2042,24327691,27488979,1369929,9304840,15022851,10841246,16647733
Niger,2043,24977978,28566514,1417187,9521520,15456458,11216825,17349689
Niger,2044,25625936,29683539,1466257,9736506,15889430,11600989,18082550
Niger,2045,26271247,30839936,1517123,9953602,16317645,11992838,18847098
Niger,2046,26939831,32007106,1572035,10180704,16759127,12384871,19622235
Niger,2047,27601862,33217268,1628165,10398657,17203205,12784978,20432290
Niger,2048,28257584,34469553,1685699,10610542,17647042,13192354,21277199
Niger,2049,28907158,35763503,1744501,10819774,18087384,13606230,22157273
Niger,2050,29550355,37098624,1804748,11030041,18520314,14026068,23072556
Niger,2051,30214359,38445009,1868530,11249595,18964764,14445253,23999756
Niger,2052,30868477,39834817,1933624,11459920,19408557,14870316,24964501
Niger,2053,31512824,41266170,2000982,11663700,19849124,15300360,25965810
Niger,2054,32147425,42737329,2071384,11863801,20283624,15734420,27002909
Niger,2055,32772050,44246627,2145816,12063419,20708631,16171765,28074862
Niger,2056,33416417,45762450,2225187,12272316,21144101,16607151,29155299
Niger,2057,34047234,47318711,2307929,12470571,21576663,17045760,30272951
Niger,2058,34664848,48911186,2396965,12660917,22003931,17486558,31424628
Niger,2059,35269698,50534877,2495875,12846472,22423226,17928335,32606542
Niger,2060,35861786,52186219,2607170,13030551,22831235,18370209,33816010
Niger,2061,36472936,53833543,2729755,13223623,23249313,18808890,35024653
Niger,2062,37068256,55511360,2862744,13406048,23662208,19247471,36263889
Niger,2063,37647392,57217293,3007095,13579845,24067547,19685177,37532116
Niger,2064,38209473,58949382,3163541,13746686,24462787,20121262,38828120
Niger,2065,38753732,60705794,3332907,13908876,24844856,20555154,40150640
Niger,2066,39315745,62453159,3511363,14079614,25236131,20985203,41467956
Niger,2067,39855787,64228646,3700523,14235287,25620500,21413191,42815455
Niger,2068,40375834,66029410,3901059,14380384,25995450,21838304,44191106
Niger,2069,40879076,67852196,4113221,14521183,26357893,22259421,45592775
Niger,2070,41367368,69694277,4337584,14662947,26704421,22675741,47018536
Niger,2071,41872278,71528995,4568426,14811823,27060455,23089545,48439450
Niger,2072,42362885,73382602,4808591,14959194,27403691,23497381,49885221
Niger,2073,42836360,75253769,5059653,15103375,27732985,23899304,51354465
Niger,2074,43288019,77142576,5323083,15239938,28048081,24295619,52846957
Niger,2075,43715391,79047496,5600251,15366795,28348596,24686111,54361385
Niger,2076,44167178,80931045,5878217,15507812,28659366,25071250,55859795
Niger,2077,44588877,82836970,6166858,15624733,28964144,25451702,57385268
Niger,2078,44985124,84758036,6468085,15724169,29260955,25825430,58932606
Niger,2079,45363200,86685003,6783500,15816686,29546514,26189360,60495643
Niger,2080,45726794,88611951,7114755,15910566,29816228,26541813,62070138
Niger,2081,46108732,90521948,7444812,16009939,30098793,26891119,63630829
Niger,2082,46477049,92432653,7786486,16109410,30367639,27228209,65204444
Niger,2083,46828443,94343148,8142639,16207796,30620647,27554646,66788502
Niger,2084,47157196,96254806,8516225,16300753,30856443,27872917,68381889
Niger,2085,47460812,98166315,8909676,16386120,31074692,28184173,69982142
Niger,2086,47790025,100047902,9300807,16485690,31304335,28494041,71553861
Niger,2087,48092058,101934003,9706796,16569168,31522890,28796982,73137021
Niger,2088,48369703,103818009,10130141,16639682,31730021,29092029,74725980
Niger,2089,48627771,105691656,10572974,16702600,31925171,29377338,76314318
Niger,2090,48868757,107549056,11037391,16762457,32106300,29651751,77897305
Niger,2091,49135311,109370289,11499459,16833004,32302307,29925101,79445188
Niger,2092,49382683,111181162,11976955,16893761,32488922,30188282,80992880
Niger,2093,49610369,112978249,12472702,16946312,32664057,30440867,82537382
Niger,2094,49816925,114759273,12989324,16991686,32825239,30682140,84077133
Niger,2095,50001912,116521168,13529241,17031779,32970133,30911520,85609648
Niger,2096,50210234,118245220,14065175,17081636,33128598,31139845,87105375
Niger,2097,50396231,119956335,14616758,17121288,33274943,31356318,88600017
Niger,2098,50561250,121648965,15187078,17153597,33407653,31561892,90087073
Niger,2099,50706584,123317880,15778957,17181131,33525453,31758020,91559860
Niger,2100,50831900,124959490,16395170,17204639,33627261,31945704,93013786
Nigeria,1950,15798441,20932031,1129272,6329575,9468866,7119524,13812507
Nigeria,1951,16076872,21203692,1143414,6424580,9652292,7218467,13985225
Nigeria,1952,16331525,21549801,1153819,6480171,9851354,7346194,14203607
Nigeria,1953,16582056,21944072,1159629,6537849,10044207,7493472,14450600
Nigeria,1954,16836586,22372902,1160885,6623674,10212912,7655072,14717830
Nigeria,1955,17094297,22833219,1158047,6754054,10340243,7830178,15003041
Nigeria,1956,17441349,23198560,1190122,6917864,10523485,7972296,15226264
Nigeria,1957,17782325,23604881,1217302,7076174,10706151,8130955,15473926
Nigeria,1958,18116654,24054782,1240039,7233075,10883579,8304906,15749876
Nigeria,1959,18447483,24548335,1258868,7397044,11050439,8491066,16057269
Nigeria,1960,18781299,25082418,1274095,7584633,11196666,8687102,16395316
Nigeria,1961,19250476,25495815,1316614,7842526,11407950,8835076,16660739
Nigeria,1962,19698881,25974302,1355957,8043513,11655368,9002774,16971528
Nigeria,1963,20138716,26503104,1390426,8211895,11926821,9183027,17320077
Nigeria,1964,20582215,27066015,1417829,8377152,12205063,9367211,17698804
Nigeria,1965,21034046,27655681,1437487,8567994,12466052,9552363,18103318
Nigeria,1966,21601444,28138095,1477820,8802213,12799231,9691623,18446472
Nigeria,1967,22159382,28671165,1511287,8999376,13160006,9842074,18829091
Nigeria,1968,22715864,29250921,1539193,9185156,13530708,10006690,19244231
Nigeria,1969,23279023,29874638,1563074,9389410,13889613,10190694,19683944
Nigeria,1970,23856438,30540983,1583979,9641501,14214937,10398608,20142375
Nigeria,1971,24545417,31119875,1629918,9940314,14605103,10584224,20535651
Nigeria,1972,25244437,31746600,1671566,10247468,14996969,10795020,20951580
Nigeria,1973,25964799,32435725,1709909,10573980,15390819,11036804,21398921
Nigeria,1974,26720558,33206876,1746125,10928958,15791600,11316929,21889947
Nigeria,1975,27524023,34068388,1781161,11327345,16196678,11639324,22429064
Nigeria,1976,28482950,34905568,1837711,11796189,16686761,11974977,22930591
Nigeria,1977,29455949,35866911,1892945,12218805,17237144,12359042,23507869
Nigeria,1978,30437323,36910005,1946222,12610934,17826389,12770370,24139635
Nigeria,1979,31412398,37982271,1996621,12989524,18422874,13181176,24801095
Nigeria,1980,32363491,39053407,2043826,13372916,18990575,13576364,25477043
Nigeria,1981,33487904,39874896,2119752,13827845,19660059,13875689,25999207
Nigeria,1982,34569455,40712688,2190764,14214226,20355229,14180189,26532499
Nigeria,1983,35618149,41586418,2257710,14557021,21061128,14502267,27084151
Nigeria,1984,36646203,42529504,2322032,14883898,21762305,14861935,27667569
Nigeria,1985,37661984,43566162,2385154,15224549,22437435,15274373,28291789
Nigeria,1986,38776427,44577661,2464414,15597270,23179157,15692513,28885148
Nigeria,1987,39852199,45709392,2540037,15916060,23936139,16164062,29545330
Nigeria,1988,40889930,46948443,2611908,16205688,24684242,16686432,30262011
Nigeria,1989,41888472,48276384,2679497,16493963,25394509,17255525,31020859
Nigeria,1990,42845644,49681474,2742870,16808704,26036940,17868875,31812599
Nigeria,1991,43909782,50989275,2827266,17169800,26739982,18465696,32523579
Nigeria,1992,44925446,52391555,2904562,17506291,27419155,19110195,33281360
Nigeria,1993,45901022,53885078,2975637,17839139,28061883,19792541,34092537
Nigeria,1994,46849240,55465260,3041283,18191851,28657389,20498395,34966865
Nigeria,1995,47783175,57125912,3102378,18592251,29190924,21217960,35907952
Nigeria,1996,48903269,58644726,3184909,19097756,29805513,21874417,36770309
Nigeria,1997,50000591,60263181,3258933,19571450,30429141,22550601,37712580
Nigeria,1998,51092469,61967409,3325872,20038347,31054122,23236040,38731369
Nigeria,1999,52201896,63737986,3387191,20530239,31671657,23916172,39821814
Nigeria,2000,53347327,65560461,3444221,21083534,32263793,24582324,40978137
Nigeria,2001,54750732,67180119,3532583,21771961,32978771,25148046,42032073
Nigeria,2002,56171500,68883666,3611544,22413099,33758401,25714656,43169010
Nigeria,2003,57624367,70665672,3682494,23033519,34590848,26283486,44382186
Nigeria,2004,59121682,72524510,3747424,23659956,35461726,26857255,45667255
Nigeria,2005,60672191,74459225,3808062,24325632,36346559,27439502,47019723
Nigeria,2006,62457809,76227787,3928498,25089572,37368237,27941185,48286602
Nigeria,2007,64255671,78118659,4042694,25765534,38490137,28471922,49646737
Nigeria,2008,66077014,80120405,4149971,26394364,39682650,29038727,51081678
Nigeria,2009,67932067,82220787,4249327,27024772,40907295,29650680,52570107
Nigeria,2010,69822726,84414496,4341039,27699315,42123411,30315472,54099024
Nigeria,2011,71857267,86535614,4484195,28404179,43453088,30972696,55562918
Nigeria,2012,73910280,88769810,4617194,29100970,44809310,31690748,57079062
Nigeria,2013,75959327,91129692,4740284,29791267,46168060,32480745,58648947
Nigeria,2014,77971225,93635896,4853381,30461065,47510160,33355637,60280259
Nigeria,2015,79928270,96295997,4957477,31109161,48819109,34320408,61975589
Nigeria,2016,81997954,98882303,5109383,31801515,50196439,35289107,63593196
Nigeria,2017,83974055,101661535,5250721,32378337,51595718,36359021,65302514
Nigeria,2018,85876977,104612969,5385291,32882415,52994562,37516311,67096658
Nigeria,2019,87743383,107701792,5517242,33377087,54366296,38735766,68966026
Nigeria,2020,89595193,110907534,5649974,33914171,55681022,39999657,70907877
Nigeria,2021,91509893,114098458,5838322,34454732,57055161,41257677,72840781
Nigeria,2022,93407291,117415637,6021208,35017565,58389726,42554966,74860671
Nigeria,2023,95276238,120871492,6200642,35606240,59669998,43890390,76981102
Nigeria,2024,97100897,124483791,6378584,36210577,60890320,45261534,79222257
Nigeria,2025,98881193,128253459,6557236,36830015,62051178,46661256,81592203
Nigeria,2026,100773526,131969947,6791709,37513191,63260335,48014488,83955459
Nigeria,2027,102612815,135857962,7022598,38153033,64459782,49392359,86465603
Nigeria,2028,104414774,139901709,7251147,38767721,65647053,50786218,89115491
Nigeria,2029,106206992,144074427,7477504,39385190,66821802,52180801,91893626
Nigeria,2030,108008412,148355475,7703640,40032449,67975963,53564347,94791128
Nigeria,2031,109955785,152549836,7987384,40744219,69211566,54875509,97674327
Nigeria,2032,111889286,156878513,8266107,41409043,70480243,56181188,100697325
Nigeria,2033,113812024,161329196,8546717,42046704,71765320,57478729,103850467
Nigeria,2034,115724080,165890550,8837445,42676763,73047317,58764014,107126536
Nigeria,2035,117626196,170552253,9144724,43320624,74305572,60034200,110518053
Nigeria,2036,119654966,175122986,9520861,44009659,75645307,61240365,113882621
Nigeria,2037,121654832,179818167,9903131,44651052,77003780,62435442,117382725
Nigeria,2038,123623153,184631570,10296038,45260334,78362819,63632459,120999111
Nigeria,2039,125556129,189557026,10704504,45852678,79703451,64848754,124708272
Nigeria,2040,127451742,194587188,11133162,46444781,81006961,66094127,128493061
Nigeria,2041,129447908,199536912,11625647,47069718,82378190,67330752,132206160
Nigeria,2042,131386344,204618489,12124400,47643080,83743264,68599435,136019054
Nigeria,2043,133265761,209825505,12632347,48179889,85085872,69899048,139926457
Nigeria,2044,135086555,215150002,13151986,48696206,86390349,71223662,143926340
Nigeria,2045,136849811,220583088,13686460,49208371,87641440,72567490,148015598
Nigeria,2046,138692204,225943518,14276054,49747446,88944758,73905146,152038372
Nigeria,2047,140461604,231435118,14865675,50242384,90219220,75263827,156171291
Nigeria,2048,142159008,237052859,15456627,50706676,91452332,76639371,160413488
Nigeria,2049,143789042,242790722,16048109,51155722,92633320,78023450,164767272
Nigeria,2050,145357262,248638572,16642034,51605209,93752053,79407978,169230594
Nigeria,2051,147008937,254407048,17279591,52090421,94918516,80775147,173631901
Nigeria,2052,148591588,260299293,17906086,52544305,96047283,82139517,178159776
Nigeria,2053,150104623,266304275,18528047,52973782,97130841,83497370,182806905
Nigeria,2054,151547546,272411272,19150969,53382960,98164586,84842669,187568603
Nigeria,2055,152922418,278606668,19781531,53779184,99143234,86169294,192437374
Nigeria,2056,154386499,284676209,20472745,54218703,100167796,87461225,197214984
Nigeria,2057,155768014,290855795,21158162,54599670,101168344,88734283,202121512
Nigeria,2058,157077080,297121834,21850146,54941140,102135940,89985206,207136628
Nigeria,2059,158329683,303445285,22561539,55269238,103060445,91208199,212237086
Nigeria,2060,159536638,309802561,23304159,55606077,103930561,92398761,217403800
Nigeria,2061,160824285,316004170,24137870,55973882,104850403,93560016,222444154
Nigeria,2062,162067413,322251996,24982181,56333911,105733502,94685380,227566616
Nigeria,2063,163260943,328533300,25852744,56687270,106573673,95779888,232753412
Nigeria,2064,164396931,334836197,26767322,57029270,107367661,96849540,237986657
Nigeria,2065,165474258,341144648,27740210,57360214,108114044,97896275,243248373
Nigeria,2066,166657014,347231444,28831231,57743801,108913213,98923015,248308429
Nigeria,2067,167772024,353350821,29954413,58080297,109691727,99927649,253423172
Nigeria,2068,168823988,359484346,31116890,58378672,110445316,100908647,258575699
Nigeria,2069,169820613,365611387,32323913,58651351,111169262,101861501,263749886
Nigeria,2070,170765401,371713904,33582990,58910150,111855251,102783053,268930851
Nigeria,2071,171808232,377581430,34950078,59206893,112601339,103691720,273889710
Nigeria,2072,172784607,383462445,36336880,59454540,113330067,104572499,278889946
Nigeria,2073,173694530,389337716,37756441,59664350,114030180,105426819,283910897
Nigeria,2074,174536902,395188086,39222481,59848369,114688533,106255454,288932632
Nigeria,2075,175310827,400997173,40746577,60017676,115293151,107058562,293938611
Nigeria,2076,176158318,406579708,42367140,60210358,115947960,107867694,298712014
Nigeria,2077,176936047,412153188,44006462,60377893,116558154,108649196,303503992
Nigeria,2078,177639857,417714842,45668868,60522873,117116984,109408602,308306240
Nigeria,2079,178265291,423267470,47354169,60645165,117620126,110151960,313115510
Nigeria,2080,178811572,428805206,49066883,60746459,118065113,110881515,317923691
Nigeria,2081,179426883,434112444,50870951,60878541,118548342,111622610,322489834
Nigeria,2082,179959671,439436631,52666879,60974472,118985199,112349137,327087494
Nigeria,2083,180414378,444755875,54469792,61041997,119372381,113056489,331699386
Nigeria,2084,180801189,450043892,56293780,61093353,119707836,113734897,336308995
Nigeria,2085,181127887,455277246,58152104,61138926,119988961,114376756,340900490
Nigeria,2086,181534756,460268580,60089316,61219389,120315367,115017432,345251148
Nigeria,2087,181885465,465237267,62018943,61286629,120598836,115619957,349617310
Nigeria,2088,182176147,470164954,63958856,61338996,120837151,116184069,353980885
Nigeria,2089,182400493,475035531,65926576,61370383,121030110,116708618,358326913
Nigeria,2090,182556678,479830801,67937873,61378904,121177774,117191697,362639104
Nigeria,2091,182811110,484347084,70026780,61434400,121376710,117665773,366681311
Nigeria,2092,182989740,488834573,72114789,61439396,121550344,118098998,370735575
Nigeria,2093,183099502,493268097,74218341,61404591,121694911,118492578,374775519
Nigeria,2094,183151412,497620319,76352130,61346456,121804956,118846696,378773623
Nigeria,2095,183153166,501867501,78530412,61280880,121872286,119161111,382706390
Nigeria,2096,183231337,505841837,80792373,61239801,121991536,119478443,386363394
Nigeria,2097,183260870,509756340,83047650,61183750,122077120,119756124,390000216
Nigeria,2098,183240567,513593151,85312512,61118739,122121828,119998348,393594803
Nigeria,2099,183160640,517343357,87602545,61040114,122120526,120210772,397132585
Nigeria,2100,183008881,520999745,89933690,60936637,122072244,120397437,400602308
North Korea,1950,4582413,5644909,322150,1553976,3028437,2065894,3579015
North Korea,1951,4385655,5540779,322062,1423242,2962413,2051769,3489010
North Korea,1952,4161589,5562499,324941,1216987,2944602,2093638,3468861
North Korea,1953,3977357,5651648,328237,1034446,2942911,2170111,3481537
North Korea,1954,3891418,5751245,329773,963243,2928175,2257435,3493810
North Korea,1955,3917009,5840993,328989,1030864,2886145,2345145,3495848
North Korea,1956,3874338,6069545,342057,1031738,2842600,2468389,3601156
North Korea,1957,3966096,6230891,350402,1229038,2737058,2557815,3673076
North Korea,1958,4119295,6368726,355958,1521167,2598128,2627275,3741451
North Korea,1959,4249141,6534949,361062,1786429,2462712,2693652,3841297
North Korea,1960,4310659,6746977,366540,1945589,2365070,2761260,3985717
North Korea,1961,4478292,6815826,371477,2196158,2282134,2754355,4061471
North Korea,1962,4492967,6998353,380392,2185175,2307792,2779865,4218488
North Korea,1963,4439361,7235328,390779,2004083,2435278,2810187,4425141
North Korea,1964,4454425,7429388,398606,1821092,2633333,2802596,4626792
North Korea,1965,4609499,7535736,402290,1764990,2844509,2740323,4795413
North Korea,1966,4713927,7729837,421190,1616499,3097428,2688018,5041819
North Korea,1967,5012341,7777282,433071,1715720,3296621,2560889,5216393
North Korea,1968,5409961,7759600,440421,1981482,3428479,2409232,5350368
North Korea,1969,5759921,7802618,447800,2252315,3507606,2301673,5500945
North Korea,1970,5993902,7959441,457057,2421183,3572719,2269749,5689692
North Korea,1971,6259468,8081555,468498,2652373,3607095,2267684,5813871
North Korea,1972,6381886,8342543,483342,2709401,3672485,2344797,5997746
North Korea,1973,6408728,8684796,499827,2629590,3779138,2477805,6206991
North Korea,1974,6423959,9012991,515128,2496805,3927154,2627075,6385916
North Korea,1975,6465840,9280550,528350,2374435,4091405,2769457,6511093
North Korea,1976,6462374,9542918,549454,2194883,4267491,2923701,6619217
North Korea,1977,6465702,9761772,569104,2022495,4443207,3079282,6682490
North Korea,1978,6467915,9960747,587321,1875397,4592518,3230712,6730035
North Korea,1979,6448375,10182593,604698,1761685,4686690,3373594,6808999
North Korea,1980,6402338,10448180,621622,1685981,4716357,3503955,6944225
North Korea,1981,6285339,10798940,646951,1573889,4711450,3636790,7162150
North Korea,1982,6203397,11136297,668870,1599055,4604342,3730397,7405900
North Korea,1983,6131369,11477645,689200,1709182,4422187,3807747,7669898
North Korea,1984,6037919,11841783,710436,1828065,4209854,3903322,7938461
North Korea,1985,5911808,12231507,733923,1903873,4007935,4033439,8198068
North Korea,1986,5871771,12526965,758059,2064851,3806920,4156961,8370004
North Korea,1987,5756553,12888727,786706,2094324,3662229,4328578,8560149
North Korea,1988,5614668,13275471,818184,2035991,3578677,4507859,8767612
North Korea,1989,5519259,13624752,849744,1968740,3550519,4630537,8994215
North Korea,1990,5504750,13907751,880553,1949570,3555180,4660990,9246761
North Korea,1991,5493985,14190076,925089,1900470,3593515,4629792,9560284
North Korea,1992,5573739,14394330,969335,1918969,3654770,4507797,9886533
North Korea,1993,5706812,14544802,1014220,1985278,3721534,4326099,10218703
North Korea,1994,5825152,14690899,1061931,2049109,3776043,4137621,10553278
North Korea,1995,5891892,14856521,1113886,2076110,3815782,3974760,10881761
North Korea,1996,5967730,14990059,1155759,2112278,3855452,3829081,11160978
North Korea,1997,5989779,15148135,1197724,2104899,3884880,3705874,11442261
North Korea,1998,5973522,15321505,1242309,2064233,3909289,3610869,11710636
North Korea,1999,5953199,15485902,1292884,2018557,3934642,3546798,11939104
North Korea,2000,5947414,15630051,1351610,1987652,3959762,3515545,12114506
North Korea,2001,5936910,15763718,1431182,1949012,3987898,3522751,12240967
North Korea,2002,5940409,15880818,1515454,1931561,4008848,3567840,12312978
North Korea,2003,5948223,15988671,1601646,1929022,4019201,3636780,12351891
North Korea,2004,5941308,16101028,1687162,1924503,4016805,3707989,12393039
North Korea,2005,5909744,16223628,1770795,1906336,4003408,3766897,12456731
North Korea,2006,5876786,16328121,1856190,1892757,3984029,3812152,12515969
North Korea,2007,5818077,16448362,1936850,1860339,3957738,3845532,12602830
North Korea,2008,5742640,16579973,2012533,1815800,3926840,3869787,12710186
North Korea,2009,5666855,16712745,2083421,1773511,3893344,3890847,12821898
North Korea,2010,5600214,16841582,2149803,1743399,3856815,3912311,12929271
North Korea,2011,5528368,16962553,2231377,1709633,3818735,3932843,13029710
North Korea,2012,5471710,17070956,2311368,1696640,3775070,3948942,13122014
North Korea,2013,5424968,17179764,2381244,1698950,3726018,3959554,13220210
North Korea,2014,5378458,17309412,2428493,1705666,3672792,3963106,13346306
North Korea,2015,5328220,17467808,2447889,1709648,3618572,3958212,13509596
North Korea,2016,5294350,17626841,2447429,1726405,3567945,3943972,13682869
North Korea,2017,5255504,17816137,2419324,1733371,3522133,3922391,13893746
North Korea,2018,5216413,18009033,2385226,1733096,3483317,3893993,14115040
North Korea,2019,5184436,18166597,2376375,1731476,3452960,3859689,14306908
North Korea,2020,5162682,18267952,2410229,1732743,3429939,3820563,14447389
North Korea,2021,5153071,18302950,2494741,1736913,3416158,3778504,14524446
North Korea,2022,5150187,18289827,2616840,1738847,3411340,3733147,14556680
North Korea,2023,5152594,18250247,2756150,1739373,3413221,3685652,14564595
North Korea,2024,5156214,18217471,2883378,1737844,3418370,3637643,14579828
North Korea,2025,5158073,18209201,2983603,1733919,3424154,3590485,14618716
North Korea,2026,5159576,18201723,3078988,1727141,3432435,3545410,14656313
North Korea,2027,5159351,18215887,3149737,1719138,3440213,3501764,14714123
North Korea,2028,5155977,18235753,3212560,1709569,3446408,3462036,14773717
North Korea,2029,5148200,18236675,3292578,1698023,3450177,3429535,14807140
North Korea,2030,5135109,18204784,3404002,1684046,3451063,3406155,14798629
North Korea,2031,5118443,18129117,3555824,1667642,3450801,3392548,14736569
North Korea,2032,5096359,18031838,3727728,1650407,3445952,3388145,14643693
North Korea,2033,5068753,17921480,3911269,1632358,3436395,3390704,14530776
North Korea,2034,5036146,17809219,4094788,1613726,3422420,3396402,14412817
North Korea,2035,4999052,17701540,4271407,1594604,3404448,3402473,14299067
North Korea,2036,4959931,17584969,4452136,1575067,3384864,3410138,14174831
North Korea,2037,4917510,17470606,4627276,1556779,3360731,3417943,14052663
North Korea,2038,4872145,17368629,4786669,1539636,3332509,3424807,13943822
North Korea,2039,4824655,17293244,4915785,1523635,3301020,3429498,13863746
North Korea,2040,4775974,17251115,5007439,1508817,3267157,3430997,13820118
North Korea,2041,4730511,17231912,5067809,1496603,3233908,3430153,13801759
North Korea,2042,4685251,17245868,5089864,1486066,3199185,3425360,13820508
North Korea,2043,4640823,17277018,5089318,1477074,3163749,3416465,13860553
North Korea,2044,4597969,17301602,5089560,1469557,3128412,3403425,13898177
North Korea,2045,4557328,17304733,5105204,1463566,3093762,3386153,13918580
North Korea,2046,4524664,17282261,5134905,1461796,3062868,3366034,13916227
North Korea,2047,4494477,17242698,5175872,1460162,3034315,3341865,13900833
North Korea,2048,4466928,17190240,5223966,1458610,3008318,3314056,13876184
North Korea,2049,4442064,17133545,5270677,1457089,2984975,3283464,13850081
North Korea,2050,4419855,17077527,5311298,1455708,2964147,3250866,13826661
North Korea,2051,4404221,17009312,5354980,1456812,2947409,3216921,13792391
North Korea,2052,4390283,16943005,5392703,1455867,2934416,3181809,13761196
North Korea,2053,4378266,16876654,5426389,1453422,2924844,3146551,13730103
North Korea,2054,4367729,16805914,5461029,1449965,2917764,3112235,13693679
North Korea,2055,4357709,16727283,5501258,1445755,2911954,3079484,13647799
North Korea,2056,4348651,16630638,5556925,1440678,2907973,3048592,13582046
North Korea,2057,4339802,16531001,5613889,1434662,2905140,3020038,13510963
North Korea,2058,4330154,16429654,5671897,1427659,2902495,2994047,13435607
North Korea,2059,4318763,16330439,5728054,1419561,2899202,2971089,13359350
North Korea,2060,4305114,16236142,5780120,1410301,2894813,2951526,13284616
North Korea,2061,4288881,16135349,5839897,1399279,2889602,2935168,13200181
North Korea,2062,4270828,16042501,5892307,1388218,2882610,2922476,13120025
North Korea,2063,4250826,15956972,5938252,1377090,2873736,2913077,13043895
North Korea,2064,4228767,15876094,5980715,1365859,2862908,2906090,12970004
North Korea,2065,4204392,15796912,6023060,1354356,2850036,2900561,12896351
North Korea,2066,4177969,15710670,6073858,1342262,2835707,2896253,12814417
North Korea,2067,4150476,15629530,6120012,1331176,2819300,2893496,12736034
North Korea,2068,4121731,15553722,6161431,1320826,2800905,2891383,12662339
North Korea,2069,4091739,15483788,6197517,1310930,2780809,2888686,12595102
North Korea,2070,4060556,15418860,6229033,1301274,2759282,2884378,12534482
North Korea,2071,4031842,15357823,6253469,1293299,2738543,2879595,12478228
North Korea,2072,4002903,15304153,6270099,1285709,2717194,2873264,12430889
North Korea,2073,3973647,15253275,6283644,1278407,2695240,2864769,12388506
North Korea,2074,3944555,15201121,6297771,1271559,2672996,2853852,12347269
North Korea,2075,3916294,15145935,6313618,1265436,2650858,2840554,12305381
North Korea,2076,3892557,15088850,6326420,1261480,2631077,2826275,12262575
North Korea,2077,3869981,15030658,6338734,1257739,2612242,2809707,12220951
North Korea,2078,3848912,14971338,6350264,1254285,2594627,2791351,12179987
North Korea,2079,3829159,14909632,6362433,1251009,2578150,2771662,12137970
North Korea,2080,3810216,14843214,6378088,1247780,2562436,2750747,12092467
North Korea,2081,3795479,14772330,6393588,1246160,2549319,2729880,12042450
North Korea,2082,3781714,14700045,6409146,1243858,2537856,2708441,11991604
North Korea,2083,3768596,14625025,6426462,1240911,2527685,2686610,11938415
North Korea,2084,3755731,14546592,6446655,1237399,2518332,2664768,11881824
North Korea,2085,3742714,14464350,6470589,1233397,2509317,2643214,11821136
North Korea,2086,3732362,14381397,6492361,1229877,2502485,2623594,11757803
North Korea,2087,3722052,14298589,6513742,1225696,2496356,2604985,11693604
North Korea,2088,3711439,14215745,6535252,1220902,2490537,2587477,11628268
North Korea,2089,3699920,14132367,6557960,1215453,2484467,2571058,11561309
North Korea,2090,3686810,14047302,6583680,1209244,2477566,2555546,11491756
North Korea,2091,3674916,13966145,6604035,1202978,2471938,2542815,11423330
North Korea,2092,3662198,13887587,6622357,1196574,2465624,2531587,11356000
North Korea,2093,3648117,13810500,6640351,1189878,2458239,2521490,11289010
North Korea,2094,3632209,13734042,6659339,1182696,2449513,2512096,11221946
North Korea,2095,3614128,13657382,6680511,1174834,2439294,2503024,11154358
North Korea,2096,3597738,13588890,6691636,1167523,2430215,2496494,11092396
North Korea,2097,3580171,13523765,6700387,1160267,2419904,2490645,11033120
North Korea,2098,3561286,13460809,6708076,1153009,2408277,2484998,10975811
North Korea,2099,3541102,13398414,6716286,1145786,2395316,2478911,10919503
North Korea,2100,3519629,13334641,6726902,1138654,2380975,2471764,10862877
Northern Africa,1950,19574619,27861756,1612568,8251446,11323173,9667833,18193923
Northern Africa,1951,20235552,28337173,1665144,8691572,11543980,9773311,18563862
Northern Africa,1952,20866812,28901312,1719478,9009118,11857694,9893143,19008169
Northern Africa,1953,21523013,29502988,1774140,9276399,12246614,10011876,19491112
Northern Africa,1954,22227100,30120435,1828611,9540668,12686432,10124505,19995930
Northern Africa,1955,22978613,30753238,1883249,9846683,13131930,10235679,20517559
Northern Africa,1956,23887409,31276539,1951194,10204183,13683226,10282118,20994421
Northern Africa,1957,24830094,31825437,2017673,10529256,14300838,10328156,21497281
Northern Africa,1958,25791815,32408738,2084599,10837355,14954460,10389293,22019445
Northern Africa,1959,26746635,33045037,2154513,11143145,15603490,10492500,22552537
Northern Africa,1960,27674648,33748523,2228717,11466052,16208596,10660683,23087840
Northern Africa,1961,28710582,34373796,2314954,11851946,16858636,10840380,23533416
Northern Africa,1962,29709704,35074823,2403534,12184122,17525582,11077806,23997017
Northern Africa,1963,30679855,35847880,2492811,12482054,18197801,11374293,24473587
Northern Africa,1964,31630089,36690793,2580076,12770134,18859955,11734507,24956286
Northern Africa,1965,32560013,37607604,2664055,13075726,19484287,12167283,25440321
Northern Africa,1966,33583992,38477693,2755864,13448961,20135031,12639053,25838640
Northern Africa,1967,34559176,39453215,2843916,13755248,20803928,13192306,26260909
Northern Africa,1968,35491104,40514240,2929646,14018451,21472653,13804367,26709873
Northern Africa,1969,36381552,41639309,3015045,14263849,22117703,14445046,27194263
Northern Africa,1970,37228459,42818987,3101366,14521198,22707261,15099902,27719085
Northern Africa,1971,38163746,43904703,3200921,14844683,23319063,15662145,28242558
Northern Africa,1972,39042509,45066220,3300149,15101111,23941398,16249111,28817109
Northern Africa,1973,39886842,46307467,3397791,15328107,24558735,16863468,29443999
Northern Africa,1974,40730344,47630931,3491646,15575544,25154800,17505117,30125814
Northern Africa,1975,41598335,49037621,3581247,15891069,25707266,18174848,30862773
Northern Africa,1976,42567874,50443703,3678966,16275591,26292283,18790502,31653201
Northern Africa,1977,43566935,51931292,3771865,16672215,26894720,19410454,32520838
Northern Africa,1978,44595216,53503981,3863257,17089236,27505980,20043195,33460786
Northern Africa,1979,45649398,55166327,3957142,17527741,28121657,20695560,34470767
Northern Africa,1980,46730058,56916586,4056038,17998551,28731507,21372100,35544486
Northern Africa,1981,47937759,58639085,4176064,18565909,29371850,21993860,36645225
Northern Africa,1982,49142429,60472672,4301705,19052127,30090302,22635020,37837652
Northern Africa,1983,50350050,62393818,4433187,19479794,30870256,23290564,39103254
Northern Africa,1984,51567015,64372612,4570770,19879903,31687112,23948464,40424148
Northern Africa,1985,52788175,66392635,4715721,20283338,32504837,24603998,41788637
Northern Africa,1986,54089994,68361183,4871857,20733817,33356177,25176192,43184991
Northern Africa,1987,55367068,70382962,5031844,21094324,34272744,25733391,44649571
Northern Africa,1988,56602242,72460160,5199128,21377070,35225172,26294654,46165506
Northern Africa,1989,57761817,74610700,5378454,21583596,36178221,26887480,47723220
Northern Africa,1990,58815230,76850274,5572520,21723333,37091897,27533936,49316338
Northern Africa,1991,59853686,79074371,5795509,21849723,38003963,28187547,50886824
Northern Africa,1992,60741911,81424798,6028847,21837482,38904429,28902058,52522740
Northern Africa,1993,61470812,83874623,6269285,21722124,39748688,29678999,54195624
Northern Africa,1994,62035035,86384239,6512513,21548334,40486701,30510528,55873711
Northern Africa,1995,62427577,88930579,6757153,21350279,41077298,31388551,57542028
Northern Africa,1996,62683931,91446393,7017369,21097292,41586639,32292390,59154003
Northern Africa,1997,62805883,93972822,7269864,20877254,41928629,33216125,60756697
Northern Africa,1998,62811962,96542225,7516386,20702975,42108987,34158078,62384147
Northern Africa,1999,62741261,99189222,7758051,20589793,42151468,35107479,64081743
Northern Africa,2000,62639185,101923886,7995799,20551666,42087519,36049208,65874678
Northern Africa,2001,62541779,104732841,8234228,20572173,41969606,36939295,67793546
Northern Africa,2002,62488195,107580203,8463767,20728279,41759916,37790846,69789357
Northern Africa,2003,62475700,110451692,8684742,20986223,41489477,38582807,71868885
Northern Africa,2004,62497802,113324626,8895350,21295001,41202801,39283913,74040713
Northern Africa,2005,62562433,116173049,9096773,21625016,40937417,39870559,76302490
Northern Africa,2006,62875276,118765079,9302939,22137290,40737986,40216717,78548362
Northern Africa,2007,63202533,121372625,9501234,22535233,40667300,40476351,80896274
Northern Africa,2008,63627192,123965466,9703336,22890365,40736827,40648935,83316531
Northern Africa,2009,64274999,126490246,9922984,23334258,40940741,40726352,85763894
Northern Africa,2010,65218922,128920993,10170275,23964708,41254214,40710843,88210150
Northern Africa,2011,66364058,131370778,10451037,24660012,41704046,40569006,90801772
Northern Africa,2012,67851916,133686544,10745323,25574164,42277752,40325308,93361236
Northern Africa,2013,69552354,135924258,11059453,26585589,42966765,40045070,95879188
Northern Africa,2014,71238052,138201784,11405045,27464525,43773527,39819907,98381877
Northern Africa,2015,72764354,140580322,11790981,28062047,44702307,39702538,100877784
Northern Africa,2016,74472913,142703525,12209165,28757739,45715174,39557255,103146270
Northern Africa,2017,75807973,145118980,12676621,28832052,46975921,39569183,105549797
Northern Africa,2018,76899954,147699994,13184729,28482112,48417842,39722062,107977932
Northern Africa,2019,77957231,150258179,13717113,28041055,49916176,39979802,110278377
Northern Africa,2020,79062842,152719201,14267265,27741345,51321497,40330348,112388853
Northern Africa,2021,79776315,155457757,14893392,27089529,52686786,40835452,114622305
Northern Africa,2022,80659378,157983285,15516032,26888634,53770744,41391302,116591983
Northern Africa,2023,81539406,160457731,16148605,27006314,54533092,42056357,118401374
Northern Africa,2024,82165874,163117455,16811148,27175349,54990525,42908016,120209439
Northern Africa,2025,82437593,166058960,17513796,27207742,55229851,43970441,122088519
Northern Africa,2026,82644084,169012003,18237310,27342884,55301200,45145007,123866996
Northern Africa,2027,82525224,172231172,18988416,27340105,55185119,46498160,125733012
Northern Africa,2028,82185557,175620888,19766951,27232058,54953499,47948855,127672033
Northern Africa,2029,81831176,178993855,20565297,27138541,54692635,49359273,129634582
Northern Africa,2030,81584689,182238316,21381349,27144494,54440195,50633560,131604756
Northern Africa,2031,81483116,185332387,22202442,27246479,54236637,51752743,133579644
Northern Africa,2032,81474063,188321926,23035422,27382344,54091719,52737542,135584384
Northern Africa,2033,81556205,191209254,23882963,27558482,53997723,53554647,137654607
Northern Africa,2034,81687853,194035936,24748692,27753122,53934731,54168381,139867555
Northern Africa,2035,81848307,196819449,25637426,27958817,53889490,54558222,142261227
Northern Africa,2036,82163109,199473727,26510795,28242593,53920516,54692866,144780861
Northern Africa,2037,82518003,202082674,27396625,28494346,54023657,54589236,147493438
Northern Africa,2038,82911487,204623924,28311789,28718827,54192660,54329576,150294348
Northern Africa,2039,83338416,207071423,29277820,28923229,54415187,54037570,153033853
Northern Africa,2040,83788873,209411614,30310060,29114500,54674373,53794828,155616786
Northern Africa,2041,84343626,211609407,31359096,29333435,55010191,53576365,158033042
Northern Africa,2042,84894347,213739017,32456791,29494333,55400014,53415895,160323122
Northern Africa,2043,85434739,215796150,33608515,29611042,55823697,53318628,162477522
Northern Africa,2044,85955323,217779716,34819357,29699696,56255627,53271680,164508036
Northern Africa,2045,86444636,219691804,36093856,29771936,56672700,53266588,166425216
Northern Africa,2046,86937716,221541399,37384458,29820652,57117064,53304679,168236720
Northern Africa,2047,87399511,223340738,38710986,29865809,57533702,53398654,169942084
Northern Africa,2048,87811751,225103440,40074419,29902232,57909519,53556737,171546703
Northern Africa,2049,88154960,226845578,41474557,29918442,58236518,53781509,173064069
Northern Africa,2050,88419255,228574742,42910885,29906233,58513022,54068495,174506247
Northern Africa,2051,88675837,230280984,44320097,29892551,58783286,54401399,175879585
Northern Africa,2052,88856522,231999944,45733520,29856620,58999902,54787431,177212513
Northern Africa,2053,88963356,233738405,47141416,29801759,59161597,55214173,178524232
Northern Africa,2054,89008808,235501248,48526095,29736675,59272133,55656782,179844466
Northern Africa,2055,89002748,237288509,49877672,29667927,59334821,56093750,181194759
Northern Africa,2056,89012631,239107268,51120904,29614090,59398541,56516104,182591164
Northern Africa,2057,88981323,240963704,52307076,29559854,59421469,56921436,184042268
Northern Africa,2058,88910631,242856664,53438288,29506832,59403799,57304713,185551951
Northern Africa,2059,88805579,244786062,54513371,29456876,59348703,57656366,187129696
Northern Africa,2060,88673141,246743409,55536755,29412795,59260346,57966162,188777247
Northern Africa,2061,88598565,248735928,56417101,29405565,59193000,58228962,190506966
Northern Africa,2062,88510331,250767636,57221961,29399857,59110474,58439803,192327833
Northern Africa,2063,88409145,252805726,57984080,29394536,59014609,58605215,194200511
Northern Africa,2064,88296025,254807167,58745939,29387488,58908537,58731932,196075235
Northern Africa,2065,88172915,256737269,59540663,29379013,58793902,58822018,197915251
Northern Africa,2066,88136603,258599003,60269226,29414977,58721626,58874710,199724293
Northern Africa,2067,88089357,260408955,61013308,29425377,58663980,58890605,201518350
Northern Africa,2068,88034204,262146892,61790003,29417111,58617093,58877021,203269871
Northern Africa,2069,87974264,263794944,62613764,29399575,58574689,58839653,204955291
Northern Africa,2070,87909279,265334782,63503004,29380600,58528679,58781314,206553468
Northern Africa,2071,87908492,266787058,64368044,29382900,58525592,58709550,208077508
Northern Africa,2072,87904453,268170866,65257669,29373445,58531008,58620054,209550812
Northern Africa,2073,87890888,269436808,66227924,29353862,58537026,58523935,210912873
Northern Africa,2074,87858108,270517072,67356643,29323267,58534841,58431535,212085537
Northern Africa,2075,87798872,271370568,68692508,29281524,58517348,58347163,213023405
Northern Africa,2076,87780711,272023263,70142127,29252586,58528125,58276964,213746299
Northern Africa,2077,87740893,272499436,71744178,29209820,58531073,58217311,214282125
Northern Africa,2078,87675235,272857932,73444581,29154720,58520515,58171527,214686405
Northern Africa,2079,87581149,273190887,75154510,29089518,58491631,58138213,215052674
Northern Africa,2080,87455815,273550253,76825351,29015775,58440040,58113077,215437176
Northern Africa,2081,87364609,273963708,78363880,28954319,58410290,58106299,215857409
Northern Africa,2082,87250389,274445946,79812307,28885624,58364765,58109145,216336801
Northern Africa,2083,87108556,274971462,81200828,28809620,58298936,58119386,216852076
Northern Africa,2084,86935890,275501548,82571506,28726087,58209803,58129825,217371723
Northern Africa,2085,86730371,276006461,83955869,28635166,58095205,58132422,217874039
Northern Africa,2086,86569851,276562697,85199426,28564135,58005716,58143839,218418858
Northern Africa,2087,86386433,277148973,86390348,28485526,57900907,58146844,219002129
Northern Africa,2088,86177067,277741665,87553391,28399491,57777576,58140701,219600964
Northern Africa,2089,85940200,278314512,88713856,28306462,57633738,58122061,220192451
Northern Africa,2090,85674834,278843126,89895069,28207264,57467570,58086005,220757121
Northern Africa,2091,85470863,279439256,90894117,28134310,57336553,58058933,221380323
Northern Africa,2092,85246767,280029266,91865460,28051819,57194948,58013876,222015390
Northern Africa,2093,85000302,280581977,92842313,27961083,57039219,57951505,222630472
Northern Africa,2094,84731091,281065729,93856445,27864293,56866798,57871280,223194449
Northern Africa,2095,84440002,281457522,94929559,27764169,56675833,57771435,223686087
Northern Africa,2096,84218638,281906518,95820130,27691256,56527382,57686866,224219652
Northern Africa,2097,83982595,282296141,96727968,27612749,56369846,57582231,224713910
Northern Africa,2098,83730893,282607141,97671724,27530329,56200564,57460713,225146428
Northern Africa,2099,83462476,282821983,98668071,27444768,56017708,57324589,225497394
Northern Africa,2100,83175501,282924547,99732584,27355811,55819690,57173496,225751051
Northern America,1950,46696547,111809916,14096161,18882286,27814261,25666488,86143428
Northern America,1951,48258563,112278707,14532330,19471661,28786902,25264740,87013967
Northern America,1952,49870342,113026415,14977200,19869247,30001095,24942351,88084064
Northern America,1953,51641691,113877169,15421829,20266330,31375361,24692725,89184444
Northern America,1954,53554852,114779966,15866434,20726089,32828763,24557836,90222130
Northern America,1955,55520501,115756480,16316547,21236861,34283640,24592376,91164104
Northern America,1956,57218863,117044065,16798936,21559821,35659042,25036302,92007763
Northern America,1957,58967305,118344203,17245549,22001973,36965332,25582446,92761757
Northern America,1958,60649462,119722313,17664476,22451570,38197892,26222544,93499769
Northern America,1959,62150429,121255011,18057460,22800074,39350355,26965623,94289388
Northern America,1960,63402875,122976828,18426864,22980548,40422327,27830949,95145879
Northern America,1961,64641571,124543285,18857694,23216618,41424953,28964693,95578592
Northern America,1962,65515385,126375474,19260891,23164757,42350628,30262277,96113197
Northern America,1963,66085023,128383706,19651788,22880478,43204545,31656328,96727378
Northern America,1964,66453472,130443626,20043837,22474753,43978719,33057651,97385975
Northern America,1965,66671137,132499514,20441041,22036945,44634192,34413960,98085554
Northern America,1966,66704383,134496229,20921246,21502185,45202198,35716423,98779806
Northern America,1967,66580455,136496098,21403591,20952722,45627733,36946692,99549406
Northern America,1968,66309754,138530707,21890861,20428951,45880803,38107102,100423605
Northern America,1969,65907221,140654539,22375266,19952996,45954225,39211390,101443149
Northern America,1970,65394282,142903980,22846444,19518682,45875600,40275407,102628573
Northern America,1971,64522823,145455682,23392954,18912508,45610315,41585410,103870272
Northern America,1972,63681413,148024240,23909477,18591778,45089635,42757417,105266823
Northern America,1973,62822249,150630731,24427406,18461504,44360745,43781460,106849271
Northern America,1974,61897357,153305859,24962922,18397768,43499589,44662980,108642879
Northern America,1975,60910093,156051663,25510208,18320633,42589460,45409806,110641857
Northern America,1976,60336015,158329224,26141619,18466916,41869099,46046640,112282584
Northern America,1977,59643627,160741080,26792574,18474402,41169225,46649890,114091190
Northern America,1978,58908923,163192441,27474441,18397713,40511210,47175132,116017309
Northern America,1979,58253502,165560936,28176036,18346625,39906877,47537528,118023408
Northern America,1980,57747758,167786354,28879534,18411093,39336665,47683221,120103133
Northern America,1981,57439734,169907765,29496578,18617549,38822185,47517930,122389835
Northern America,1982,57285177,171924180,30079169,18841838,38443339,47131228,124792952
Northern America,1983,57279376,173821825,30655658,19097524,38181852,46570578,127251247
Northern America,1984,57382852,175625998,31253819,19372067,38010785,45904710,129721288
Northern America,1985,57573639,177361630,31881019,19664698,37908941,45181994,132179636
Northern America,1986,58065382,178836201,32524693,20047588,38017794,44363691,134472510
Northern America,1987,58617825,180308545,33166544,20381943,38235882,43544358,136764187
Northern America,1988,59220539,181785108,33803007,20679958,38540581,42779866,139005242
Northern America,1989,59860340,183282059,34419038,20955703,38904637,42117870,141164189
Northern America,1990,60519918,184820945,35004577,21218017,39301901,41578705,143242240
Northern America,1991,61434112,186201381,35507327,21506510,39927602,41057293,145144088
Northern America,1992,62322285,187679333,35960849,21731516,40590769,40671777,147007556
Northern America,1993,63147821,189328742,36379112,21891198,41256623,40463564,148865178
Northern America,1994,63879645,191244474,36768138,21977090,41902555,40445252,150799222
Northern America,1995,64514472,193469759,37129502,22005961,42508511,40607194,152862565
Northern America,1996,65306832,195782974,37460869,22090338,43216494,40945436,154837538
Northern America,1997,65913967,198476951,37774214,21961758,43952209,41417931,157059020
Northern America,1998,66380405,201395939,38070137,21721273,44659132,41983841,159412098
Northern America,1999,66773845,204320860,38347550,21506596,45267249,42587712,161733148
Northern America,2000,67110094,207119254,38615678,21391741,45718353,43198752,163920502
Northern America,2001,67189188,209836809,38978044,21125304,46063884,43846412,165990397
Northern America,2002,67346351,212305225,39303550,21189706,46156645,44497399,167807826
Northern America,2003,67486106,214657822,39639335,21464836,46021270,45167056,169490766
Northern America,2004,67495161,217083811,40037954,21769433,45725728,45867949,171215862
Northern America,2005,67356192,219657846,40531785,21998577,45357615,46585562,173072284
Northern America,2006,67683681,221746139,41171313,22541472,45142209,47039663,174706476
Northern America,2007,67832264,224012173,41898750,22802717,45029547,47497406,176514767
Northern America,2008,67869443,226294101,42742806,22842805,45026638,47921156,178372945
Northern America,2009,67888267,228369773,43735461,22774408,45113859,48254554,180115219
Northern America,2010,67910619,230128504,44897804,22692780,45217839,48474419,181654085
Northern America,2011,67857960,231645691,46212751,22668745,45189215,48797607,182848084
Northern America,2012,67682190,232999213,47680650,22455658,45226532,48999330,183999883
Northern America,2013,67470712,234175879,49271038,22162077,45308635,49076107,185099772
Northern America,2014,67306334,235203766,50938448,21916025,45390309,49034639,186169127
Northern America,2015,67234459,236108926,52660156,21801481,45432978,48876158,187232768
Northern America,2016,67123452,237010894,54459464,21542126,45581326,48722577,188288317
Northern America,2017,67256689,237703323,56247799,21666955,45589734,48438333,189264990
Northern America,2018,67512360,238267280,58064850,22044908,45467452,48091456,190175824
Northern America,2019,67716168,238811916,59968718,22461497,45254671,47784605,191027311
Northern America,2020,67795640,239373673,61989244,22766032,45029608,47569718,191803955
Northern America,2021,68163327,239689013,63978827,23235070,44928257,47523738,192165275
Northern America,2022,68327427,240146114,66042248,23470091,44857336,47618105,192528009
Northern America,2023,68388506,240659148,68156860,23532188,44856318,47780031,192879117
Northern America,2024,68506541,241096641,70283444,23554706,44951835,47895666,193200975
Northern America,2025,68752330,241397721,72402662,23626309,45126021,47893136,193504585
Northern America,2026,69139327,241672803,74387038,23651435,45487892,47945232,193727571
Northern America,2027,69612780,241880291,76329300,23725013,45887767,47927185,193953106
Northern America,2028,70129604,242068372,78214679,23837357,46292247,47847416,194220956
Northern America,2029,70596650,242341686,80020626,23938304,46658346,47736687,194604999
Northern America,2030,70964322,242755907,81732356,23990473,46973849,47610728,195145179
Northern America,2031,71382414,243358735,83147818,23994012,47388402,47602762,195755973
Northern America,2032,71719224,244116641,84430884,24015335,47703889,47589965,196526676
Northern America,2033,71970829,245002061,85611982,24039779,47931050,47592319,197409742
Northern America,2034,72150953,245960386,86732479,24059761,48091192,47642639,198317747
Northern America,2035,72272544,246945669,87826069,24063618,48208926,47752403,199193266
Northern America,2036,72490065,248039796,88656314,24060736,48429329,48059548,199980248
Northern America,2037,72642071,249201712,89425921,24073423,48568648,48456426,200745286
Northern America,2038,72734333,250402775,90159720,24094345,48639988,48892032,201510743
Northern America,2039,72776169,251611365,90882824,24115581,48660588,49293238,202318127
Northern America,2040,72778134,252793880,91621447,24128218,48649916,49605810,203188070
Northern America,2041,72906984,254016268,92144538,24150491,48756493,49975658,204040610
Northern America,2042,72996876,255254370,92645440,24184142,48812734,50290428,204963942
Northern America,2043,73056382,256474163,93156809,24226324,48830058,50541588,205932575
Northern America,2044,73092339,257630861,93725345,24273413,48818926,50729531,206901330
Northern America,2045,73110185,258678817,94398587,24319030,48791155,50847213,207831604
Northern America,2046,73269317,259702084,94937376,24374188,48895129,51032988,208669096
Northern America,2047,73416034,260677165,95520978,24449693,48966341,51175714,209501451
Northern America,2048,73549508,261577131,96179388,24538576,49010932,51268454,210308677
Northern America,2049,73667026,262381967,96936699,24631870,49035156,51310266,211071701
Northern America,2050,73769128,263068745,97816950,24719575,49049553,51295341,211773404
Northern America,2051,74019627,263720132,98575360,24818688,49200939,51353378,212366754
Northern America,2052,74261722,264332523,99375112,24933359,49328363,51394877,212937646
Northern America,2053,74491622,264878196,100251531,25054168,49437454,51412694,213465502
Northern America,2054,74701203,265322767,101251436,25168152,49533051,51401708,213921059
Northern America,2055,74884141,265634190,102416251,25262066,49622075,51352404,214281786
Northern America,2056,75208271,265913435,103478354,25363043,49845228,51391058,214522377
Northern America,2057,75504547,266149677,104616966,25456075,50048472,51434080,214715597
Northern America,2058,75769596,266352917,105824106,25537632,50231964,51470364,214882553
Northern America,2059,75998079,266550992,107074843,25604058,50394021,51489879,215061113
Northern America,2060,76183912,266749198,108367572,25648378,50535534,51480223,215268975
Northern America,2061,76484468,267114364,109376752,25683497,50800971,51574436,215539928
Northern America,2062,76748281,267558396,110340442,25723571,51024710,51676565,215881831
Northern America,2063,76965241,268033195,111313778,25761186,51204055,51774665,216258530
Northern America,2064,77125454,268484590,112357300,25787000,51338454,51859944,216624646
Northern America,2065,77225185,268871404,113512411,25790754,51434431,51921214,216950190
Northern America,2066,77435689,269431446,114368171,25791438,51644251,52094745,217336701
Northern America,2067,77598262,270004601,115240783,25804469,51793793,52274791,217729810
Northern America,2068,77707848,270551919,116169034,25821018,51886830,52446621,218105298
Northern America,2069,77760591,271024491,117199605,25830744,51929847,52594838,218429653
Northern America,2070,77755700,271379069,118371760,25822419,51933281,52702408,218676661
Northern America,2071,77884487,271895073,119212199,25829231,52055256,52909330,218985743
Northern America,2072,77968534,272354830,120116231,25843841,52124693,53105970,219248860
Northern America,2073,78006911,272760778,121081703,25860267,52146644,53275805,219484973
Northern America,2074,78000891,273132535,122087904,25873030,52127861,53402173,219730362
Northern America,2075,77952326,273466526,123136746,25874934,52077392,53468391,219998135
Northern America,2076,78056919,274078184,123716916,25901707,52155212,53617613,220460571
Northern America,2077,78135906,274725859,124248582,25940228,52195678,53738386,220987473
Northern America,2078,78185646,275350470,124794924,25982987,52202659,53820721,221529749
Northern America,2079,78199436,275869332,125445977,26019835,52179601,53856534,222012798
Northern America,2080,78171607,276211164,126279798,26040162,52131445,53834376,222376788
Northern America,2081,78308197,276738580,126728531,26090544,52217653,53897814,222840766
Northern America,2082,78419944,277194074,127240590,26140107,52279837,53939345,223254729
Northern America,2083,78501820,277546110,127855632,26183959,52317861,53949660,223596450
Northern America,2084,78548014,277769569,128608418,26217229,52330785,53921813,223847756
Northern America,2085,78552107,277833798,129539344,26233078,52319029,53846183,223987615
Northern America,2086,78709211,278123393,130070086,26271031,52438180,53866133,224257260
Northern America,2087,78845598,278362453,130651690,26312286,52533312,53876957,224485496
Northern America,2088,78952622,278527433,131319887,26350312,52602310,53870445,224656988
Northern America,2089,79016710,278588497,132122084,26375615,52641095,53838261,224750236
Northern America,2090,79024223,278502160,133118342,26377254,52646969,53767757,224734403
Northern America,2091,79178197,278703038,133672346,26400342,52777855,53804001,224899037
Northern America,2092,79301972,278885011,134266886,26423286,52878686,53841323,225043688
Northern America,2093,79381568,278999031,134963950,26438015,52943553,53865277,225133754
Northern America,2094,79404947,279002741,135816445,26436446,52968501,53863287,225139454
Northern America,2095,79363950,278860846,136866344,26410208,52953742,53822902,225037944
Northern America,2096,79471753,279072224,137400205,26408704,53063049,53894726,225177498
Northern America,2097,79540084,279253267,137988767,26405792,53134292,53962808,225290459
Northern America,2098,79559909,279370213,138673942,26394833,53165076,54014675,225355538
Northern America,2099,79522126,279387855,139499389,26368254,53153872,54037845,225350010
Northern America,2100,79417585,279263070,140516951,26317229,53100356,54017775,225245295
Northern Europe,1950,18500822,51439732,8066919,7040812,11460010,10673481,40766251
Northern Europe,1951,18658551,51382108,8186776,6986155,11672396,10557568,40824540
Northern Europe,1952,18675051,51509723,8317203,6712346,11962705,10518395,40991328
Northern Europe,1953,18758781,51628797,8429535,6476267,12282514,10511255,41117542
Northern Europe,1954,18942891,51701646,8518295,6342799,12600092,10519363,41182283
Northern Europe,1955,19170758,51770641,8591809,6290836,12879922,10547128,41223513
Northern Europe,1956,19184558,52003402,8738712,6040267,13144291,10634599,41368803
Northern Europe,1957,19342950,52148793,8853948,6053384,13289566,10725439,41423354
Northern Europe,1958,19531653,52307334,8957051,6212044,13319609,10845457,41461877
Northern Europe,1959,19664997,52556681,9063862,6411194,13253803,11021202,41535479
Northern Europe,1960,19727473,52912426,9180495,6585528,13141945,11261512,41650914
Northern Europe,1961,19895771,53168670,9336590,6889349,13006422,11535104,41633566
Northern Europe,1962,19970143,53553563,9495005,7091619,12878524,11865253,41688310
Northern Europe,1963,19995928,54002143,9655971,7205939,12789989,12209877,41792266
Northern Europe,1964,20050293,54413230,9817560,7280595,12769698,12508197,41905033
Northern Europe,1965,20163570,54735311,9981223,7350592,12812978,12727790,42007521
Northern Europe,1966,20364947,54882237,10195768,7449924,12915023,12900875,41981362
Northern Europe,1967,20557071,55003267,10410102,7454226,13102845,13023652,41979615
Northern Europe,1968,20744557,55097869,10620302,7394633,13349924,13095617,42002252
Northern Europe,1969,20910476,55188789,10824022,7297687,13612789,13123221,42065568
Northern Europe,1970,21036625,55295940,11021881,7183695,13852930,13114033,42181907
Northern Europe,1971,21078494,55400967,11276419,6992441,14086053,13082946,42318021
Northern Europe,1972,21098364,55514752,11511747,6829586,14268778,13002155,42512597
Northern Europe,1973,21072590,55655865,11731078,6685221,14387369,12912061,42743804
Northern Europe,1974,20973690,55846116,11937812,6539509,14434181,12872765,42973351
Northern Europe,1975,20792199,56093071,12133373,6377891,14414308,12918402,43174669
Northern Europe,1976,20561338,56315402,12366772,6200501,14360837,13033848,43281554
Northern Europe,1977,20263125,56590870,12582293,6037764,14225361,13237054,43353816
Northern Europe,1978,19912126,56920139,12772305,5891672,14020454,13499509,43420630
Northern Europe,1979,19543363,57293292,12921349,5776082,13767281,13768517,43524775
Northern Europe,1980,19186390,57696539,13022220,5700899,13485491,14004925,43691614
Northern Europe,1981,18858583,58050699,13137628,5661007,13197576,14190613,43860086
Northern Europe,1982,18568323,58422779,13194990,5674587,12893736,14348064,44074715
Northern Europe,1983,18318053,58793892,13223012,5727501,12590552,14465138,44328754
Northern Europe,1984,18103496,59143038,13261970,5796676,12306820,14527687,44615351
Northern Europe,1985,17925715,59456073,13334725,5868699,12057016,14524659,44931414
Northern Europe,1986,17861179,59628500,13476575,6003786,11857393,14420240,45208260
Northern Europe,1987,17812151,59796574,13644375,6086625,11725526,14254426,45542148
Northern Europe,1988,17791717,59950165,13818014,6132303,11659414,14038138,45912027
Northern Europe,1989,17811149,60083103,13967836,6163013,11648136,13789027,46294076
Northern Europe,1990,17867097,60196333,14078609,6193235,11673862,13521434,46674899
Northern Europe,1991,17929176,60254321,14211531,6205846,11723330,13238141,47016180
Northern Europe,1992,18021804,60299195,14306270,6212266,11809538,12936164,47363031
Northern Europe,1993,18129714,60345768,14369878,6209902,11919812,12634166,47711602
Northern Europe,1994,18223332,60423481,14413476,6185931,12037401,12360154,48063327
Northern Europe,1995,18282214,60552888,14445772,6131510,12150704,12134215,48418673
Northern Europe,1996,18282158,60719168,14511281,6042757,12239401,11983880,48735288
Northern Europe,1997,18244082,60948401,14563650,5931319,12312763,11874778,49073623
Northern Europe,1998,18174517,61226817,14609096,5807663,12366854,11804135,49422682
Northern Europe,1999,18088568,61531761,14652405,5692354,12396214,11769232,49762529
Northern Europe,2000,17994801,61850696,14698364,5598673,12396128,11770268,50080428
Northern Europe,2001,17833515,62183687,14798354,5472956,12360559,11903601,50280086
Northern Europe,2002,17676330,62526902,14892743,5411366,12264964,12070793,50456109
Northern Europe,2003,17529124,62898926,14992905,5403403,12125721,12253337,50645589
Northern Europe,2004,17401678,63325166,15111128,5435960,11965718,12429921,50895245
Northern Europe,2005,17308307,63812938,15255661,5500928,11807379,12585656,51227282
Northern Europe,2006,17294302,64300224,15461479,5609137,11685165,12776421,51523803
Northern Europe,2007,17316594,64854358,15683212,5747444,11569150,12943098,51911260
Northern Europe,2008,17367394,65415301,15930815,5897676,11469718,13069522,52345779
Northern Europe,2009,17427224,65906039,16219601,6031890,11395334,13138801,52767238
Northern Europe,2010,17479827,66276464,16557436,6132078,11347749,13141691,53134773
Northern Europe,2011,17632959,66390342,16950867,6287466,11345493,13088686,53301656
Northern Europe,2012,17730263,66425257,17394991,6332077,11398186,13000140,53425117
Northern Europe,2013,17808113,66398621,17862771,6304561,11503552,12877961,53520660
Northern Europe,2014,17911430,66354515,18308596,6263728,11647702,12729041,53625474
Northern Europe,2015,18057485,66333444,18706363,6248821,11808664,12561137,53772307
Northern Europe,2016,18168914,66397936,19076121,6169509,11999405,12415623,53982313
Northern Europe,2017,18342056,66472725,19384842,6169782,12172274,12251956,54220769
Northern Europe,2018,18538945,66563658,19658978,6223422,12315523,12092122,54471536
Northern Europe,2019,18702166,66675731,19940742,6280489,12421677,11968787,54706944
Northern Europe,2020,18804542,66801618,20256973,6305050,12499492,11899389,54902229
Northern Europe,2021,18911405,66903061,20580223,6331794,12579611,11907300,54995761
Northern Europe,2022,18958640,67037546,20919865,6335695,12622945,11976093,55061453
Northern Europe,2023,18958959,67184682,21282537,6318029,12640930,12088412,55096270
Northern Europe,2024,18941327,67310783,21672070,6292623,12648704,12216303,55094480
Northern Europe,2025,18921339,67395886,22092124,6267355,12653984,12339789,55056097
Northern Europe,2026,18920121,67451978,22509214,6238938,12681183,12497618,54954360
Northern Europe,2027,18906521,67485841,22947538,6208562,12697959,12661011,54824830
Northern Europe,2028,18882532,67499624,23402773,6178928,12703604,12815116,54684508
Northern Europe,2029,18845834,67502922,23867600,6150220,12695614,12942855,54560067
Northern Europe,2030,18796234,67500662,24337638,6122090,12674144,13032295,54468367
Northern Europe,2031,18758413,67516002,24764976,6086752,12671661,13120966,54395036
Northern Europe,2032,18716725,67530198,25184787,6068742,12647983,13171773,54358425
Northern Europe,2033,18670266,67548779,25594225,6063665,12606601,13191618,54357161
Northern Europe,2034,18618414,67579549,25988434,6065859,12552555,13195324,54384225
Northern Europe,2035,18563209,67623611,26366285,6070420,12492789,13190988,54432623
Northern Europe,2036,18545072,67703926,26665049,6083977,12461095,13214664,54489262
Northern Europe,2037,18526378,67809232,26933993,6106037,12420341,13235409,54573823
Northern Europe,2038,18509303,67927417,27184012,6133537,12375766,13247052,54680365
Northern Europe,2039,18496681,68043119,27428651,6163668,12333013,13241378,54801741
Northern Europe,2040,18490596,68143952,27678908,6193807,12296789,13212603,54931349
Northern Europe,2041,18532695,68251342,27872021,6234285,12298410,13200525,55050817
Northern Europe,2042,18576978,68363879,28055444,6271094,12305884,13177343,55186536
Northern Europe,2043,18625561,68471951,28236470,6304639,12320922,13141890,55330061
Northern Europe,2044,18677447,68561412,28429992,6334800,12342647,13094050,55467362
Northern Europe,2045,18729395,68617268,28653682,6360252,12369143,13032656,55584612
Northern Europe,2046,18816654,68683573,28828362,6383910,12432744,12999631,55683942
Northern Europe,2047,18901409,68738219,29013348,6405555,12495854,12962782,55775437
Northern Europe,2048,18979780,68770633,29221254,6423778,12556002,12921776,55848857
Northern Europe,2049,19047213,68777076,29457977,6436621,12610592,12879580,55897496
Northern Europe,2050,19101208,68757351,29724320,6441805,12659403,12837927,55919424
Northern Europe,2051,19176553,68769150,29927366,6439562,12736991,12837082,55932068
Northern Europe,2052,19239702,68772854,30140426,6440261,12799441,12845193,55927661
Northern Europe,2053,19288511,68768646,30365107,6441241,12847270,12859406,55909240
Northern Europe,2054,19320342,68755103,30605275,6438885,12881457,12876426,55878677
Northern Europe,2055,19333395,68727308,30867671,6429195,12904200,12892130,55835178
Northern Europe,2056,19364546,68737855,31062804,6415444,12949102,12943935,55793920
Northern Europe,2057,19380491,68754806,31256447,6404761,12975730,13002769,55752037
Northern Europe,2058,19381036,68779621,31448861,6395032,12986004,13062414,55717207
Northern Europe,2059,19366633,68814606,31639374,6384168,12982465,13115529,55699077
Northern Europe,2060,19337481,68855581,31833608,6369445,12968036,13155461,55700120
Northern Europe,2061,19332237,68958425,31937670,6355437,12976800,13218945,55739480
Northern Europe,2062,19317845,69088110,32020074,6346303,12971542,13277214,55810896
Northern Europe,2063,19294014,69231412,32095746,6340041,12953973,13325290,55906122
Northern Europe,2064,19260641,69371712,32182858,6334523,12926118,13358756,56012956
Northern Europe,2065,19217859,69492629,32298781,6327307,12890552,13373304,56119325
Northern Europe,2066,19209264,69668724,32325991,6325606,12883658,13407439,56261285
Northern Europe,2067,19197162,69850317,32351903,6329033,12868129,13430778,56419539
Northern Europe,2068,19180246,70013716,32401350,6335104,12845142,13440089,56573627
Northern Europe,2069,19157314,70131602,32502347,6341109,12816205,13433791,56697811
Northern Europe,2070,19128056,70185273,32673465,6344493,12783563,13410226,56775047
Northern Europe,2071,19140471,70264763,32776685,6355899,12784572,13409444,56855319
Northern Europe,2072,19149752,70301755,32924995,6368258,12781494,13400272,56901483
Northern Europe,2073,19155178,70297873,33116679,6380076,12775102,13380744,56917129
Northern Europe,2074,19155285,70261399,33343793,6389647,12765638,13349790,56911609
Northern Europe,2075,19148333,70194142,33605402,6394899,12753434,13305910,56888232
Northern Europe,2076,19180052,70190298,33761295,6405348,12774704,13288906,56901392
Northern Europe,2077,19207618,70179860,33924234,6415430,12792188,13268575,56911285
Northern Europe,2078,19229254,70154375,34104126,6423728,12805526,13243227,56911148
Northern Europe,2079,19241881,70102292,34315329,6428225,12813656,13211735,56890557
Northern Europe,2080,19242188,70011453,34573177,6426425,12815763,13172050,56839403
Northern Europe,2081,19274553,69987517,34727456,6426832,12847721,13163324,56824193
Northern Europe,2082,19299656,69957852,34890186,6427393,12872263,13156170,56801682
Northern Europe,2083,19314745,69913816,35073203,6426261,12888484,13147626,56766190
Northern Europe,2084,19316512,69846249,35289673,6421174,12895338,13134960,56711289
Northern Europe,2085,19301900,69744555,35553745,6409472,12892428,13114944,56629611
Northern Europe,2086,19316170,69721896,35707058,6399920,12916250,13126406,56595490
Northern Europe,2087,19321355,69697826,35867996,6391812,12929543,13139930,56557896
Northern Europe,2088,19314848,69663819,36048215,6383120,12931728,13151362,56512457
Northern Europe,2089,19293945,69610425,36260482,6371523,12922422,13156294,56454131
Northern Europe,2090,19256056,69525754,36519643,6354334,12901722,13150257,56375497
Northern Europe,2091,19250527,69537307,36648862,6342309,12908218,13173198,56364109
Northern Europe,2092,19236648,69549998,36783620,6332618,12904030,13194092,56355906
Northern Europe,2093,19211445,69548883,36941408,6322976,12888469,13208189,56340694
Northern Europe,2094,19172582,69519869,37137986,6311013,12861569,13211281,56308588
Northern Europe,2095,19118699,69451405,37385709,6294337,12824362,13199794,56251611
Northern Europe,2096,19104390,69487643,37485186,6286829,12817561,13215386,56272257
Northern Europe,2097,19082581,69512396,37599185,6280686,12801895,13224371,56288025
Northern Europe,2098,19051768,69513508,37740886,6274284,12777484,13223552,56289956
Northern Europe,2099,19011067,69478320,37923392,6266379,12744688,13210357,56267963
Northern Europe,2100,18959937,69393937,38159723,6255989,12703948,13181982,56211955
Norway,1950,791564,2161297,312412,319771,471793,439088,1722209
Norway,1951,812058,2169356,319338,321468,490590,429601,1739755
Norway,1952,827983,2179609,326886,315754,512229,422780,1756829
Norway,1953,844438,2188142,334475,309736,534702,418171,1769971
Norway,1954,862251,2194676,341978,305965,556286,415928,1778748
Norway,1955,879837,2200846,349657,304098,575739,416408,1784438
Norway,1956,889954,2212856,358700,294595,595359,420383,1792473
Norway,1957,903750,2221514,367183,294669,609081,426619,1794895
Norway,1958,916908,2230358,375782,299961,616947,435996,1794362
Norway,1959,925689,2242322,385118,305795,619894,449247,1793075
Norway,1960,928884,2258221,395402,308841,620043,466342,1791879
Norway,1961,933954,2272382,404810,315717,618237,485269,1787113
Norway,1962,932261,2292035,414914,316872,615389,507704,1784331
Norway,1963,926719,2314915,425479,314088,612631,531655,1783260
Norway,1964,922435,2337034,435939,311489,610946,553910,1783124
Norway,1965,922143,2356252,446068,311951,610192,572403,1783849
Norway,1966,923432,2373648,457282,312505,610927,587796,1785852
Norway,1967,929053,2388023,467792,316397,612656,599267,1788756
Norway,1968,937303,2400487,477847,322351,614952,607240,1793247
Norway,1969,944699,2413589,487896,327383,617316,612736,1800853
Norway,1970,949322,2428578,498160,329620,619702,616381,1812197
Norway,1971,956005,2441138,508126,333413,622592,617793,1823345
Norway,1972,958675,2456882,518168,331744,626931,616992,1839890
Norway,1973,958370,2474201,528231,325895,632475,614785,1859416
Norway,1974,956638,2490917,538186,318063,638575,612475,1878442
Norway,1975,953849,2506146,548036,309714,644135,611095,1895051
Norway,1976,947220,2520612,559643,298276,648944,611797,1908815
Norway,1977,939352,2534221,570757,287325,652027,613558,1920663
Norway,1978,929996,2547725,581462,277317,652679,616340,1931385
Norway,1979,918855,2562198,591815,268564,650291,619842,1942356
Norway,1980,906151,2578079,601846,261200,644951,623808,1954271
Norway,1981,889649,2596185,613139,252329,637320,629619,1966566
Norway,1982,874269,2614212,623176,248832,625437,635372,1978840
Norway,1983,859481,2632553,632551,249170,610311,640969,1991584
Norway,1984,844998,2651285,641985,251361,593637,646213,2005072
Norway,1985,831252,2670056,651797,254075,577177,650801,2019255
Norway,1986,822439,2685080,661803,260916,561523,655324,2029756
Norway,1987,813976,2701146,671846,266291,547685,659069,2042077
Norway,1988,807141,2717562,681263,270667,536474,660863,2056699
Norway,1989,803539,2733536,689047,275098,528441,659186,2074350
Norway,1990,803811,2748790,694684,280385,523426,653361,2095429
Norway,1991,808897,2761618,698956,287252,521645,645176,2116442
Norway,1992,816600,2774859,701224,292828,523772,633534,2141325
Norway,1993,826682,2788367,701739,297455,529227,619351,2169016
Norway,1994,838071,2802622,700922,301119,536952,604341,2198281
Norway,1995,849778,2818084,699133,303831,545947,589850,2228234
Norway,1996,861014,2834143,698052,305110,555904,577628,2256515
Norway,1997,872113,2852117,696032,305487,566626,566005,2286112
Norway,1998,882595,2871614,693277,305068,577527,555694,2315920
Norway,1999,891787,2892231,689986,303867,587920,547718,2344513
Norway,2000,899131,2913793,686443,301770,597361,542806,2370987
Norway,2001,903049,2934974,685122,297312,605737,542848,2392126
Norway,2002,905247,2957282,683490,293381,611866,546041,2411241
Norway,2003,906136,2981498,682472,290178,615958,551923,2429575
Norway,2004,906864,3008199,683151,288354,618510,559715,2448484
Norway,2005,908507,3037570,686287,288372,620135,568895,2468675
Norway,2006,908694,3074214,690162,287887,620807,583910,2490304
Norway,2007,910829,3113455,695364,291137,619692,598578,2514877
Norway,2008,914015,3154840,702554,296671,617344,612130,2542710
Norway,2009,916951,3197308,712921,302146,614805,624077,2573231
Norway,2010,919110,3239391,727377,306019,613091,634396,2604995
Norway,2011,923896,3276056,747643,312263,611633,650152,2625904
Norway,2012,925771,3314004,772232,313272,612499,663107,2650897
Norway,2013,926648,3351413,799040,311053,615595,671967,2679446
Norway,2014,929109,3386371,824831,308935,620174,675791,2710580
Norway,2015,934011,3418094,847731,308946,625065,674839,2743255
Norway,2016,936747,3446066,871881,305846,630901,677829,2768237
Norway,2017,942964,3469975,892444,308750,634214,678454,2791521
Norway,2018,950808,3491504,911051,315574,635234,677457,2814047
Norway,2019,957316,3513247,930353,322663,634653,676119,2837128
Norway,2020,961418,3536256,952019,327586,633832,675016,2861240
Norway,2021,970039,3555951,974080,334418,635621,676437,2879514
Norway,2022,975174,3578376,997933,337914,637260,678963,2899413
Norway,2023,978343,3602027,1023219,338933,639410,681846,2920181
Norway,2024,982057,3624694,1049003,339475,642582,684039,2940655
Norway,2025,987467,3645185,1074823,340762,646705,684817,2960368
Norway,2026,994826,3665093,1098818,340672,654154,687805,2977288
Norway,2027,1003395,3683772,1122503,342043,661352,690309,2993463
Norway,2028,1012477,3701098,1146570,344490,667987,692152,3008946
Norway,2029,1020591,3717263,1172169,346920,673671,693323,3023940
Norway,2030,1027031,3732179,1200005,348480,678551,693678,3038501
Norway,2031,1034817,3746751,1226056,349173,685644,696513,3050238
Norway,2032,1041072,3760661,1253520,350213,690859,699044,3061617
Norway,2033,1045882,3774146,1282029,351335,694547,701393,3072753
Norway,2034,1049654,3787490,1310873,352426,697228,703912,3083578
Norway,2035,1052727,3800788,1339624,353258,699469,706651,3094137
Norway,2036,1057827,3815302,1364282,353659,704168,712927,3102375
Norway,2037,1061961,3830454,1388432,354509,707452,720125,3110329
Norway,2038,1065248,3846503,1411772,355637,709611,727450,3119053
Norway,2039,1067796,3863890,1433847,356816,710980,733862,3130028
Norway,2040,1069770,3882629,1454560,357784,711986,738532,3144097
Norway,2041,1073897,3903411,1470511,358383,715514,744842,3158569
Norway,2042,1077390,3926469,1484279,359471,717919,750178,3176291
Norway,2043,1080377,3950796,1496871,360887,719490,754406,3196390
Norway,2044,1082932,3974751,1510000,362429,720503,757560,3217191
Norway,2045,1085143,3996903,1525120,363837,721306,759497,3237406
Norway,2046,1089831,4018800,1537925,364953,724878,763570,3255230
Norway,2047,1094138,4040021,1551650,366634,727504,767108,3272913
Norway,2048,1098011,4059932,1566882,368638,729373,769828,3290104
Norway,2049,1101389,4078188,1583858,370677,730712,771554,3306634
Norway,2050,1104348,4094515,1602652,372446,731902,772074,3322441
Norway,2051,1110056,4110758,1618225,374026,736030,774605,3336153
Norway,2052,1115257,4125909,1634859,375947,739310,776778,3349131
Norway,2053,1119985,4139948,1652546,378021,741964,778404,3361544
Norway,2054,1124188,4152822,1671392,380004,744184,779336,3373486
Norway,2055,1127846,4164212,1691727,381603,746243,779326,3384886
Norway,2056,1134018,4176438,1708174,382899,751119,781486,3394952
Norway,2057,1139558,4188419,1724966,384415,755143,783543,3404876
Norway,2058,1144410,4199796,1742525,385973,758437,785264,3414532
Norway,2059,1148506,4210294,1761241,387370,761136,786471,3423823
Norway,2060,1151844,4219608,1781440,388348,763496,786934,3432674
Norway,2061,1157234,4230280,1797780,388869,768365,789610,3440670
Norway,2062,1161905,4240979,1814365,389719,772186,792324,3448655
Norway,2063,1165807,4251672,1831329,390709,775098,794838,3456834
Norway,2064,1168844,4262263,1848913,391594,777250,796928,3465335
Norway,2065,1170963,4272286,1867669,392078,778885,798276,3474010
Norway,2066,1175004,4284621,1881869,392185,782819,801742,3482879
Norway,2067,1178299,4297824,1895650,392679,785620,805223,3492601
Norway,2068,1180772,4310954,1910022,393346,787426,808392,3502562
Norway,2069,1182356,4322770,1926296,393949,788407,810943,3511827
Norway,2070,1183056,4332250,1945496,394212,788844,812528,3519722
Norway,2071,1186071,4343756,1960066,394367,791704,816117,3527639
Norway,2072,1188391,4354169,1976094,394877,793514,819456,3534713
Norway,2073,1189932,4363340,1993770,395538,794394,822218,3541122
Norway,2074,1190662,4371545,2012739,396140,794522,824128,3547417
Norway,2075,1190656,4378836,2032815,396460,794196,824923,3553913
Norway,2076,1193271,4390332,2045491,396855,796416,827593,3562739
Norway,2077,1195310,4402034,2057966,397556,797754,829823,3572211
Norway,2078,1196762,4413171,2071006,398394,798368,831412,3581759
Norway,2079,1197550,4422530,2085856,399147,798403,832184,3590346
Norway,2080,1197619,4428961,2103724,399557,798062,831885,3597076
Norway,2081,1200341,4438132,2115537,400088,800253,833421,3604711
Norway,2082,1202531,4446021,2128537,400781,801750,834623,3611398
Norway,2083,1204136,4452239,2143175,401502,802634,835285,3616954
Norway,2084,1205075,4456462,2159928,402100,802975,835237,3621225
Norway,2085,1205265,4458147,2179450,402377,802888,834237,3623910
Norway,2086,1208023,4463758,2191980,402731,805292,835205,3628553
Norway,2087,1210356,4468555,2205243,403367,806989,835985,3632570
Norway,2088,1212096,4472008,2219989,404083,808013,836354,3635654
Norway,2089,1213016,4473609,2236994,404607,808409,836138,3637471
Norway,2090,1212965,4472739,2257066,404670,808295,835105,3637634
Norway,2091,1215471,4476516,2269574,404894,810577,836111,3640405
Norway,2092,1217328,4479805,2282837,405175,812153,837052,3642753
Norway,2093,1218424,4481998,2297590,405377,813047,837674,3644324
Norway,2094,1218631,4482388,2314629,405360,813271,837731,3644657
Norway,2095,1217847,4480184,2334828,404952,812895,836936,3643248
Norway,2096,1219538,4483581,2346511,404686,814852,838184,3645397
Norway,2097,1220680,4486405,2358856,404641,816039,839305,3647100
Norway,2098,1221088,4487947,2372771,404658,816430,840029,3647918
Norway,2099,1220539,4487487,2389164,404505,816034,840121,3647366
Norway,2100,1218846,4484337,2408924,403893,814953,839331,3645006
Oceania,1950,3773197,7942167,932412,1530197,2243000,1963723,5978444
Oceania,1951,3932399,8076480,962418,1590886,2341513,1974908,6101572
Oceania,1952,4076959,8208088,990526,1628216,2448743,1985369,6222719
Oceania,1953,4223724,8333280,1015457,1661436,2562288,1996418,6336862
Oceania,1954,4376833,8457049,1037020,1697158,2679675,2012099,6444950
Oceania,1955,4532797,8587848,1056068,1735566,2797231,2036788,6551060
Oceania,1956,4678371,8729776,1084671,1759376,2918995,2083619,6646157
Oceania,1957,4834492,8875003,1109586,1800101,3034391,2139288,6735715
Oceania,1958,4990581,9030219,1132050,1848474,3142107,2203808,6826411
Oceania,1959,5135598,9200868,1153184,1895245,3240353,2277653,6923215
Oceania,1960,5263739,9387964,1173521,1934541,3329198,2361160,7026804
Oceania,1961,5396061,9565593,1196213,1983600,3412461,2459643,7105950
Oceania,1962,5506421,9765477,1218266,2015851,3490570,2569332,7196145
Oceania,1963,5603927,9985826,1240233,2036576,3567351,2686058,7299768
Oceania,1964,5702571,10223191,1262371,2055978,3646593,2804895,7418296
Oceania,1965,5809876,10476295,1285062,2081892,3727984,2923334,7552961
Oceania,1966,5930564,10743372,1308676,2109545,3821019,3055799,7687573
Oceania,1967,6057193,11027399,1332397,2136510,3920683,3186924,7840475
Oceania,1968,6187353,11318444,1356062,2164272,4023081,3310970,8007474
Oceania,1969,6311358,11608834,1379613,2192030,4119328,3423930,8184904
Oceania,1970,6419127,11895799,1403108,2217967,4201160,3525124,8370675
Oceania,1971,6502383,12165196,1446125,2244684,4257699,3613628,8551568
Oceania,1972,6578270,12424691,1486743,2277550,4300720,3688248,8736443
Oceania,1973,6643619,12676467,1525979,2308889,4334730,3752320,8924147
Oceania,1974,6692296,12926213,1565814,2328316,4363980,3813176,9113037
Oceania,1975,6720579,13178503,1607773,2331857,4388722,3876448,9302055
Oceania,1976,6767372,13387776,1656772,2357225,4410147,3937335,9450441
Oceania,1977,6777321,13615265,1709143,2338337,4438984,4005955,9609310
Oceania,1978,6768798,13855993,1762981,2294079,4474719,4077407,9778586
Oceania,1979,6768552,14101807,1814817,2254456,4514096,4143693,9958114
Oceania,1980,6791148,14350534,1863386,2240934,4550214,4201571,10148963
Oceania,1981,6799357,14634811,1917405,2214209,4585148,4261019,10373792
Oceania,1982,6844744,14911805,1965793,2234271,4610473,4307709,10604096
Oceania,1983,6911417,15189207,2012689,2286897,4624520,4346744,10842463
Oceania,1984,6973318,15480072,2064122,2344513,4628805,4386234,11093838
Oceania,1985,7018145,15787965,2123287,2388919,4629226,4430485,11357480
Oceania,1986,7087270,16075340,2185788,2457369,4629901,4474196,11601144
Oceania,1987,7131566,16388762,2254834,2492245,4639321,4522602,11866160
Oceania,1988,7163775,16715299,2327656,2503840,4659935,4571815,12143484
Oceania,1989,7205923,17033951,2399841,2512866,4693057,4614340,12419611
Oceania,1990,7267999,17334204,2469258,2533445,4734554,4646752,12687452
Oceania,1991,7336273,17619818,2545214,2550632,4785641,4674626,12945192
Oceania,1992,7423848,17887537,2617646,2580676,4843172,4694827,13192710
Oceania,1993,7521351,18145733,2686057,2619142,4902209,4710635,13435098
Oceania,1994,7612711,18409031,2750357,2654825,4957886,4725255,13683776
Oceania,1995,7690349,18684162,2810803,2681490,5008859,4740027,13944135
Oceania,1996,7777943,18944867,2870218,2716491,5061452,4736862,14208005
Oceania,1997,7853706,19217741,2925658,2736409,5117297,4730792,14486949
Oceania,1998,7921135,19501187,2979059,2745881,5175254,4727396,14773791
Oceania,1999,7987970,19789462,3033232,2752542,5235428,4733682,15055780
Oceania,2000,8057695,20080584,3091143,2760662,5297033,4755255,15325329
Oceania,2001,8108962,20396692,3151195,2757236,5351726,4822343,15574349
Oceania,2002,8161275,20718496,3214701,2759523,5401752,4903111,15815385
Oceania,2003,8216351,21051919,3283390,2768643,5447708,4993557,16058362
Oceania,2004,8276753,21405000,3358493,2787520,5489233,5085925,16319075
Oceania,2005,8346242,21780334,3441061,2819515,5526727,5173615,16606719
Oceania,2006,8421306,22194164,3523029,2856117,5565189,5303448,16890716
Oceania,2007,8511040,22626228,3610230,2913395,5597645,5418830,17207398
Oceania,2008,8612682,23060872,3706212,2982875,5629807,5515782,17545090
Oceania,2009,8715069,23483125,3816074,3049333,5665736,5595350,17887775
Oceania,2010,8808596,23884590,3942380,3101370,5707226,5659196,18225394
Oceania,2011,8936113,24221604,4080160,3168446,5767667,5718139,18503465
Oceania,2012,9036168,24556362,4231916,3199368,5836800,5777056,18779306
Oceania,2013,9121975,24884994,4392429,3205941,5916034,5832576,19052418
Oceania,2014,9211703,25204785,4553901,3209393,6002310,5880516,19324269
Oceania,2015,9313563,25516591,4712826,3225113,6088450,5918472,19598119
Oceania,2016,9427750,25818642,4871040,3232109,6195641,5947228,19871414
Oceania,2017,9559247,26107294,5024245,3263593,6295654,5969068,20138226
Oceania,2018,9696217,26388859,5176136,3311253,6384964,5990231,20398628
Oceania,2019,9819169,26673748,5333259,3357160,6462009,6019964,20653784
Oceania,2020,9917945,26965865,5499979,3388520,6529425,6063247,20902618
Oceania,2021,10023810,27240946,5668616,3426987,6596823,6118781,21122165
Oceania,2022,10102769,27530056,5842980,3445312,6657457,6189451,21340605
Oceania,2023,10161849,27826793,6023732,3448278,6713571,6270884,21555909
Oceania,2024,10214819,28119757,6210466,3447568,6767251,6355508,21764249
Oceania,2025,10268852,28403125,6403298,3451304,6817548,6438221,21964904
Oceania,2026,10328217,28684409,6590836,3453328,6874889,6528244,22156165
Oceania,2027,10389194,28958484,6781431,3462326,6926868,6617691,22340793
Oceania,2028,10448240,29229698,6973667,3476541,6971699,6704071,22525627
Oceania,2029,10498380,29506557,7164935,3490561,7007819,6784719,22721838
Oceania,2030,10536563,29792795,7353826,3500933,7035630,6857536,22935259
Oceania,2031,10585752,30085640,7520082,3516734,7069018,6929492,23156148
Oceania,2032,10624509,30390601,7679901,3528612,7095897,6993054,23397547
Oceania,2033,10655123,30701029,7837788,3537620,7117503,7049413,23651616
Oceania,2034,10682049,31006134,8000285,3546620,7135429,7100889,23905245
Oceania,2035,10707977,31299139,8171732,3557655,7150322,7148738,24150401
Oceania,2036,10750000,31585758,8329312,3574575,7175425,7201588,24384170
Oceania,2037,10791225,31863383,8492535,3592367,7198858,7251707,24611676
Oceania,2038,10831576,32135806,8658106,3610975,7220601,7297578,24838228
Oceania,2039,10870098,32410563,8819765,3629609,7240489,7336935,25073628
Oceania,2040,10906454,32691004,8974872,3647989,7258465,7368272,25322732
Oceania,2041,10961154,32977968,9102035,3673145,7288009,7400843,25577125
Oceania,2042,11013670,33274894,9218294,3695806,7317864,7427499,25847395
Oceania,2043,11064482,33573708,9331432,3716421,7348061,7449293,26124415
Oceania,2044,11113721,33861737,9454140,3735572,7378149,7467877,26393860
Oceania,2045,11160907,34129801,9596014,3753689,7407218,7484103,26645698
Oceania,2046,11225012,34385314,9730810,3776615,7448397,7507350,26877964
Oceania,2047,11286358,34628731,9877482,3796389,7489969,7530263,27098468
Oceania,2048,11344167,34860136,10036037,3813359,7530808,7552470,27307666
Oceania,2049,11397327,35082714,10203473,3827792,7569535,7573611,27509103
Oceania,2050,11444828,35298343,10378284,3839877,7604951,7593392,27704951
Oceania,2051,11503912,35514557,10535335,3854371,7649541,7620728,27893829
Oceania,2052,11557755,35729323,10693565,3866548,7691207,7648648,28080675
Oceania,2053,11605620,35941304,10855044,3876450,7729170,7677003,28264301
Oceania,2054,11646617,36148547,11022723,3884011,7762606,7705587,28442960
Oceania,2055,11679925,36348859,11199718,3889106,7790819,7733832,28615027
Oceania,2056,11722808,36551720,11359177,3896547,7826261,7770231,28781489
Oceania,2057,11759395,36755158,11518838,3902473,7856922,7807822,28947336
Oceania,2058,11789154,36958509,11679944,3906770,7882384,7845485,29113024
Oceania,2059,11811660,37161032,11843666,3909327,7902333,7881629,29279403
Oceania,2060,11826501,37360649,12012477,3909982,7916519,7914749,29445900
Oceania,2061,11852607,37570667,12154180,3914371,7938236,7954180,29616487
Oceania,2062,11872952,37784767,12292056,3917606,7955346,7992090,29792677
Oceania,2063,11887033,37998594,12431049,3919544,7967489,8027167,29971427
Oceania,2064,11894899,38207878,12575555,3920246,7974653,8058115,30149763
Oceania,2065,11896731,38409024,12729046,3919832,7976899,8083850,30325174
Oceania,2066,11912062,38618626,12855407,3924294,7987768,8114174,30504452
Oceania,2067,11923271,38827616,12981183,3927895,7995376,8140770,30686846
Oceania,2068,11930415,39030561,13111674,3930638,7999777,8163202,30867359
Oceania,2069,11933185,39218982,13255507,3932426,8000759,8180838,31038144
Oceania,2070,11930898,39385136,13420981,3933066,7997832,8192756,31192380
Oceania,2071,11944658,39552910,13563052,3939454,8005204,8209943,31342967
Oceania,2072,11955340,39706934,13716138,3944528,8010812,8223433,31483501
Oceania,2073,11961979,39844887,13883270,3948050,8013929,8232479,31612408
Oceania,2074,11964020,39968374,14063101,3949927,8014093,8236787,31731587
Oceania,2075,11961262,40078774,14254157,3950235,8011027,8236331,31842443
Oceania,2076,11974928,40203307,14408014,3955995,8018933,8242635,31960672
Oceania,2077,11985279,40323474,14562874,3959812,8025467,8246330,32077144
Oceania,2078,11992183,40436601,14721566,3961856,8030327,8247444,32189157
Oceania,2079,11994858,40537344,14890340,3962109,8032749,8245748,32291596
Oceania,2080,11991894,40619355,15077052,3960359,8031535,8240485,32378870
Oceania,2081,12003131,40712387,15232123,3962866,8040265,8242941,32469446
Oceania,2082,12011211,40799562,15389812,3963881,8047330,8244519,32555043
Oceania,2083,12014876,40877765,15554821,3963095,8051781,8244492,32633273
Oceania,2084,12012706,40944808,15730963,3960135,8052571,8242186,32702622
Oceania,2085,12003420,40997895,15922579,3954632,8048788,8236812,32761083
Oceania,2086,12007838,41071550,16074490,3953230,8054608,8240277,32831273
Oceania,2087,12008035,41144435,16225897,3950228,8057807,8243384,32901051
Oceania,2088,12003001,41212189,16382397,3945462,8057539,8245216,32966973
Oceania,2089,11991717,41269615,16550366,3938787,8052930,8244634,33024981
Oceania,2090,11973109,41311350,16736344,3929985,8043124,8240431,33070919
Oceania,2091,11968333,41377864,16878714,3925503,8042830,8245143,33132721
Oceania,2092,11959754,41442115,17022145,3920393,8039361,8248786,33193329
Oceania,2093,11946081,41498786,17173163,3914187,8031894,8250151,33248635
Oceania,2094,11926100,41543098,17337598,3906343,8019757,8248002,33295096
Oceania,2095,11898898,41570738,17520647,3896369,8002529,8241250,33329488
Oceania,2096,11887437,41627441,17653410,3891898,7995539,8243152,33384289
Oceania,2097,11872074,41679643,17788940,3886368,7985706,8242819,33436824
Oceania,2098,11852043,41722470,17932804,3879516,7972527,8239306,33483164
Oceania,2099,11826819,41750623,18090636,3871308,7955511,8231604,33519019
Oceania,2100,11795908,41758592,18268301,3861864,7934044,8218634,33539958
Oman,1950,193213,249391,13815,78038,115175,86357,163034
Oman,1951,196748,251493,14010,79322,117426,87163,164330
Oman,1952,200259,254864,14227,80155,120104,88611,166253
Oman,1953,203934,259079,14427,81070,122864,90535,168544
Oman,1954,207860,263846,14606,82494,125366,92791,171055
Oman,1955,212016,269051,14749,84724,127292,95322,173729
Oman,1956,217606,273157,15129,87655,129951,97089,176068
Oman,1957,223232,277775,15464,90491,132741,99169,178606
Oman,1958,228932,282879,15787,93312,135620,101526,181353
Oman,1959,234762,288445,16121,96218,138544,104121,184324
Oman,1960,240806,294453,16481,99435,141371,106923,187530
Oman,1961,248712,299129,17049,103688,145024,108820,190309
Oman,1962,256525,304659,17640,107077,149448,111108,193551
Oman,1963,264452,310805,18244,109989,154463,113681,197124
Oman,1964,272708,317342,18837,112927,159781,116422,200920
Oman,1965,281393,324196,19420,116370,165023,119288,204908
Oman,1966,291079,330776,20148,120185,170894,121573,209203
Oman,1967,301227,338030,20862,123978,177249,124042,213988
Oman,1968,311933,346092,21572,127981,183952,126839,219253
Oman,1969,323192,355247,22286,132309,190883,130192,225055
Oman,1970,335082,365746,23024,137144,197938,134281,231465
Oman,1971,346169,379049,23755,141674,204495,139097,239952
Oman,1972,357761,394119,24503,146152,211609,144205,249914
Oman,1973,370602,411108,25281,151233,219369,149715,261393
Oman,1974,385797,430039,26112,157941,227856,155701,274338
Oman,1975,404147,450907,26990,167079,237068,162239,288668
Oman,1976,421878,477678,27883,175829,246049,171455,306223
Oman,1977,442835,506203,28770,187218,255617,180134,326069
Oman,1978,466609,536526,29665,200638,265971,188330,348196
Oman,1979,492567,568716,30570,215115,277452,196106,372610
Oman,1980,520385,602516,31478,230040,290345,203522,398994
Oman,1981,552516,635537,32534,246962,305554,213252,422285
Oman,1982,585507,671004,33600,262240,323267,222741,448263
Oman,1983,618884,707599,34614,275851,343033,231596,476003
Oman,1984,651795,743787,35495,287704,364091,239381,504406
Oman,1985,683193,778993,36231,297584,385609,246150,532843
Oman,1986,712675,811220,37290,306049,406626,257079,554141
Oman,1987,739924,841729,38211,311991,427933,265566,576163
Oman,1988,766207,872792,39117,316221,449986,272409,600383
Oman,1989,792798,908206,40156,319754,473044,279512,628694
Oman,1990,819985,950744,41431,323177,496808,288634,662110
Oman,1991,838161,1013161,42449,323080,515081,307759,705402
Oman,1992,856607,1083118,43552,322920,533687,324006,759112
Oman,1993,871163,1156371,44577,321185,549978,336612,819759
Oman,1994,877155,1225955,45318,316531,560624,345397,880558
Oman,1995,872272,1286353,45658,309016,563256,351500,934853
Oman,1996,877373,1311545,47748,308159,569214,387079,924466
Oman,1997,871237,1328986,49550,303013,568224,421075,907911
Oman,1998,859736,1340937,51202,295790,563946,449216,891721
Oman,1999,848794,1353144,52980,288705,560089,470052,883092
Oman,2000,841523,1371298,55170,282878,558645,485120,886178
Oman,2001,834307,1403640,56840,272831,561476,495289,908351
Oman,2002,828647,1446921,58717,264798,563849,507095,939826
Oman,2003,823810,1500701,60744,258875,564935,520497,980204
Oman,2004,819262,1562648,62841,255568,563694,535421,1027227
Oman,2005,815587,1630705,64977,255795,559792,551823,1078882
Oman,2006,789568,1725791,67632,253958,535610,592891,1132900
Oman,2007,769348,1822688,70726,256316,513032,622593,1200095
Oman,2008,759598,1925232,74184,263120,496478,638943,1286289
Oman,2009,763365,2041700,77877,275056,488309,644126,1397574
Oman,2010,781323,2178363,81774,293023,488300,641720,1536643
Oman,2011,794619,2358766,83883,310774,483845,679517,1679249
Oman,2012,818778,2559553,86313,330597,488181,697097,1862456
Oman,2013,852784,2769519,89178,351241,501543,689689,2079830
Oman,2014,892140,2976014,92771,369953,522187,660022,2315992
Oman,2015,931194,3171417,97199,384255,546939,617173,2554244
Oman,2016,974968,3346874,102920,400589,574379,655670,2691204
Oman,2017,1011288,3515788,109186,408086,603202,681457,2834331
Oman,2018,1043143,3671058,115745,408104,635039,684945,2986113
Oman,2019,1071386,3808229,122260,403713,667673,664940,3143289
Oman,2020,1094103,3927082,128515,397741,696362,629573,3297509
Oman,2021,1124030,4007703,138494,393705,730325,641245,3366458
Oman,2022,1142996,4072777,148649,390156,752840,656386,3416391
Oman,2023,1154239,4126212,159136,386960,767279,668216,3457996
Oman,2024,1159972,4175907,170343,382781,777191,674207,3501700
Oman,2025,1161086,4228411,182652,376526,784560,676717,3551694
Oman,2026,1161258,4282218,196622,370047,791211,703901,3578317
Oman,2027,1154568,4342108,211890,362781,791787,737731,3604377
Oman,2028,1143656,4404268,228202,354875,788781,770884,3633384
Oman,2029,1130693,4463986,245086,347120,783573,796725,3667261
Oman,2030,1116257,4518840,262376,339979,776278,812861,3705979
Oman,2031,1101544,4567320,280563,333047,768497,839193,3728127
Oman,2032,1085202,4612814,299251,327943,757259,859664,3753150
Oman,2033,1068954,4654149,319035,324364,744590,871339,3782810
Oman,2034,1053359,4691372,340800,321701,731658,874139,3817233
Oman,2035,1038330,4725170,365090,319569,718761,869841,3855329
Oman,2036,1024987,4756031,390786,319202,705785,879509,3876522
Oman,2037,1011381,4784939,418800,319032,692349,883391,3901548
Oman,2038,999413,4810283,448707,319127,680286,879032,3931251
Oman,2039,990053,4831188,480052,319744,670309,866529,3964659
Oman,2040,983099,4847566,512855,321094,662005,847978,3999588
Oman,2041,978901,4859332,546844,323869,655032,842569,4016763
Oman,2042,975439,4868001,582752,326489,648950,833973,4034028
Oman,2043,973958,4872441,620735,329022,644936,820074,4052367
Oman,2044,974669,4872918,660723,331432,643237,800878,4072040
Oman,2045,976962,4870521,702405,333717,643245,778247,4092274
Oman,2046,980552,4867959,743480,336233,644319,762441,4105518
Oman,2047,984061,4864246,786046,338026,646035,747786,4116460
Oman,2048,988050,4857616,830730,339175,648875,732850,4124766
Oman,2049,992505,4846243,878589,339721,652784,717068,4129175
Oman,2050,996855,4829464,930251,339652,657203,701053,4128411
Oman,2051,1000903,4809997,982952,338875,662028,697079,4112918
Oman,2052,1003719,4786742,1038738,337672,666047,694118,4092624
Oman,2053,1005728,4760007,1096789,336025,669703,690557,4069450
Oman,2054,1006914,4731041,1155871,333889,673025,685684,4045357
Oman,2055,1006882,4701052,1215164,331184,675698,679908,4021144
Oman,2056,1005698,4673302,1271235,327771,677927,684771,3988531
Oman,2057,1002730,4645432,1326988,324456,678274,689463,3955969
Oman,2058,998553,4617439,1381852,321151,677402,692461,3924978
Oman,2059,993446,4589755,1435102,317782,675664,693163,3896592
Oman,2060,987322,4562895,1486330,314264,673058,691982,3870913
Oman,2061,980876,4540683,1531019,310807,670069,699895,3840788
Oman,2062,973102,4520095,1573203,307711,665391,706588,3813507
Oman,2063,964735,4500268,1613109,304910,659825,710534,3789734
Oman,2064,956223,4480606,1650961,302367,653856,711069,3769537
Oman,2065,947638,4460845,1687063,300063,647575,708568,3752277
Oman,2066,940186,4445077,1716155,298556,641630,713561,3731516
Oman,2067,932338,4430163,1742943,297368,634970,716328,3713835
Oman,2068,924827,4414295,1768594,296461,628366,715693,3698602
Oman,2069,917987,4395465,1794847,295801,622186,711387,3684078
Oman,2070,911730,4372511,1823038,295369,616361,704028,3668483
Oman,2071,907500,4349986,1847227,295932,611568,703649,3646337
Oman,2072,903357,4324878,1872414,296445,606912,701210,3623668
Oman,2073,899902,4296267,1898957,296924,602978,695786,3600481
Oman,2074,897267,4263688,1927231,297379,599888,687356,3576332
Oman,2075,895173,4227040,1957663,297814,597359,676668,3550372
Oman,2076,894909,4191524,1983818,298859,596050,673265,3518259
Oman,2077,894626,4153828,2010902,299654,594972,668710,3485118
Oman,2078,894696,4113699,2038819,300191,594505,662139,3451560
Oman,2079,895054,4071680,2067108,300427,594627,653532,3418148
Oman,2080,895310,4028474,2095491,300318,594992,643575,3384899
Oman,2081,896440,3989040,2118079,300298,596142,641108,3347932
Oman,2082,896996,3950488,2139272,299956,597040,638362,3312126
Oman,2083,897330,3912811,2158771,299304,598026,634435,3278376
Oman,2084,897390,3876216,2176479,298323,599067,629071,3247145
Oman,2085,896761,3840724,2192829,296945,599816,622671,3218053
Oman,2086,896273,3811558,2201840,295403,600870,623437,3188121
Oman,2087,894922,3785577,2207708,293820,601102,624126,3161451
Oman,2088,892948,3761656,2211435,292128,600820,623690,3137966
Oman,2089,890363,3738875,2214036,290258,600105,621686,3117189
Oman,2090,886961,3716746,2216319,288144,598817,618381,3098365
Oman,2091,883898,3701037,2211425,286136,597762,621421,3079616
Oman,2092,879998,3687498,2204843,284290,595708,623959,3063539
Oman,2093,875570,3674769,2197644,282524,593046,624964,3049805
Oman,2094,870736,3661692,2190916,280751,589985,623993,3037699
Oman,2095,865395,3647670,2185384,278877,586518,621272,3026398
Oman,2096,861150,3638686,2173500,277568,583582,623903,3014783
Oman,2097,856297,3629576,2162201,276338,579959,625476,3004100
Oman,2098,851252,3619486,2151991,275160,576092,625153,2994333
Oman,2099,846328,3607936,2143116,274110,572218,622666,2985270
Oman,2100,841689,3594745,2135682,273360,568329,618341,2976404
Pakistan,1950,15142423,20306429,2093524,5778603,9363820,7009759,13296670
Pakistan,1951,15262601,20639032,2073648,5731513,9531088,7125974,13513058
Pakistan,1952,15372305,21056238,2055348,5665984,9706321,7269352,13786886
Pakistan,1953,15506368,21522660,2034846,5646677,9859691,7428705,14093955
Pakistan,1954,15680679,22021291,2009673,5711695,9968984,7600372,14420919
Pakistan,1955,15892744,22552090,1979462,5867432,10025312,7786401,14765689
Pakistan,1956,16159908,23061055,1978733,6039924,10119984,7969396,15091659
Pakistan,1957,16473796,23590260,1972337,6284670,10189126,8161232,15429028
Pakistan,1958,16819519,24151004,1963070,6570514,10249005,8360918,15790086
Pakistan,1959,17189483,24748377,1953122,6869281,10320202,8563281,16185096
Pakistan,1960,17587292,25377853,1943148,7171865,10415427,8763024,16614829
Pakistan,1961,18152819,25878820,1953253,7578306,10574513,8907425,16971395
Pakistan,1962,18701027,26452881,1965453,7874190,10826837,9067895,17384986
Pakistan,1963,19262090,27068067,1979158,8098169,11163921,9228334,17839733
Pakistan,1964,19873674,27684730,1993500,8310661,11563013,9367873,18316857
Pakistan,1965,20549042,28287713,2008466,8561033,11988009,9479727,18807986
Pakistan,1966,21309187,28834048,2047860,8820957,12488230,9551058,19282990
Pakistan,1967,22121706,29381408,2087815,9088168,13033538,9602019,19779389
Pakistan,1968,22967457,29946489,2128451,9367050,13600407,9655640,20290849
Pakistan,1969,23809911,30562549,2169974,9646067,14163844,9748740,20813809
Pakistan,1970,24628439,31249766,2212554,9921212,14707227,9905843,21343923
Pakistan,1971,25479240,31936126,2271774,10207007,15272233,10104142,21831984
Pakistan,1972,26301805,32704834,2331622,10468904,15832901,10365318,22339516
Pakistan,1973,27110804,33554612,2394065,10722854,16387950,10690176,22864436
Pakistan,1974,27933086,34476843,2460904,10995480,16937606,11075840,23401003
Pakistan,1975,28787006,35467709,2533186,11309460,17477546,11520395,23947314
Pakistan,1976,29676506,36519504,2617210,11638170,18038336,12050437,24469067
Pakistan,1977,30586300,37654863,2705068,11989642,18596658,12638039,25016824
Pakistan,1978,31524364,38873035,2797538,12368773,19155591,13263128,25609907
Pakistan,1979,32496499,40176168,2895015,12776392,19720107,13899538,26276630
Pakistan,1980,33508121,41562353,2997670,13217003,20291118,14529687,27032666
Pakistan,1981,34619235,42972379,3105331,13701516,20917719,15179549,27792830
Pakistan,1982,35743309,44485922,3216632,14168458,21574851,15827175,28658747
Pakistan,1983,36889940,46075998,3331702,14632064,22257876,16460745,29615253
Pakistan,1984,38071158,47707978,3449813,15116935,22954223,17071150,30636828
Pakistan,1985,39289811,49359189,3570488,15642155,23647656,17653197,31705992
Pakistan,1986,40697856,50868742,3697862,16239890,24457966,18163351,32705391
Pakistan,1987,42146259,52388304,3822910,16855460,25290799,18654207,33734097
Pakistan,1988,43600341,53927266,3947228,17460730,26139611,19136343,34790923
Pakistan,1989,45002142,55513335,4073013,18001734,27000408,19630571,35882764
Pakistan,1990,46311440,57165414,4201760,18447015,27864425,20152480,37012934
Pakistan,1991,47758017,58636237,4336166,18961337,28796680,20604014,38032223
Pakistan,1992,49049719,60224752,4472664,19244166,29805553,21110563,39114189
Pakistan,1993,50225470,61912685,4611405,19364956,30860514,21671945,40240740
Pakistan,1994,51348026,63670031,4751499,19437602,31910424,22283450,41386581
Pakistan,1995,52445139,65490636,4893373,19550139,32895000,22948046,42542590
Pakistan,1996,53479142,67411992,5047205,19595423,33883719,23677343,43734649
Pakistan,1997,54509216,69379983,5197788,19730195,34779021,24441540,44938443
Pakistan,1998,55480392,71424674,5348198,19920395,35559997,25252201,46172473
Pakistan,1999,56302981,73600068,5502535,20079894,36223087,26129091,47470977
Pakistan,2000,56931169,75928956,5663160,20152553,36778616,27079155,48849801
Pakistan,2001,57532599,78236343,5832495,20265380,37267219,28039503,50196840
Pakistan,2002,57916923,80733297,6003923,20217527,37699396,29071548,51661749
Pakistan,2003,58160934,83363189,6179278,20086992,38073942,30138088,53225101
Pakistan,2004,58400851,86020520,6358929,20020725,38380126,31176004,54844516
Pakistan,2005,58724214,88642090,6543363,20125022,38599192,32144811,56497279
Pakistan,2006,59106383,91234265,6753345,20257933,38848450,33035108,58199157
Pakistan,2007,59659261,93717750,6955963,20661062,38998199,33826343,59891407
Pakistan,2008,60330973,96161130,7152500,21253980,39076993,34534634,61626496
Pakistan,2009,61028564,98676215,7344801,21889149,39139415,35187088,63489127
Pakistan,2010,61714321,101312107,7533754,22472601,39241720,35795041,65517066
Pakistan,2011,62671883,103780092,7732290,23272258,39399625,36264752,67515340
Pakistan,2012,63548597,106430122,7932814,23818566,39730031,36710633,69719489
Pakistan,2013,64403990,109177909,8130696,24171491,40232499,37111718,72066191
Pakistan,2014,65320812,111907431,8318014,24440927,40879885,37440199,74467232
Pakistan,2015,66319821,114567162,8493530,24712071,41607750,37692135,76875027
Pakistan,2016,67409321,117113479,8680676,24962651,42446670,37857511,79255968
Pakistan,2017,68518400,119641808,8855747,25122502,43395898,37967852,81673956
Pakistan,2018,69615344,122164708,9033766,25224011,44391333,38061574,84103134
Pakistan,2019,70634420,124725838,9236184,25281623,45352797,38198081,86527757
Pakistan,2020,71531529,127354229,9476576,25308919,46222610,38418803,88935426
Pakistan,2021,72310141,130020483,9776371,25247130,47063011,38725950,91294533
Pakistan,2022,72995829,132727948,10100378,25223910,47771919,39097326,93630622
Pakistan,2023,73561994,135498315,10449007,25219981,48342013,39560053,95938262
Pakistan,2024,73990461,138346888,10820854,25206341,48784120,40143474,98203414
Pakistan,2025,74279630,141272592,11215730,25162577,49117053,40858137,100414455
Pakistan,2026,74539155,144145248,11651579,25143947,49395208,41679530,102465718
Pakistan,2027,74658509,147103285,12101020,25085706,49572803,42627109,104476176
Pakistan,2028,74666211,150123947,12562731,25002443,49663768,43639591,106484356
Pakistan,2029,74613585,153166531,13032852,24925832,49687753,44620230,108546301
Pakistan,2030,74536348,156201810,13510213,24881814,49654534,45504414,110697396
Pakistan,2031,74521163,159124480,14013565,24893994,49627169,46289324,112835156
Pakistan,2032,74490066,162040205,14514739,24915174,49574892,46971454,115068751
Pakistan,2033,74451923,164941602,15016253,24949945,49501978,47548015,117393587
Pakistan,2034,74410207,167828277,15519831,24998211,49411996,48025418,119802859
Pakistan,2035,74371246,170693723,16028469,25065104,49306142,48408471,122285252
Pakistan,2036,74457588,173405613,16552227,25209119,49248469,48684908,124720705
Pakistan,2037,74546198,176103853,17071471,25326829,49219369,48856613,127247240
Pakistan,2038,74643021,178768160,17596204,25424813,49218208,48942387,129825773
Pakistan,2039,74750170,181378448,18138357,25510423,49239747,48971342,132407106
Pakistan,2040,74865413,183921602,18707575,25592900,49272513,48965774,134955828
Pakistan,2041,75098967,186278183,19310308,25726566,49372401,48929653,137348530
Pakistan,2042,75318034,188595368,19928881,25802892,49515142,48868587,139726781
Pakistan,2043,75521792,190860947,20569167,25835006,49686786,48792994,142067953
Pakistan,2044,75703422,193067819,21236700,25836722,49866700,48714171,144353648
Pakistan,2045,75853013,195212354,21937897,25820436,50032577,48642597,146569757
Pakistan,2046,76045359,197202359,22686302,25807589,50237770,48595135,148607224
Pakistan,2047,76192914,199157510,23447050,25758051,50434863,48562282,150595228
Pakistan,2048,76287808,201065181,24236127,25678604,50609204,48552423,152512758
Pakistan,2049,76319883,202910284,25074405,25574196,50745687,48573953,154336331
Pakistan,2050,76282126,204683895,25974422,25449682,50832444,48631801,156052094
Pakistan,2051,76244646,206297737,26951695,25321076,50923570,48741730,157556007
Pakistan,2052,76138191,207865126,27961170,25175729,50962462,48884768,158980358
Pakistan,2053,75962644,209398524,28991180,25017516,50945128,49053966,160344558
Pakistan,2054,75723506,210913986,30022051,24851961,50871545,49235781,161678205
Pakistan,2055,75427245,212416897,31043510,24684193,50743052,49419345,162997552
Pakistan,2056,75149811,213808397,32078565,24535220,50614591,49619462,164188935
Pakistan,2057,74824341,215205283,33077206,24386622,50437719,49814292,165390991
Pakistan,2058,74455306,216595470,34048486,24239447,50215859,49993702,166601768
Pakistan,2059,74051216,217962299,35002419,24095376,49955840,50142932,167819367
Pakistan,2060,73621182,219292239,35945159,23957850,49663332,50251316,169040923
Pakistan,2061,73259276,220478707,36890093,23865919,49393357,50333539,170145168
Pakistan,2062,72875580,221646081,37803784,23763932,49111648,50369426,171276655
Pakistan,2063,72477721,222798291,38676703,23656185,48821536,50358290,172440001
Pakistan,2064,72073909,223949427,39488878,23548135,48525774,50300352,173649075
Pakistan,2065,71669822,225101875,40234162,23446165,48223657,50196834,174905041
Pakistan,2066,71349960,226129085,40955704,23387702,47962258,50062212,176066873
Pakistan,2067,71025707,227178481,41595314,23309211,47716496,49881814,177296667
Pakistan,2068,70701058,228203211,42196602,23217581,47483477,49663477,178539734
Pakistan,2069,70377653,229144356,42817412,23120399,47257254,49418031,179726325
Pakistan,2070,70055022,229965189,43495385,23024953,47030069,49154280,180810909
Pakistan,2071,69794896,230546539,44288851,22953744,46841152,48887813,181658726
Pakistan,2072,69532249,231047683,45103895,22868765,46663484,48605692,182441991
Pakistan,2073,69264120,231463022,45948262,22772701,46491419,48316338,183146684
Pakistan,2074,68984286,231791979,46827487,22666347,46317939,48029405,183762574
Pakistan,2075,68687752,232033686,47746616,22551518,46136234,47751857,184281829
Pakistan,2076,68427600,232047179,48793693,22449559,45978041,47495680,184551499
Pakistan,2077,68146141,232010089,49849661,22328223,45817918,47251728,184758361
Pakistan,2078,67843484,231931410,50906276,22192348,45651136,47021058,184910352
Pakistan,2079,67521130,231827552,51946794,22048341,45472789,46802294,185025258
Pakistan,2080,67179274,231708006,52962610,21901372,45277902,46594407,185113599
Pakistan,2081,66852285,231433490,54059340,21759325,45092960,46407213,185026277
Pakistan,2082,66508273,231176030,55097503,21614810,44893463,46230207,184945823
Pakistan,2083,66145195,230931314,56084545,21468373,44676822,46061660,184869654
Pakistan,2084,65761242,230695976,57026805,21319395,44441847,45897599,184798377
Pakistan,2085,65356477,230465023,57930329,21168246,44188231,45734541,184730482
Pakistan,2086,64973073,230103470,58889270,21031205,43941868,45579504,184523966
Pakistan,2087,64572444,229778348,59776163,20889280,43683164,45422732,184355616
Pakistan,2088,64157185,229475999,60602458,20744993,43412192,45261515,184214484
Pakistan,2089,63732734,229182128,61377196,20602780,43129954,45091463,184090665
Pakistan,2090,63303381,228884286,62109157,20466662,42836719,44909354,183974932
Pakistan,2091,62910185,228469887,62871161,20350603,42559582,44725936,183743951
Pakistan,2092,62516535,228079334,63561300,20236398,42280137,44528365,183550969
Pakistan,2093,62123305,227695477,64198155,20124653,41998652,44316925,183378552
Pakistan,2094,61730940,227300567,64801496,20015383,41715557,44091695,183208872
Pakistan,2095,61339897,226880361,65387591,19909104,41430793,43852921,183027440
Pakistan,2096,60993906,226320804,66029144,19826149,41167757,43609473,182711331
Pakistan,2097,60649423,225769536,66624346,19735155,40914268,43352967,182416569
Pakistan,2098,60306934,225209809,67191562,19637354,40669580,43086308,182123501
Pakistan,2099,59968185,224623583,67749121,19536471,40431714,42812751,181810832
Pakistan,2100,59635441,223996800,68310690,19438417,40197024,42534677,181462123
Palestine,1950,423674,463496,44758,171836,251838,164010,299486
Palestine,1951,420899,458793,44055,169422,251477,165145,293648
Palestine,1952,424096,463841,43970,168039,256057,169886,293955
Palestine,1953,431901,472906,43975,169371,262530,176117,296789
Palestine,1954,441974,482851,43823,172846,269128,182514,300337
Palestine,1955,452027,492320,43413,177361,274666,188446,303874
Palestine,1956,460075,500353,43886,179856,280219,193463,306890
Palestine,1957,467576,506869,44046,183185,284391,197574,309295
Palestine,1958,474843,513326,43928,187129,287714,201345,311981
Palestine,1959,483222,521340,43549,192386,290836,205464,315876
Palestine,1960,494492,531896,42928,200124,294368,210384,321512
Palestine,1961,509997,543638,43176,210278,299719,215485,328153
Palestine,1962,528177,557348,43183,222140,306037,221189,336159
Palestine,1963,546406,570387,42791,234097,312309,226418,343969
Palestine,1964,560416,579762,41875,242985,317431,229927,349835
Palestine,1965,566811,584168,40405,246033,320778,231203,352965
Palestine,1966,568929,576355,39403,249402,319527,227304,349051
Palestine,1967,563374,563882,37798,245963,317411,221542,342340
Palestine,1968,554644,550527,35877,238536,316108,215404,335123
Palestine,1969,550137,540677,33938,232721,317416,210554,330123
Palestine,1970,555808,536750,32091,233967,321841,207918,328832
Palestine,1971,568297,543784,32012,234927,333370,209264,334520
Palestine,1972,589006,558725,32319,239573,349433,213452,345273
Palestine,1973,615462,578667,32797,247766,367696,219713,358954
Palestine,1974,642599,600355,33173,257312,385287,227385,372970
Palestine,1975,666349,621773,33299,265853,400496,236083,385690
Palestine,1976,686450,641137,33759,272926,413524,244987,396150
Palestine,1977,704066,659973,33978,279940,424126,254677,405296
Palestine,1978,719890,679173,34037,286645,433245,265232,413941
Palestine,1979,735546,699838,34052,293285,442261,276692,423146
Palestine,1980,752469,722634,34080,300422,452047,289050,433584
Palestine,1981,771879,746246,34662,308969,462910,301800,444446
Palestine,1982,791538,772809,35298,315921,475617,315820,456989
Palestine,1983,812183,801524,35991,322376,489807,330432,471092
Palestine,1984,834672,831257,36727,329869,504803,344675,486582
Palestine,1985,859507,861448,37522,339559,519948,358015,503433
Palestine,1986,885185,893017,38834,348851,536334,370909,522108
Palestine,1987,913640,925082,40218,360797,552843,382837,542245
Palestine,1988,945247,958763,41668,375381,569866,394568,564195
Palestine,1989,980526,995508,43193,392501,588025,407198,588310
Palestine,1990,1020177,1035924,44782,412280,607897,421302,614622
Palestine,1991,1064324,1079432,46643,433816,630508,436761,642671
Palestine,1992,1111733,1126654,48598,456240,655493,453642,673012
Palestine,1993,1162354,1177526,50719,479038,683316,471905,705621
Palestine,1994,1215903,1232058,53117,501347,714556,491470,740588
Palestine,1995,1271757,1290086,55859,522616,749141,512237,777849
Palestine,1996,1332526,1350182,58870,545313,787213,533977,816205
Palestine,1997,1393173,1415727,62247,562832,830341,557794,857933
Palestine,1998,1450963,1483035,65864,575383,875580,582243,900792
Palestine,1999,1501663,1547861,69552,582831,918832,605691,942170
Palestine,2000,1541452,1608307,73250,584514,956938,627467,980840
Palestine,2001,1569993,1661862,76895,581562,988431,646822,1015040
Palestine,2002,1590177,1708629,80243,578268,1011909,663350,1045279
Palestine,2003,1604079,1753297,83423,575113,1028966,679367,1073930
Palestine,2004,1615688,1801759,86594,573588,1042100,697897,1103862
Palestine,2005,1628947,1857359,89864,575401,1053546,720597,1136762
Palestine,2006,1643465,1922190,93708,578011,1065454,748318,1173872
Palestine,2007,1660766,1993476,97624,586105,1074661,779561,1213915
Palestine,2008,1680482,2070104,101724,598470,1082012,813102,1257002
Palestine,2009,1701807,2150029,106148,612955,1088852,846937,1303092
Palestine,2010,1724316,2231565,110948,627864,1096452,879535,1352030
Palestine,2011,1751294,2311552,116029,646158,1105136,910050,1401502
Palestine,2012,1778257,2395166,121537,660988,1117269,940230,1454936
Palestine,2013,1806410,2480937,127297,673494,1132916,968675,1512262
Palestine,2014,1837248,2567130,133047,685624,1151624,993602,1573528
Palestine,2015,1871294,2652924,138666,698902,1172392,1014109,1638815
Palestine,2016,1908074,2738408,144223,712239,1195835,1030832,1707576
Palestine,2017,1947300,2823681,149743,725392,1221908,1043248,1780433
Palestine,2018,1988164,2909276,155336,738409,1249755,1052894,1856382
Palestine,2019,2029068,2996575,161147,750768,1278300,1062328,1934247
Palestine,2020,2068945,3086389,167295,762149,1306796,1073279,2013110
Palestine,2021,2108472,3177985,173700,772591,1335881,1085883,2092102
Palestine,2022,2146665,3272125,180349,782124,1364541,1099883,2172242
Palestine,2023,2183265,3368493,187567,790794,1392471,1115761,2252732
Palestine,2024,2218214,3466442,195792,798782,1419432,1133939,2332503
Palestine,2025,2251403,3565578,205289,806152,1445251,1154639,2410939
Palestine,2026,2283113,3665624,215905,812569,1470544,1178383,2487241
Palestine,2027,2312939,3766961,227618,818887,1494052,1204821,2562140
Palestine,2028,2340781,3869750,240329,825043,1515738,1233196,2636554
Palestine,2029,2366685,3974176,253840,830949,1535736,1262267,2711909
Palestine,2030,2390767,4080233,268073,836535,1554232,1291129,2789104
Palestine,2031,2414151,4187032,282721,842081,1572070,1320190,2866842
Palestine,2032,2435899,4295258,297993,847613,1588286,1348860,2946398
Palestine,2033,2456185,4404752,313887,853118,1603067,1376855,3027897
Palestine,2034,2475341,4515255,330400,858647,1616694,1403888,3111367
Palestine,2035,2493662,4626486,347530,864256,1629406,1429715,3196771
Palestine,2036,2512733,4737544,364591,870550,1642183,1454650,3282894
Palestine,2037,2531090,4849343,382066,876745,1654345,1478090,3371253
Palestine,2038,2548898,4961440,400248,882878,1666020,1499979,3461461
Palestine,2039,2566330,5073324,419468,888998,1677332,1520312,3553012
Palestine,2040,2583522,5184600,439952,895182,1688340,1539101,3645499
Palestine,2041,2602323,5294528,460579,902205,1700118,1556914,3737614
Palestine,2042,2620831,5403934,482335,908843,1711988,1573173,3830761
Palestine,2043,2639079,5512762,505155,915144,1723935,1588068,3924694
Palestine,2044,2657017,5621158,528842,921138,1735879,1601902,4019256
Palestine,2045,2674567,5729116,553363,926872,1747695,1614909,4114207
Palestine,2046,2693599,5836140,577265,933115,1760484,1627862,4208278
Palestine,2047,2712012,5942859,601943,938644,1773368,1640119,4302740
Palestine,2048,2729751,6048797,627807,943547,1786204,1651849,4396948
Palestine,2049,2746709,6153441,655374,947925,1798784,1663268,4490173
Palestine,2050,2762755,6256424,685026,951852,1810903,1674538,4581886
Palestine,2051,2779553,6357972,714790,955818,1823735,1686617,4671355
Palestine,2052,2795274,6458357,746121,959232,1836042,1698642,4759715
Palestine,2053,2809778,6556955,779657,962103,1847675,1710660,4846295
Palestine,2054,2822881,6652966,816218,964395,1858486,1722695,4930271
Palestine,2055,2834448,6745924,856264,966080,1868368,1734751,5011173
Palestine,2056,2846275,6836383,897373,967714,1878561,1747813,5088570
Palestine,2057,2856487,6924356,941318,968776,1887711,1760897,5163459
Palestine,2058,2865119,7010381,987515,969357,1895762,1773900,5236481
Palestine,2059,2872290,7095259,1035025,969611,1902679,1786628,5308631
Palestine,2060,2878095,7179434,1083274,969642,1908453,1798930,5380504
Palestine,2061,2884295,7263958,1129422,969796,1914499,1811917,5452041
Palestine,2062,2889338,7347883,1175886,970031,1919307,1824376,5523507
Palestine,2063,2893150,7431343,1222538,970220,1922930,1836188,5595155
Palestine,2064,2895633,7514643,1269090,970157,1925476,1847206,5667437
Palestine,2065,2896801,7597800,1315454,969713,1927088,1857294,5740506
Palestine,2066,2899289,7682071,1357693,969988,1929301,1867588,5814483
Palestine,2067,2900452,7766697,1399146,969645,1930807,1876923,5889774
Palestine,2068,2900492,7850559,1440747,968825,1931667,1885215,5965344
Palestine,2069,2899702,7932135,1483708,967785,1931917,1892352,6039783
Palestine,2070,2898243,8010395,1528880,966717,1931526,1898273,6112122
Palestine,2071,2898360,8087787,1571557,966239,1932121,1904366,6183421
Palestine,2072,2897936,8162396,1615717,965701,1932235,1909261,6253135
Palestine,2073,2896883,8233902,1661700,965046,1931837,1913046,6320856
Palestine,2074,2895010,8302110,1709823,964119,1930891,1915868,6386242
Palestine,2075,2892193,8366765,1760407,962827,1929366,1917818,6448947
Palestine,2076,2891180,8430437,1808102,962249,1928931,1920308,6510129
Palestine,2077,2889219,8491235,1857524,961076,1928143,1922030,6569205
Palestine,2078,2886368,8548829,1908932,959400,1926968,1923037,6625792
Palestine,2079,2882709,8602934,1962498,957368,1925341,1923392,6679542
Palestine,2080,2878261,8653350,2018400,955091,1923170,1923146,6730204
Palestine,2081,2875312,8703428,2070968,953241,1922071,1923817,6779611
Palestine,2082,2871630,8750751,2124826,951122,1920508,1924025,6826726
Palestine,2083,2867146,8795209,2180157,948746,1918400,1923770,6871439
Palestine,2084,2861747,8836824,2237067,946098,1915649,1923043,6913781
Palestine,2085,2855350,8875491,2295749,943164,1912186,1921807,6953684
Palestine,2086,2850315,8914827,2350208,940672,1909643,1921567,6993260
Palestine,2087,2844508,8952308,2405068,938015,1906493,1920944,7031364
Palestine,2088,2837852,8987687,2460636,935142,1902710,1919922,7067765
Palestine,2089,2830233,9020613,2517349,931967,1898266,1918429,7102184
Palestine,2090,2821524,9050632,2575755,928410,1893114,1916375,7134257
Palestine,2091,2814518,9082308,2628459,925491,1889027,1915389,7166919
Palestine,2092,2806609,9112473,2681236,922161,1884448,1914014,7198459
Palestine,2093,2797774,9140447,2734773,918474,1879300,1912108,7228339
Palestine,2094,2788035,9165571,2789695,914527,1873508,1909510,7256061
Palestine,2095,2777408,9187284,2846550,910422,1866986,1906092,7281192
Palestine,2096,2768739,9212073,2895974,906950,1861789,1903839,7308234
Palestine,2097,2759535,9234722,2945652,903517,1856018,1900910,7333812
Palestine,2098,2749771,9254573,2996255,900164,1849607,1897250,7357323
Palestine,2099,2739331,9271021,3048479,896816,1842515,1892850,7378171
Palestine,2100,2728052,9283561,3102935,893303,1834749,1887675,7395886
Panama,1950,363543,465460,30656,143237,220306,160860,304600
Panama,1951,374345,475375,31624,147789,226556,164592,310783
Panama,1952,385681,486139,32566,152504,233177,168724,317415
Panama,1953,397543,497687,33482,157460,240083,173235,324452
Panama,1954,409938,509964,34366,162741,247197,178088,331876
Panama,1955,422856,522943,35233,168429,254427,183272,339671
Panama,1956,436890,535693,36397,174676,262214,188268,347425
Panama,1957,451249,549328,37550,180692,270557,193653,355675
Panama,1958,465988,563792,38691,186591,279397,199388,364404
Panama,1959,481191,579044,39832,192538,288653,205424,373620
Panama,1960,496890,595054,40977,198747,298143,211741,383313
Panama,1961,513778,610841,42416,205476,308302,217836,393005
Panama,1962,530913,627592,43868,211806,319107,224281,403311
Panama,1963,548237,645254,45332,217851,330386,231084,414170
Panama,1964,565625,663817,46834,223709,341916,238285,425532
Panama,1965,582930,683323,48373,229507,353423,245940,437383
Panama,1966,600930,702766,50108,235534,365396,253571,449195
Panama,1967,618554,723367,51878,240882,377672,261702,461665
Panama,1968,635845,745129,53683,245772,390073,270356,474773
Panama,1969,652895,768052,55532,250529,402366,279578,488474
Panama,1970,669715,792158,57426,255431,414284,289401,502757
Panama,1971,686723,816866,59526,260397,426326,299421,517445
Panama,1972,703426,842766,61642,265287,438139,309979,532787
Panama,1973,719609,869841,63806,269993,449616,321016,548825
Panama,1974,734919,898149,66045,274230,460689,332475,565674
Panama,1975,749132,927690,68383,277867,471265,344299,583391
Panama,1976,763318,957144,70991,281765,481553,355772,601372
Panama,1977,776070,988130,73690,284225,491845,367657,620473
Panama,1978,787662,1020380,76473,285685,501977,379780,640600
Panama,1979,798525,1053534,79330,286830,511695,391891,661643
Panama,1980,808875,1087425,82278,288189,520686,403852,683573
Panama,1981,818537,1122073,85455,289127,529410,415559,706514
Panama,1982,827852,1157316,88676,290516,537336,426980,730336
Panama,1983,836707,1193275,91957,292326,544381,438170,755105
Panama,1984,844908,1230175,95326,294356,550552,449249,780926
Panama,1985,852427,1268060,98789,296480,555947,460251,807809
Panama,1986,859832,1306415,102327,298884,560948,470942,835473
Panama,1987,866846,1345570,105916,301539,565307,481422,864148
Panama,1988,873553,1385456,109609,304307,569246,491622,893834
Panama,1989,880074,1425967,113450,307010,573064,501438,924529
Panama,1990,886506,1467019,117484,309558,576948,510798,956221
Panama,1991,893684,1507957,121540,312636,581048,519597,988360
Panama,1992,900340,1549903,125775,314670,585670,528083,1021820
Panama,1993,906894,1592542,130208,316180,590714,536108,1056434
Panama,1994,913942,1635392,134849,318012,595930,543442,1091950
Panama,1995,921827,1678175,139728,320788,601039,549980,1128195
Panama,1996,930184,1721365,144795,323484,606700,556150,1165215
Panama,1997,939812,1764130,149999,327721,612091,561409,1202721
Panama,1998,950121,1806789,155418,332896,617225,566100,1240689
Panama,1999,960105,1849945,161147,337855,622250,570760,1279185
Panama,2000,969204,1893883,167260,341825,627379,575699,1318184
Panama,2001,979701,1936399,173584,346699,633002,580572,1355827
Panama,2002,988577,1980425,180263,349228,639349,585988,1394437
Panama,2003,996534,2025332,187308,350213,646321,591727,1433605
Panama,2004,1004708,2070134,194699,351089,653619,597393,1472741
Panama,2005,1013653,2114357,202455,352871,660782,602801,1511556
Panama,2006,1022483,2158860,210562,353937,668546,608564,1550296
Panama,2007,1032388,2202526,218893,356675,675713,614043,1588483
Panama,2008,1042762,2245955,227551,360627,682135,619488,1626467
Panama,2009,1052685,2290057,236643,364877,687808,625244,1664813
Panama,2010,1061767,2335182,246273,368806,692961,631448,1703734
Panama,2011,1072080,2379768,255934,373587,698493,638070,1741698
Panama,2012,1081494,2425439,266005,377695,703799,645115,1780324
Panama,2013,1090125,2471730,276607,381074,709051,652424,1819306
Panama,2014,1098232,2517900,287854,383776,714456,659719,1858181
Panama,2015,1105864,2563504,299881,385865,719999,666807,1896697
Panama,2016,1114856,2607394,311869,388361,726495,673932,1933462
Panama,2017,1122522,2651534,324531,389030,733492,681089,1970445
Panama,2018,1129148,2695508,337962,388513,740635,688080,2007428
Panama,2019,1135100,2738848,352249,387713,747387,694643,2044205
Panama,2020,1140524,2781288,367518,387261,753263,700612,2080676
Panama,2021,1145651,2823471,382823,386030,759621,706677,2116794
Panama,2022,1150813,2864367,398789,386152,764661,711983,2152384
Panama,2023,1155451,2904332,415573,387168,768283,716931,2187401
Panama,2024,1158812,2943877,433379,388230,770582,722105,2221772
Panama,2025,1160624,2983087,452355,388754,771870,727774,2255313
Panama,2026,1163617,3020693,471016,390134,773483,734003,2286690
Panama,2027,1165070,3058204,490535,390677,774393,740754,2317450
Panama,2028,1165339,3095189,510967,390544,774795,747643,2347546
Panama,2029,1165079,3130907,532341,390178,774901,754008,2376899
Panama,2030,1164662,3164923,554726,389905,774757,759412,2405511
Panama,2031,1165667,3197364,576360,390172,775495,764324,2433040
Panama,2032,1166404,3228578,598594,390139,776265,768455,2460123
Panama,2033,1166859,3258463,621599,389917,776942,771773,2486690
Panama,2034,1166877,3287028,645583,389516,777361,774292,2512736
Panama,2035,1166347,3314245,670720,388969,777378,776021,2538224
Panama,2036,1166791,3340986,694645,388653,778138,777555,2563431
Panama,2037,1166798,3366765,719218,388168,778630,778298,2588467
Panama,2038,1166319,3391598,744446,387537,778782,778488,2613110
Panama,2039,1165326,3415536,770277,386793,778533,778486,2637050
Panama,2040,1163801,3438530,796751,385956,777845,778481,2660049
Panama,2041,1163294,3461842,821049,385413,777881,779169,2682673
Panama,2042,1162339,3484639,845443,384792,777547,779948,2704691
Panama,2043,1160883,3506776,870098,384066,776817,780720,2726056
Panama,2044,1158869,3528087,895187,383190,775679,781296,2746791
Panama,2045,1156282,3548374,920900,382142,774140,781516,2766858
Panama,2046,1154941,3569265,943758,381521,773420,782207,2787058
Panama,2047,1153038,3589745,966584,380591,772447,782701,2807044
Panama,2048,1150584,3609468,989654,379410,771174,782944,2826524
Panama,2049,1147623,3628026,1013310,378070,769553,782845,2845181
Panama,2050,1144162,3645047,1037897,376637,767525,782320,2862727
Panama,2051,1141919,3662736,1059471,375553,766366,782251,2880485
Panama,2052,1139293,3679500,1081231,374362,764931,781862,2897638
Panama,2053,1136227,3695207,1103344,373074,763153,781146,2914061
Panama,2054,1132650,3709765,1125988,371680,760970,780107,2929658
Panama,2055,1128507,3722950,1149425,370169,758338,778705,2944245
Panama,2056,1125684,3737402,1169157,369080,756604,777895,2959507
Panama,2057,1122479,3751262,1188730,367894,754585,776863,2974399
Panama,2058,1118862,3764066,1208676,366617,752245,775575,2988491
Panama,2059,1114811,3775190,1229673,365258,749553,773976,3001214
Panama,2060,1110300,3784095,1252317,363824,746476,771995,3012100
Panama,2061,1107277,3793939,1271521,362888,744389,770667,3023272
Panama,2062,1103995,3802516,1291251,361873,742122,769142,3033374
Panama,2063,1100390,3809673,1311731,360762,739628,767360,3042313
Panama,2064,1096372,3815387,1333088,359516,736856,765238,3050149
Panama,2065,1091872,3819467,1355586,358117,733755,762691,3056776
Panama,2066,1088927,3825347,1373768,357226,731701,760796,3064551
Panama,2067,1085664,3830661,1391895,356105,729559,758688,3071973
Panama,2068,1082051,3834946,1410496,354796,727255,756337,3078609
Panama,2069,1078058,3837575,1430235,353362,724696,753695,3083880
Panama,2070,1073619,3837992,1451773,351842,721777,750691,3087301
Panama,2071,1070628,3840356,1469066,350727,719901,748490,3091866
Panama,2072,1067463,3841761,1486665,349608,717855,746145,3095616
Panama,2073,1063987,3841717,1505200,348442,715545,743608,3098109
Panama,2074,1060057,3839744,1525330,347160,712897,740846,3098898
Panama,2075,1055566,3835399,1547606,345713,709853,737802,3097597
Panama,2076,1052633,3833226,1565388,344767,707866,735676,3097550
Panama,2077,1049378,3829889,1583885,343680,705698,733487,3096402
Panama,2078,1045733,3825193,1603392,342446,703287,731147,3094046
Panama,2079,1041646,3819021,1624057,341074,700572,728562,3090459
Panama,2080,1037069,3811181,1646118,339569,697500,725635,3085546
Panama,2081,1034058,3806554,1662665,338550,695508,723610,3082944
Panama,2082,1030786,3801485,1679172,337421,693365,721459,3080026
Panama,2083,1027176,3795545,1696162,336178,690998,719116,3076429
Panama,2084,1023136,3788183,1714278,334812,688324,716496,3071687
Panama,2085,1018571,3778864,1734154,333310,685261,713506,3065358
Panama,2086,1015577,3772927,1748366,332292,683285,711428,3061499
Panama,2087,1012339,3766359,1762743,331204,681135,709195,3057164
Panama,2088,1008745,3758655,1777913,330015,678730,706739,3051916
Panama,2089,1004695,3749383,1794416,328699,675996,704000,3045383
Panama,2090,1000118,3738158,1812716,327234,672884,700929,3037229
Panama,2091,997149,3730536,1825129,326282,670867,698820,3031716
Panama,2092,993921,3722242,1837798,325226,668695,696598,3025644
Panama,2093,990359,3712925,1851165,324056,666303,694192,3018733
Panama,2094,986387,3702137,1865762,322763,663624,691515,3010622
Panama,2095,981886,3689365,1882215,321318,660568,688453,3000912
Panama,2096,978999,3680509,1892491,320381,658618,686357,2994152
Panama,2097,975904,3671125,1902869,319362,656542,684137,2986988
Panama,2098,972463,3660677,1914020,318226,654237,681702,2978975
Panama,2099,968552,3648638,1926618,316941,651611,678963,2969675
Panama,2100,964062,3634561,1941210,315477,648585,675832,2958729
Papua New Guinea,1950,658339,946482,69215,256476,401863,322860,623622
Papua New Guinea,1951,675696,957815,68859,267234,408462,326838,630977
Papua New Guinea,1952,694101,969440,67689,279070,415031,330847,638593
Papua New Guinea,1953,712013,983108,65929,289661,422352,335472,647636
Papua New Guinea,1954,729265,999194,63681,298619,430646,340804,658390
Papua New Guinea,1955,746452,1017284,60976,306793,439659,346709,670575
Papua New Guinea,1956,768420,1030249,60216,318303,450117,350409,679840
Papua New Guinea,1957,788777,1046679,59222,325220,463557,355333,691346
Papua New Guinea,1958,808864,1065054,58068,329721,479143,361002,704052
Papua New Guinea,1959,829716,1084053,56925,334009,495707,367006,717047
Papua New Guinea,1960,851567,1103246,55864,339802,511765,373259,729987
Papua New Guinea,1961,874640,1120542,56765,345069,529571,378783,741759
Papua New Guinea,1962,898978,1138021,57688,351858,547120,384530,753491
Papua New Guinea,1963,923998,1156774,58531,360101,563897,391153,765621
Papua New Guinea,1964,948669,1178480,59191,369048,579621,399645,778835
Papua New Guinea,1965,972635,1203954,59617,378391,594244,410555,793399
Papua New Guinea,1966,998842,1228860,61407,389353,609489,422118,806742
Papua New Guinea,1967,1024060,1257870,63047,399078,624982,436035,821835
Papua New Guinea,1968,1048900,1290179,64516,408192,640708,451772,838407
Papua New Guinea,1969,1074309,1324450,65789,417730,656579,468464,855986
Papua New Guinea,1970,1100779,1359960,66847,428567,672212,485584,874376
Papua New Guinea,1971,1130118,1393442,69068,440963,689155,501801,891641
Papua New Guinea,1972,1160118,1428642,71091,453026,707092,518652,909990
Papua New Guinea,1973,1190982,1465670,72928,465162,725820,535815,929855
Papua New Guinea,1974,1222784,1504858,74601,477721,745063,552934,951924
Papua New Guinea,1975,1255601,1546428,76127,491190,764411,569839,976589
Papua New Guinea,1976,1291496,1586867,78976,506254,785242,585079,1001788
Papua New Guinea,1977,1327919,1630020,81721,520394,807525,600178,1029842
Papua New Guinea,1978,1364979,1675700,84355,533992,830987,615415,1060285
Papua New Guinea,1979,1402694,1723762,86904,547457,855237,631305,1092457
Papua New Guinea,1980,1440926,1774167,89380,561232,879694,648230,1125937
Papua New Guinea,1981,1481708,1823758,93003,575956,905752,665087,1158671
Papua New Guinea,1982,1522347,1876293,96559,589311,933036,683107,1193186
Papua New Guinea,1983,1562477,1931480,100047,601519,960958,702171,1229309
Papua New Guinea,1984,1601388,1989184,103469,612601,988787,722184,1267000
Papua New Guinea,1985,1638493,2049385,106842,622759,1015734,743151,1306234
Papua New Guinea,1986,1676671,2108163,111018,633309,1043362,764323,1343840
Papua New Guinea,1987,1712333,2170282,115087,641348,1070985,786718,1383564
Papua New Guinea,1988,1746170,2235523,119036,648114,1098056,810223,1425300
Papua New Guinea,1989,1779275,2303518,122861,655396,1123879,834693,1468825
Papua New Guinea,1990,1812373,2374107,126579,664581,1147792,860061,1514046
Papua New Guinea,1991,1845999,2445461,131547,673803,1172196,886153,1559308
Papua New Guinea,1992,1880492,2518728,136300,686064,1194428,912748,1605980
Papua New Guinea,1993,1915781,2594510,140878,700993,1214788,939848,1654662
Papua New Guinea,1994,1951831,2673437,145338,717914,1233917,967414,1706023
Papua New Guinea,1995,1988978,2755572,149726,736465,1252513,995285,1760287
Papua New Guinea,1996,2031420,2835764,155253,758765,1272655,1022300,1813464
Papua New Guinea,1997,2075147,2919156,160607,781315,1293832,1049623,1869533
Papua New Guinea,1998,2120215,3005151,165812,803626,1316589,1076672,1928479
Papua New Guinea,1999,2166465,3093088,170926,824967,1341498,1102715,1990373
Papua New Guinea,2000,2213557,3182667,175998,845051,1368506,1127391,2055276
Papua New Guinea,2001,2266494,3267358,182300,868027,1398467,1149309,2118049
Papua New Guinea,2002,2317812,3355904,188600,884692,1433120,1170803,2185101
Papua New Guinea,2003,2368498,3447410,194816,897125,1471373,1191811,2255599
Papua New Guinea,2004,2419688,3540965,200864,908389,1511299,1212456,2328509
Papua New Guinea,2005,2471579,3636387,206743,920787,1550792,1233091,2403296
Papua New Guinea,2006,2522976,3733034,214262,931002,1591974,1254405,2478629
Papua New Guinea,2007,2575495,3830859,221568,943775,1631720,1275394,2555465
Papua New Guinea,2008,2627373,3931062,228752,958125,1669248,1297301,2633761
Papua New Guinea,2009,2675902,4035630,235915,971774,1704128,1321995,2713635
Papua New Guinea,2010,2719639,4145419,243181,983166,1736473,1350503,2794916
Papua New Guinea,2011,2763384,4254209,251755,995303,1768081,1381930,2872279
Papua New Guinea,2012,2801772,4368802,260262,1004110,1797662,1417205,2951597
Papua New Guinea,2013,2835969,4487887,269009,1010588,1825381,1455237,3032650
Papua New Guinea,2014,2868245,4609145,278395,1016864,1851381,1494181,3114964
Papua New Guinea,2015,2899938,4731204,288683,1024514,1875424,1532821,3198383
Papua New Guinea,2016,2932675,4851119,301197,1032687,1899988,1571767,3279352
Papua New Guinea,2017,2965168,4971773,314221,1042546,1922622,1610312,3361461
Papua New Guinea,2018,2997049,5093693,327604,1053693,1943356,1647896,3445797
Papua New Guinea,2019,3027460,5217929,341136,1065045,1962415,1683932,3533997
Papua New Guinea,2020,3056098,5344820,354757,1075975,1980123,1717970,3626850
Papua New Guinea,2021,3088270,5467770,369733,1089401,1998869,1749618,3718152
Papua New Guinea,2022,3118441,5593743,384578,1100785,2017656,1779154,3814589
Papua New Guinea,2023,3147304,5721884,399399,1110688,2036616,1806671,3915213
Papua New Guinea,2024,3175851,5850962,414320,1120130,2055721,1832450,4018512
Papua New Guinea,2025,3204549,5980264,429501,1129953,2074596,1856767,4123497
Papua New Guinea,2026,3236837,6104844,446367,1141182,2095655,1880025,4224819
Papua New Guinea,2027,3268799,6230317,463147,1151487,2117312,1901983,4328334
Papua New Guinea,2028,3300336,6356582,479952,1161179,2139157,1922788,4433794
Papua New Guinea,2029,3331030,6483840,496911,1170410,2160620,1942701,4541139
Papua New Guinea,2030,3360591,6612108,514192,1179402,2181189,1961947,4650161
Papua New Guinea,2031,3392774,6735827,533522,1189303,2203471,1981181,4754646
Papua New Guinea,2032,3423690,6860922,552761,1198400,2225290,1999949,4860973
Papua New Guinea,2033,3453220,6987156,572116,1206799,2246421,2018560,4968596
Papua New Guinea,2034,3481242,7114242,591855,1214587,2266655,2037449,5076793
Papua New Guinea,2035,3507640,7241884,612220,1221895,2285745,2056876,5185008
Papua New Guinea,2036,3536456,7364114,635054,1230182,2306274,2077519,5286595
Papua New Guinea,2037,3563278,7487669,657925,1237239,2326039,2098889,5388780
Papua New Guinea,2038,3588215,7612212,681022,1243352,2344863,2120688,5491524
Papua New Guinea,2039,3611457,7737263,704559,1248901,2362556,2142412,5594851
Papua New Guinea,2040,3633095,7862453,728754,1254227,2378868,2163734,5698719
Papua New Guinea,2041,3656905,7981811,755745,1260414,2396491,2185566,5796245
Papua New Guinea,2042,3679017,8102019,782620,1265982,2413035,2207060,5894959
Papua New Guinea,2043,3699380,8222901,809497,1271010,2428370,2228111,5994790
Papua New Guinea,2044,3717885,8344317,836498,1275495,2442390,2248643,6095674
Papua New Guinea,2045,3734509,8466033,863788,1279518,2454991,2268578,6197455
Papua New Guinea,2046,3753542,8581180,893846,1284689,2468853,2288730,6292450
Papua New Guinea,2047,3770506,8697383,923502,1288725,2481781,2308271,6389112
Papua New Guinea,2048,3785630,8814568,952591,1291934,2493696,2327091,6487477
Papua New Guinea,2049,3799267,8932719,980798,1294781,2504486,2345064,6587655
Papua New Guinea,2050,3811638,9051634,1008131,1297653,2513985,2362105,6689529
Papua New Guinea,2051,3826506,9164393,1037684,1301583,2524923,2379298,6785095
Papua New Guinea,2052,3840167,9278300,1065801,1305230,2534937,2395556,6882744
Papua New Guinea,2053,3852544,9392830,1093003,1308596,2543948,2410869,6981961
Papua New Guinea,2054,3863473,9507464,1119885,1311565,2551908,2425261,7082203
Papua New Guinea,2055,3872898,9621652,1146972,1314132,2558766,2438735,7182917
Papua New Guinea,2056,3885329,9727507,1177588,1318120,2567209,2452338,7275169
Papua New Guinea,2057,3896048,9833996,1207427,1320922,2575126,2465128,7368868
Papua New Guinea,2058,3905244,9940121,1237247,1322795,2582449,2477080,7463041
Papua New Guinea,2059,3913167,10044582,1268019,1324116,2589051,2488149,7556433
Papua New Guinea,2060,3919915,10146531,1300445,1325210,2594705,2498332,7648199
Papua New Guinea,2061,3929287,10238244,1338369,1327284,2602003,2508868,7729376
Papua New Guinea,2062,3937321,10328746,1376694,1328595,2608726,2518634,7810112
Papua New Guinea,2063,3944004,10418168,1415257,1329303,2614701,2527672,7890496
Papua New Guinea,2064,3949259,10506936,1453696,1329538,2619721,2536057,7970879
Papua New Guinea,2065,3953035,10595102,1491979,1329447,2623588,2543829,8051273
Papua New Guinea,2066,3959040,10674214,1534826,1330212,2628828,2552200,8122014
Papua New Guinea,2067,3963574,10753825,1576302,1330382,2633192,2560027,8193798
Papua New Guinea,2068,3966585,10833566,1616745,1329992,2636593,2567334,8266232
Papua New Guinea,2069,3968001,10913004,1656536,1329044,2638957,2574140,8338864
Papua New Guinea,2070,3967776,10991738,1696042,1327584,2640192,2580447,8411291
Papua New Guinea,2071,3969759,11061051,1740057,1327056,2642703,2587428,8473623
Papua New Guinea,2072,3969947,11131102,1782436,1325516,2644431,2594017,8537085
Papua New Guinea,2073,3968477,11201585,1823300,1323200,2645277,2600087,8601498
Papua New Guinea,2074,3965570,11272277,1862659,1320455,2645115,2605450,8666827
Papua New Guinea,2075,3961352,11342823,1900732,1317562,2643790,2609978,8732845
Papua New Guinea,2076,3959025,11404810,1942692,1315371,2643654,2614982,8789828
Papua New Guinea,2077,3955530,11467803,1982047,1312963,2642567,2619187,8848616
Papua New Guinea,2078,3950784,11531254,2019452,1310321,2640463,2622616,8908638
Papua New Guinea,2079,3944651,11594624,2055619,1307333,2637318,2625317,8969307
Papua New Guinea,2080,3937088,11657349,2091195,1303968,2633120,2627295,9030054
Papua New Guinea,2081,3931605,11710197,2131923,1301583,2630022,2629600,9080597
Papua New Guinea,2082,3924701,11763816,2170660,1298446,2626255,2631256,9132560
Papua New Guinea,2083,3916517,11817527,2207918,1294719,2621798,2632194,9185333
Papua New Guinea,2084,3907253,11870623,2244174,1290637,2616616,2632322,9238301
Papua New Guinea,2085,3897022,11922493,2279910,1286408,2610614,2631581,9290912
Papua New Guinea,2086,3888743,11964173,2321185,1282966,2605777,2631086,9333087
Papua New Guinea,2087,3879544,12006056,2360505,1279115,2600429,2629822,9376234
Papua New Guinea,2088,3869443,12047701,2398351,1274958,2594485,2627814,9419887
Papua New Guinea,2089,3858440,12088740,2435181,1270584,2587856,2625075,9463665
Papua New Guinea,2090,3846550,12128740,2471469,1266089,2580461,2621619,9507121
Papua New Guinea,2091,3836452,12158470,2513803,1262331,2574121,2618431,9540039
Papua New Guinea,2092,3825604,12188677,2554007,1258307,2567297,2614623,9574054
Papua New Guinea,2093,3814010,12218831,2592597,1254054,2559956,2610233,9608598
Papua New Guinea,2094,3801657,12248420,2630096,1249601,2552056,2605310,9643110
Papua New Guinea,2095,3788523,12276941,2667064,1244967,2543556,2599872,9677069
Papua New Guinea,2096,3777272,12295197,2710028,1241150,2536122,2594831,9700366
Papua New Guinea,2097,3765284,12314112,2750716,1236867,2528417,2589417,9724695
Papua New Guinea,2098,3752521,12333191,2789726,1232129,2520392,2583607,9749584
Papua New Guinea,2099,3739011,12351928,2827578,1227035,2511976,2577322,9774606
Papua New Guinea,2100,3724835,12369806,2864802,1221791,2503044,2570505,9799301
Paraguay,1950,692504,738023,42726,269256,423248,281967,456056
Paraguay,1951,711270,756211,44286,279583,431687,284851,471360
Paraguay,1952,731345,773592,45820,291037,440308,287530,486062
Paraguay,1953,752063,791022,47412,301719,450344,290612,500410
Paraguay,1954,773429,808641,49116,310806,462623,294582,514059
Paraguay,1955,795708,826344,50957,318454,477254,299775,526569
Paraguay,1956,816890,846468,52750,326934,489956,306800,539668
Paraguay,1957,838542,867391,54645,333202,505340,315006,552385
Paraguay,1958,861428,888455,56636,338454,522974,323861,564594
Paraguay,1959,885870,909365,58704,343858,542012,332812,576553
Paraguay,1960,911590,930417,60868,350086,561504,341844,588573
Paraguay,1961,933101,957027,63200,354346,578755,352771,604256
Paraguay,1962,956785,983045,65507,361469,595316,362924,620121
Paraguay,1963,981935,1009147,67833,370574,611361,373017,636130
Paraguay,1964,1007360,1036472,70263,380147,627213,384230,652242
Paraguay,1965,1032304,1065713,72842,389073,643231,397425,668288
Paraguay,1966,1054545,1099417,75414,398630,655915,413411,686006
Paraguay,1967,1076529,1135012,78041,407447,669082,430633,704379
Paraguay,1968,1098349,1171829,80723,415203,683146,448543,723286
Paraguay,1969,1120010,1209092,83464,421614,698396,466341,742751
Paraguay,1970,1141172,1246650,86284,426572,714600,483769,762881
Paraguay,1971,1158948,1287108,89303,431220,727728,502029,785079
Paraguay,1972,1175355,1328987,92397,432760,742595,519830,809157
Paraguay,1973,1191695,1371822,95571,432970,758725,536969,834853
Paraguay,1974,1209786,1414944,98793,434686,775100,553161,861783
Paraguay,1975,1230642,1458253,102067,439876,790766,568506,889747
Paraguay,1976,1247316,1508320,105945,443070,804246,585975,922345
Paraguay,1977,1269127,1556572,109676,454113,815014,601034,955538
Paraguay,1978,1294893,1604524,113412,470828,824065,614783,989741
Paraguay,1979,1322689,1654449,117344,489609,833080,628900,1025549
Paraguay,1980,1351671,1707382,121577,507901,843770,644417,1062965
Paraguay,1981,1383806,1761765,125885,529831,853975,662790,1098975
Paraguay,1982,1415866,1820419,130434,548530,867336,682725,1137694
Paraguay,1983,1448961,1881642,135190,564548,884413,703005,1178637
Paraguay,1984,1484776,1942903,140073,579458,905318,721809,1221094
Paraguay,1985,1523748,2003017,145061,594519,929229,738331,1264686
Paraguay,1986,1565987,2061459,150317,610234,955753,753595,1307864
Paraguay,1987,1609495,2120354,155587,623456,986039,767485,1352869
Paraguay,1988,1653591,2179797,160943,634832,1018759,780528,1399269
Paraguay,1989,1696886,2240493,166532,644731,1052155,793676,1446817
Paraguay,1990,1738274,2303032,172436,653506,1084768,807726,1495306
Paraguay,1991,1778547,2365577,179286,660590,1117957,821825,1543752
Paraguay,1992,1816822,2429561,186353,667098,1149724,837014,1592547
Paraguay,1993,1852613,2495877,193412,673078,1179535,854387,1641490
Paraguay,1994,1885660,2565509,200056,678707,1206953,875128,1690381
Paraguay,1995,1915869,2638872,206109,684095,1231774,899711,1739161
Paraguay,1996,1944724,2713718,212252,689277,1255447,926892,1786826
Paraguay,1997,1971141,2791494,217709,695372,1275769,957490,1834004
Paraguay,1998,1994339,2872018,222953,701206,1293133,990621,1881397
Paraguay,1999,2013195,2955070,228672,704716,1308479,1024922,1930148
Paraguay,2000,2027011,3040396,235293,704548,1322463,1059322,1981074
Paraguay,2001,2040174,3123292,243158,705308,1334866,1090180,2033112
Paraguay,2002,2046417,3210236,251958,698691,1347726,1121774,2088462
Paraguay,2003,2047454,3299145,261351,687464,1359990,1152841,2146304
Paraguay,2004,2046284,3386673,270783,676446,1369838,1181547,2205126
Paraguay,2005,2044631,3470882,279981,669037,1375594,1206749,2264133
Paraguay,2006,2039847,3552781,290168,659336,1380511,1229252,2323529
Paraguay,2007,2038513,3627721,299925,658987,1379526,1246469,2381252
Paraguay,2008,2038538,3698916,309663,664954,1373584,1260233,2438683
Paraguay,2009,2036404,3771419,320014,671616,1364788,1273367,2498052
Paraguay,2010,2030790,3847701,331386,675168,1355622,1287341,2560360
Paraguay,2011,2028100,3922697,342986,683285,1344815,1298237,2624460
Paraguay,2012,2020435,4003236,355548,683938,1336497,1310332,2692904
Paraguay,2013,2010591,4085989,369160,679532,1331059,1322193,2763796
Paraguay,2014,2003240,4165479,383865,674988,1328252,1331398,2834081
Paraguay,2015,2000622,4238794,399703,673788,1326834,1336661,2902133
Paraguay,2016,1998794,4309857,416657,671653,1327141,1338429,2971428
Paraguay,2017,2002446,4374408,434443,673856,1328590,1336550,3037858
Paraguay,2018,2009515,4434529,452864,679108,1330407,1332083,3102446
Paraguay,2019,2016138,4494124,471719,684229,1331909,1326742,3167382
Paraguay,2020,2020248,4555216,490866,687099,1333149,1321542,3233674
Paraguay,2021,2025750,4614848,509253,691327,1334423,1314723,3300125
Paraguay,2022,2028279,4676394,527747,691874,1336405,1308129,3368265
Paraguay,2023,2028707,4738776,546424,689570,1339137,1302330,3436446
Paraguay,2024,2028843,4799958,565368,686309,1342534,1297908,3502050
Paraguay,2025,2029452,4858933,584693,683395,1346057,1295280,3563653
Paraguay,2026,2029268,4917880,603381,679410,1349858,1294189,3623691
Paraguay,2027,2029361,4975042,622057,676052,1353309,1295062,3679980
Paraguay,2028,2029010,5030966,640863,673141,1355869,1297469,3733497
Paraguay,2029,2027031,5086684,659947,669975,1357056,1300596,3786088
Paraguay,2030,2022857,5142669,679378,666084,1356773,1303840,3838829
Paraguay,2031,2017545,5199155,697840,661938,1355607,1306728,3892427
Paraguay,2032,2010514,5255443,716549,657647,1352867,1309556,3945887
Paraguay,2033,2001849,5311657,735219,653170,1348679,1312471,3999186
Paraguay,2034,1992019,5367737,753384,648679,1343340,1315680,4052057
Paraguay,2035,1981368,5423404,770915,644285,1337083,1319209,4104195
Paraguay,2036,1971089,5478425,786828,640499,1330590,1322452,4155973
Paraguay,2037,1960221,5532826,802042,636802,1323419,1325774,4207052
Paraguay,2038,1948820,5585680,817475,633158,1315662,1328758,4256922
Paraguay,2039,1936952,5635755,834325,629492,1307460,1330722,4305033
Paraguay,2040,1924709,5682167,853423,625794,1298915,1331214,4350953
Paraguay,2041,1913727,5724435,873622,623015,1290712,1329820,4394615
Paraguay,2042,1902470,5763426,895594,619765,1282705,1326957,4436469
Paraguay,2043,1891076,5798673,919673,616208,1274868,1322852,4475821
Paraguay,2044,1879711,5829649,946268,612588,1267123,1317860,4511789
Paraguay,2045,1868455,5856010,975662,609101,1259354,1312220,4543790
Paraguay,2046,1858249,5877603,1007057,606114,1252135,1305588,4572015
Paraguay,2047,1848324,5894994,1040668,603135,1245189,1298280,4596714
Paraguay,2048,1838541,5908574,1076266,600139,1238402,1290555,4618019
Paraguay,2049,1828656,5918984,1113467,597014,1231642,1282687,4636297
Paraguay,2050,1818515,5926560,1152107,593698,1224817,1274842,4651718
Paraguay,2051,1809279,5931393,1190928,590808,1218471,1266841,4664552
Paraguay,2052,1799832,5934029,1230482,587560,1212272,1258964,4675065
Paraguay,2053,1790116,5934508,1270740,584004,1206112,1251284,4683224
Paraguay,2054,1780121,5932925,1311570,580233,1199888,1243820,4689105
Paraguay,2055,1769811,5929330,1352912,576315,1193496,1236570,4692760
Paraguay,2056,1760116,5924777,1392767,572611,1187505,1229537,4695240
Paraguay,2057,1750168,5919114,1432121,568760,1181408,1222754,4696360
Paraguay,2058,1739866,5911990,1471374,564768,1175098,1216218,4695772
Paraguay,2059,1729099,5902866,1511107,560631,1168468,1209856,4693010
Paraguay,2060,1717807,5891432,1551639,556347,1161460,1203581,4687851
Paraguay,2061,1707154,5879581,1589889,552343,1154811,1197568,4682013
Paraguay,2062,1696143,5865985,1628179,548298,1147845,1191600,4674385
Paraguay,2063,1684726,5851396,1665787,544203,1140523,1185677,4665719
Paraguay,2064,1672902,5836930,1701589,540062,1132840,1179742,4657188
Paraguay,2065,1660680,5823130,1735028,535875,1124805,1173729,4649401
Paraguay,2066,1649436,5812333,1762414,532176,1117260,1167965,4644368
Paraguay,2067,1637988,5802646,1786824,528487,1109501,1162066,4640580
Paraguay,2068,1626286,5793036,1809399,524770,1101516,1156001,4637035
Paraguay,2069,1614325,5782063,1831632,520987,1093338,1149705,4632358
Paraguay,2070,1602118,5768821,1854471,517127,1084991,1143120,4625701
Paraguay,2071,1591388,5755245,1874315,513894,1077494,1135822,4619423
Paraguay,2072,1580492,5740171,1894023,510422,1070070,1128595,4611576
Paraguay,2073,1569425,5723735,1913505,506767,1062658,1121451,4602284
Paraguay,2074,1558190,5706245,1932507,502997,1055193,1114368,4591877
Paraguay,2075,1546753,5687749,1951093,499159,1047594,1107280,4580469
Paraguay,2076,1536122,5669673,1966879,495676,1040446,1099649,4570024
Paraguay,2077,1525462,5651273,1981539,492067,1033395,1092062,4559211
Paraguay,2078,1514722,5632045,1995730,488377,1026345,1084578,4547467
Paraguay,2079,1503834,5611302,2010356,484644,1019190,1077251,4534051
Paraguay,2080,1492741,5588474,2026155,480903,1011838,1070046,4518428
Paraguay,2081,1482220,5564940,2041060,477431,1004789,1062437,4502503
Paraguay,2082,1471803,5540332,2055985,474053,997750,1055021,4485311
Paraguay,2083,1461378,5514577,2071212,470736,990642,1047811,4466766
Paraguay,2084,1450845,5487725,2086916,467433,983412,1040795,4446930
Paraguay,2085,1440159,5459700,2103317,464112,976047,1033908,4425792
Paraguay,2086,1430195,5431720,2118401,461185,969010,1026678,4405042
Paraguay,2087,1420326,5403533,2133093,458240,962086,1019673,4383860
Paraguay,2088,1410480,5374895,2147737,455271,955209,1012847,4362048
Paraguay,2089,1400612,5345589,2162617,452283,948329,1006110,4339479
Paraguay,2090,1390698,5315408,2178000,449297,941401,999359,4316049
Paraguay,2091,1381631,5286047,2191308,446708,934923,992271,4293776
Paraguay,2092,1372711,5256834,2203941,444063,928648,985268,4271566
Paraguay,2093,1363858,5227513,2216263,441367,922491,978359,4249154
Paraguay,2094,1354979,5197764,2228708,438619,916360,971529,4226235
Paraguay,2095,1345989,5167224,2241753,435830,910159,964720,4202504
Paraguay,2096,1337867,5138356,2251923,433383,904484,957794,4180562
Paraguay,2097,1329834,5109777,2261389,430868,898966,950990,4158787
Paraguay,2098,1321760,5080966,2270759,428274,893486,944299,4136667
Paraguay,2099,1313502,5051437,2280644,425574,887928,937711,4113726
Paraguay,2100,1304932,5020833,2291450,422724,882208,931193,4089640
Peru,1950,3212039,4248629,267066,1298443,1913596,1450735,2797894
Peru,1951,3313694,4337132,273384,1355485,1958209,1486904,2850228
Peru,1952,3417602,4431065,279856,1410727,2006875,1524613,2906452
Peru,1953,3522364,4531576,286437,1462556,2059808,1563714,2967862
Peru,1954,3627524,4639233,292961,1511149,2116375,1603639,3035594
Peru,1955,3733814,4753607,299336,1559927,2173887,1644001,3109606
Peru,1956,3865808,4847358,308795,1621876,2243932,1675155,3172203
Peru,1957,3994185,4953738,318156,1669299,2324886,1709104,3244634
Peru,1958,4122758,5069871,327418,1709456,2413302,1745607,3324264
Peru,1959,4254936,5193357,336617,1750770,2504166,1784956,3408401
Peru,1960,4392114,5323598,345803,1800680,2591434,1827933,3495665
Peru,1961,4546329,5445447,358466,1855911,2690418,1869008,3576439
Peru,1962,4704491,5575316,370860,1913827,2790664,1914036,3661280
Peru,1963,4863935,5714758,382847,1974032,2889903,1964377,3750381
Peru,1964,5019817,5867006,394192,2033339,2986478,2022193,3844813
Peru,1965,5169373,6033487,404821,2090704,3078669,2088657,3944830
Peru,1966,5335973,6188370,416982,2158417,3177556,2154543,4033827
Peru,1967,5491355,6362277,428450,2209783,3281572,2230482,4131795
Peru,1968,5638509,6551205,439615,2249677,3388832,2314072,4237133
Peru,1969,5781463,6750021,450965,2285195,3496268,2401797,4348224
Peru,1970,5921857,6956394,462818,2322739,3599118,2491657,4464737
Peru,1971,6072433,7153331,478571,2362842,3709591,2576884,4576447
Peru,1972,6216676,7361193,494607,2394952,3821724,2664718,4696475
Peru,1973,6356308,7580490,510850,2424091,3932217,2755140,4825350
Peru,1974,6493264,7812458,527119,2456461,4036803,2848693,4963765
Peru,1975,6629087,8057544,543316,2497445,4131642,2945786,5111758
Peru,1976,6780326,8297519,562056,2543867,4236459,3042039,5255480
Peru,1977,6932397,8548582,580344,2598640,4333757,3141820,5406762
Peru,1978,7081038,8811765,598280,2657248,4423790,3245743,5566022
Peru,1979,7219115,9089698,615940,2710413,4508702,3354978,5734720
Peru,1980,7342361,9383337,633422,2752668,4589693,3469747,5913590
Peru,1981,7478560,9660040,653949,2807360,4671200,3575814,6084226
Peru,1982,7589743,9961415,674572,2827413,4762330,3689865,6271550
Peru,1983,7685244,10279835,695360,2825499,4859745,3807186,6472649
Peru,1984,7779671,10603703,716210,2822904,4956767,3920545,6683158
Peru,1985,7880754,10927030,737172,2835761,5044993,4026049,6900981
Peru,1986,7982188,11250336,763729,2843611,5138577,4123206,7127130
Peru,1987,8096185,11566015,789510,2875946,5220239,4210071,7355944
Peru,1988,8213710,11880988,815197,2924794,5288916,4291398,7589590
Peru,1989,8319482,12207606,841771,2973043,5346439,4374851,7832755
Peru,1990,8405797,12551053,869808,3009150,5396647,4464092,8086961
Peru,1991,8507113,12873533,902482,3060350,5446763,4542968,8330565
Peru,1992,8583883,13216662,936511,3083974,5499909,4629329,8587333
Peru,1993,8641610,13570738,971880,3085949,5555661,4719363,8851375
Peru,1994,8690415,13920633,1008308,3078521,5611894,4806418,9114215
Peru,1995,8734726,14258307,1045727,3071246,5663480,4886569,9371738
Peru,1996,8784111,14568203,1088760,3063740,5720371,4945457,9622746
Peru,1997,8827899,14867274,1132233,3051700,5776199,5001086,9866188
Peru,1998,8864550,15159015,1176183,3038235,5826315,5054812,10104203
Peru,1999,8890269,15450396,1220634,3024156,5866113,5108206,10342190
Peru,2000,8903047,15746119,1265713,3009387,5893660,5161999,10584120
Peru,2001,8885795,16050802,1324766,2983956,5901839,5209952,10840850
Peru,2002,8862665,16354779,1384023,2971561,5891104,5254964,11099815
Peru,2003,8831552,16662490,1443696,2967239,5864313,5301165,11361325
Peru,2004,8792784,16976600,1503810,2964860,5827924,5351429,11625171
Peru,2005,8749950,17296056,1564404,2960998,5788952,5404900,11891156
Peru,2006,8725736,17612458,1611750,2966425,5759311,5448933,12163525
Peru,2007,8694450,17938151,1660123,2961771,5732679,5496711,12441440
Peru,2008,8661606,18269922,1710452,2952039,5709567,5544766,12725156
Peru,2009,8636269,18601540,1763698,2946076,5690193,5585773,13015767
Peru,2010,8624616,18928391,1820639,2950506,5674110,5614116,13314275
Peru,2011,8634462,19248172,1877355,2957457,5677005,5626264,13621908
Peru,2012,8659465,19562663,1936838,2972648,5686817,5624553,13938110
Peru,2013,8693944,19871818,1999954,2993023,5700921,5613216,14258602
Peru,2014,8727246,20178212,2067896,3010662,5716584,5599278,14578934
Peru,2015,8752718,20482450,2141503,3020032,5732686,5586998,14895452
Peru,2016,8787283,20768436,2218120,3032582,5754701,5571321,15197115
Peru,2017,8808595,21056633,2300257,3026862,5781733,5557906,15498727
Peru,2018,8820277,21344054,2387484,3008248,5812029,5547827,15796227
Peru,2019,8828915,21626307,2478613,2986248,5842667,5541923,16084384
Peru,2020,8837231,21901696,2573251,2967413,5869818,5541117,16360579
Peru,2021,8836279,22179797,2670229,2939514,5896765,5549458,16630339
Peru,2022,8836973,22449125,2769161,2921457,5915516,5562610,16886515
Peru,2023,8834831,22712227,2871920,2910156,5924675,5580788,17131439
Peru,2024,8823153,22972954,2981382,2899144,5924009,5603730,17369224
Peru,2025,8799118,23232025,3099593,2883955,5915163,5630539,17601486
Peru,2026,8774039,23483589,3220977,2871306,5902733,5661528,17822061
Peru,2027,8737333,23734567,3348819,2854466,5882867,5695768,18038799
Peru,2028,8691403,23981809,3483340,2834222,5857181,5730925,18250884
Peru,2029,8641300,24220204,3623902,2813466,5827834,5763529,18456675
Peru,2030,8590092,24446613,3770079,2794278,5795814,5791149,18655464
Peru,2031,8543768,24661722,3914903,2778418,5765350,5815357,18846365
Peru,2032,8496088,24866029,4064096,2762266,5733822,5834287,19031742
Peru,2033,8447474,25059658,4217243,2746300,5701174,5846776,19212882
Peru,2034,8397497,25244040,4373644,2730449,5667048,5851515,19392525
Peru,2035,8346079,25419493,4533245,2714902,5631177,5847733,19571760
Peru,2036,8301076,25588290,4685852,2702649,5598427,5837610,19750680
Peru,2037,8255476,25749413,4839307,2689792,5565684,5818579,19930834
Peru,2038,8209476,25899953,4996292,2676524,5532952,5792664,20107289
Peru,2039,8163214,26036109,5160385,2663105,5500109,5763045,20273064
Peru,2040,8116741,26155533,5333814,2649805,5466936,5731849,20423684
Peru,2041,8077419,26264312,5503073,2639445,5437974,5701820,20562492
Peru,2042,8037876,26358474,5679412,2628129,5409747,5670582,20687892
Peru,2043,7997955,26439511,5861249,2615944,5382011,5638345,20801166
Peru,2044,7957229,26510445,6045715,2602852,5354377,5604964,20905481
Peru,2045,7915263,26572750,6231535,2588882,5326381,5570418,21002332
Peru,2046,7879114,26634065,6403933,2576849,5302265,5538213,21095852
Peru,2047,7841449,26689690,6574903,2563043,5278406,5505773,21183917
Peru,2048,7802170,26736255,6747829,2547785,5254385,5473338,21262917
Peru,2049,7761074,26768904,6927711,2531438,5229636,5441058,21327846
Peru,2050,7717800,26784568,7117939,2514246,5203554,5408974,21375594
Peru,2051,7678210,26795657,7300209,2497813,5180397,5380825,21414832
Peru,2052,7636831,26794029,7488136,2480909,5155922,5353144,21440885
Peru,2053,7593294,26780771,7681111,2463544,5129750,5325880,21454891
Peru,2054,7547277,26758163,7877305,2445687,5101590,5298869,21459294
Peru,2055,7498625,26727513,8075694,2427308,5071317,5271892,21455621
Peru,2056,7453599,26702094,8256803,2410200,5043399,5248784,21453310
Peru,2057,7406931,26671345,8436507,2393403,5013528,5225790,21445555
Peru,2058,7358448,26635842,8614474,2376723,4981725,5202568,21433274
Peru,2059,7308093,26596412,8789999,2359949,4948144,5178526,21417886
Peru,2060,7255835,26552812,8963432,2342913,4912922,5153105,21399707
Peru,2061,7209229,26520785,9111561,2328375,4880854,5130479,21390306
Peru,2062,7161600,26488602,9252905,2313662,4847938,5106714,21381888
Peru,2063,7112979,26452952,9390868,2298761,4814218,5081457,21371495
Peru,2064,7063462,26409349,9529980,2283735,4779727,5054220,21355129
Peru,2065,7013005,26354327,9673889,2268630,4744375,5024603,21329724
Peru,2066,6969639,26307648,9794912,2256316,4713323,4997433,21310215
Peru,2067,6926120,26253834,9915894,2243729,4682391,4968287,21285547
Peru,2068,6882220,26191007,10039080,2230852,4651368,4937178,21253829
Peru,2069,6837685,26117956,10166065,2217667,4620018,4904283,21213673
Peru,2070,6792298,26033579,10298309,2204192,4588106,4869719,21163860
Peru,2071,6754024,25959196,10406700,2193205,4560819,4838586,21120610
Peru,2072,6715659,25878142,10515231,2181860,4533799,4806345,21071797
Peru,2073,6676990,25788186,10626398,2170146,4506844,4773196,21014990
Peru,2074,6637568,25686006,10743996,2157989,4479579,4739272,20946734
Peru,2075,6596779,25568613,10871711,2145262,4451517,4704483,20864130
Peru,2076,6562822,25460810,10976636,2134735,4428087,4674376,20786434
Peru,2077,6528450,25343755,11085094,2123841,4404609,4644194,20699561
Peru,2078,6493079,25217133,11198277,2112426,4380653,4613723,20603410
Peru,2079,6456246,25082333,11315667,2100363,4355883,4582806,20499527
Peru,2080,6417609,24940264,11437009,2087564,4330045,4551325,20388939
Peru,2081,6385212,24815834,11529592,2076736,4308476,4524773,20291061
Peru,2082,6352010,24689946,11619690,2065514,4286496,4498393,20191553
Peru,2083,6317707,24561302,11708999,2053837,4263870,4472017,20089285
Peru,2084,6281821,24427573,11800365,2041584,4240237,4445269,19982304
Peru,2085,6243692,24286037,11897258,2028560,4215132,4417643,19868394
Peru,2086,6211603,24164054,11964172,2017473,4194130,4394861,19769193
Peru,2087,6178615,24041242,12028647,2006162,4172453,4371997,19669245
Peru,2088,6144257,23915311,12093777,1994507,4149750,4348670,19566641
Peru,2089,6108126,23784002,12162639,1982424,4125702,4324460,19459542
Peru,2090,6069847,23645233,12237990,1969811,4100036,4298953,19346280
Peru,2091,6038377,23529646,12280435,1959500,4078877,4278427,19251219
Peru,2092,6006243,23412658,12322120,1949312,4056931,4257323,19155335
Peru,2093,5972862,23291594,12366315,1938978,4033884,4235239,19056355
Peru,2094,5937752,23164140,12415819,1928217,4009535,4211807,18952333
Peru,2095,5900595,23028641,12472610,1916791,3983804,4186753,18841888
Peru,2096,5871344,22917607,12494269,1908226,3963118,4166662,18750945
Peru,2097,5840994,22803348,12517585,1899132,3941862,4145534,18657814
Peru,2098,5809298,22684265,12544518,1889373,3919925,4123199,18561066
Peru,2099,5776234,22558972,12576648,1879022,3897212,4099520,18459452
Peru,2100,5741786,22425857,12615807,1868296,3873490,4074293,18351564
Philippines,1950,8099535,9814009,666946,3252169,4847366,3328937,6485072
Philippines,1951,8476460,10086586,683565,3465050,5011410,3455642,6630944
Philippines,1952,8910042,10338980,696639,3744371,5165671,3582263,6756717
Philippines,1953,9341156,10619759,709629,4006718,5334438,3720901,6898858
Philippines,1954,9750120,10942524,723456,4223404,5526716,3869644,7072880
Philippines,1955,10144018,11297534,737549,4399635,5744383,4021234,7276300
Philippines,1956,10618557,11587612,752186,4643172,5975385,4144263,7443349
Philippines,1957,11043466,11942604,768523,4771973,6271493,4283147,7659457
Philippines,1958,11455333,12329691,785151,4837262,6618071,4428195,7901496
Philippines,1959,11886831,12720549,801223,4892832,6993999,4572459,8148090
Philippines,1960,12348531,13107637,816857,4977780,7370751,4716006,8391631
Philippines,1961,12794635,13528234,841748,5018928,7775707,4874589,8653645
Philippines,1962,13285567,13930860,864804,5130540,8155027,5025465,8905395
Philippines,1963,13790476,14339692,886603,5292938,8497538,5183788,9155904
Philippines,1964,14261259,14793598,908019,5460544,8800715,5372984,9420614
Philippines,1965,14674250,15310194,929489,5600997,9073253,5604967,9705227
Philippines,1966,15098714,15812372,956477,5764419,9334295,5848941,9963431
Philippines,1967,15467572,16376529,982498,5890739,9576833,6134546,10241983
Philippines,1968,15798695,16989284,1009063,5989244,9809451,6453078,10536206
Philippines,1969,16126010,17623643,1037935,6084829,10041181,6787847,10835796
Philippines,1970,16469175,18265285,1070269,6196402,10272773,7128100,11137185
Philippines,1971,16832968,18905011,1113076,6319441,10513527,7468022,11436989
Philippines,1972,17207968,19559718,1157714,6445375,10762593,7815137,11744581
Philippines,1973,17592265,20230599,1203218,6577813,11014452,8159095,12071504
Philippines,1974,17978265,20923306,1248390,6715954,11262311,8486505,12436801
Philippines,1975,18361992,21640530,1292602,6860301,11501691,8789246,12851284
Philippines,1976,18765985,22351882,1343326,7017200,11748785,9054439,13297443
Philippines,1977,19175033,23083157,1392143,7179102,11995931,9290997,13792160
Philippines,1978,19589031,23838566,1438676,7344400,12244631,9510890,14327676
Philippines,1979,20008284,24623464,1482247,7510605,12497679,9732733,14890731
Philippines,1980,20433536,25440728,1522704,7677810,12755726,9968476,15472252
Philippines,1981,20888816,26260253,1566523,7864779,13024037,10204624,16055629
Philippines,1982,21340515,27121468,1606510,8028501,13312014,10455005,16666463
Philippines,1983,21794542,28016235,1644256,8179003,13615539,10714720,17301515
Philippines,1984,22259924,28932221,1681829,8332750,13927174,10974557,17957664
Philippines,1985,22740841,29862322,1720485,8502929,14237912,11229521,18632801
Philippines,1986,23254110,30780224,1769738,8684799,14569311,11472655,19307569
Philippines,1987,23786826,31707614,1818871,8882434,14904392,11711859,19995755
Philippines,1988,24327409,32651686,1866110,9087345,15240064,11952181,20699505
Philippines,1989,24856231,33626737,1908899,9280684,15575547,12201808,21424929
Philippines,1990,25360732,34640239,1946377,9450035,15910697,12465751,22174488
Philippines,1991,25890856,35627574,1990029,9636881,16253975,12718187,22909387
Philippines,1992,26384080,36663008,2028398,9770793,16613287,12988395,23674613
Philippines,1993,26850755,37734179,2065313,9868664,16982091,13274043,24460136
Philippines,1994,27309495,38820818,2105917,9960106,17349389,13569801,25251017
Philippines,1995,27769010,39913348,2153357,10066802,17702208,13873484,26039864
Philippines,1996,28222416,40997326,2226365,10164209,18058207,14170947,26826379
Philippines,1997,28685816,42075811,2303137,10292048,18393768,14470944,27604867
Philippines,1998,29146964,43164499,2382232,10441047,18705917,14778962,28385537
Philippines,1999,29590842,44283474,2461496,10595581,18995261,15101024,29182450
Philippines,2000,30013304,45438344,2539921,10748094,19265210,15438540,29999804
Philippines,2001,30458408,46573400,2633507,10927265,19531143,15757232,30816168
Philippines,2002,30888954,47737794,2725312,11095708,19793246,16087131,31650663
Philippines,2003,31300760,48915401,2815793,11250610,20050150,16421718,32493683
Philippines,2004,31676882,50095363,2906248,11371490,20305392,16754426,33340937
Philippines,2005,31986181,51289144,2998912,11423106,20563075,17087552,34201592
Philippines,2006,32098104,52548321,3162994,11373731,20724373,17272209,35276112
Philippines,2007,32127802,53834746,3330942,11284852,20842950,17470209,36364537
Philippines,2008,32058479,55191749,3501636,11155915,20902564,17707121,37484628
Philippines,2009,31920683,56619642,3680554,11026950,20893733,17984904,38634738
Philippines,2010,31774678,58074016,3877930,10965630,20809048,18287674,39786342
Philippines,2011,31956232,59307096,4014612,11076074,20880158,18640720,40666376
Philippines,2012,32134120,60569814,4162708,11157060,20977060,18987464,41582350
Philippines,2013,32332411,61829276,4319345,11240688,21091723,19309053,42520223
Philippines,2014,32553178,63067209,4481862,11335662,21217516,19587839,43479370
Philippines,2015,32782349,64283627,4650383,11434444,21347905,19817982,44465645
Philippines,2016,33026298,65451034,4842890,11530401,21495897,19994857,45456177
Philippines,2017,33275563,66603688,5038839,11611498,21664065,20121467,46482221
Philippines,2018,33525020,67746540,5240514,11678862,21846158,20214648,47531892
Philippines,2019,33768710,68886370,5451230,11736351,22032359,20299565,48586805
Philippines,2020,34003704,70026291,5673401,11790376,22213328,20393284,49633007
Philippines,2021,34241468,71136222,5925106,11845584,22395884,20493067,50643155
Philippines,2022,34469335,72249002,6183227,11894073,22575262,20597757,51651245
Philippines,2023,34683737,73366731,6446545,11936493,22747244,20712288,52654443
Philippines,2024,34881458,74490955,6713273,11973315,22908143,20840458,53650497
Philippines,2025,35060259,75621188,6983233,12005233,23055026,20984619,54636569
Philippines,2026,35239767,76718480,7274284,12040641,23199126,21144430,55574050
Philippines,2027,35400508,77825290,7562683,12069996,23330512,21320803,56504487
Philippines,2028,35541807,78938332,7851062,12093696,23448111,21509064,57429268
Philippines,2029,35664498,80051808,8143202,12112596,23551902,21700367,58351441
Philippines,2030,35769334,81161090,8441858,12127902,23641432,21888642,59272448
Philippines,2031,35883583,82220258,8764585,12153072,23730511,22071931,60148327
Philippines,2032,35980402,83278865,9087633,12169893,23810509,22250399,61028466
Philippines,2033,36060268,84338075,9408444,12179543,23880725,22422432,61915643
Philippines,2034,36124080,85400126,9723066,12183417,23940663,22585916,62814210
Philippines,2035,36172313,86464747,10030556,12183338,23988975,22739489,63725258
Philippines,2036,36233631,87483440,10350022,12194007,24039624,22880695,64602745
Philippines,2037,36279214,88508797,10657099,12193715,24085499,23008921,65499876
Philippines,2038,36310151,89534159,10957031,12185223,24124928,23125401,66408758
Philippines,2039,36327937,90550799,11256871,12172128,24155809,23231809,67318990
Philippines,2040,36333295,91552762,11561632,12157709,24175586,23329560,68223202
Philippines,2041,36349488,92494031,11893787,12151431,24198057,23418045,69075986
Philippines,2042,36355493,93424324,12224267,12140938,24214555,23495544,69928780
Philippines,2043,36350513,94345587,12551649,12126880,24223633,23564144,70781443
Philippines,2044,36333435,95261382,12873204,12109451,24223984,23625994,71635388
Philippines,2045,36303798,96171634,13189290,12089486,24214312,23682629,72489005
Philippines,2046,36286998,97019848,13530554,12079886,24207112,23732840,73287008
Philippines,2047,36258975,97864981,13862017,12063137,24195838,23776738,74088243
Philippines,2048,36220148,98701800,14189058,12040396,24179752,23815113,74886687
Philippines,2049,36171392,99523642,14518299,12013238,24158154,23848006,75675636
Philippines,2050,36112950,100324866,14855619,11983428,24129522,23875722,76449144
Philippines,2051,36065577,101046009,15239875,11962387,24103190,23896635,77149374
Philippines,2052,36008401,101756015,15622358,11932870,24075531,23911711,77844304
Philippines,2053,35941172,102445554,16011340,11896484,24044688,23921567,78523987
Philippines,2054,35863238,103102126,16418223,11854867,24008371,23926367,79175759
Philippines,2055,35773673,103717690,16850642,11809768,23963905,23926475,79791215
Philippines,2056,35691525,104238506,17342715,11770600,23920925,23921582,80316924
Philippines,2057,35598322,104729451,17848157,11724189,23874133,23910817,80818634
Philippines,2058,35494159,105196643,18360907,11672506,23821653,23895535,81301108
Philippines,2059,35379673,105649563,18871283,11618124,23761549,23876948,81772615
Philippines,2060,35255209,106092774,19374662,11563313,23691896,23855929,82236845
Philippines,2061,35137507,106476945,19903592,11514346,23623161,23833491,82643454
Philippines,2062,35013187,106856926,20416310,11465130,23548057,23806886,83050040
Philippines,2063,34881023,107233037,20913499,11415170,23465853,23776643,83456394
Philippines,2064,34739642,107605835,21395713,11363256,23376386,23742637,83863198
Philippines,2065,34588544,107973416,21865159,11309072,23279472,23704694,84268722
Philippines,2066,34451616,108288776,22344913,11265704,23185912,23663973,84624803
Philippines,2067,34305804,108608965,22801085,11215339,23090465,23618526,84990439
Philippines,2068,34152530,108925237,23241158,11159894,22992636,23567999,85357238
Philippines,2069,33994231,109226134,23674355,11102473,22891758,23511244,85714890
Philippines,2070,33832072,109503209,24108170,11045754,22786318,23447754,86055455
Philippines,2071,33684652,109718854,24561837,10997723,22686929,23380559,86338295
Philippines,2072,33535066,109920959,25004497,10947510,22587556,23305871,86615088
Philippines,2073,33382512,110105892,25440606,10895613,22486899,23225044,86880848
Philippines,2074,33225372,110270444,25875003,10841917,22383455,23139568,87130876
Philippines,2075,33062535,110410835,26312682,10786827,22275708,23050515,87360320
Philippines,2076,32914734,110491110,26769144,10740609,22174125,22960846,87530264
Philippines,2077,32762615,110558708,27216776,10689754,22072861,22867154,87691554
Philippines,2078,32606247,110610647,27659001,10635372,21970875,22770615,87840032
Philippines,2079,32446062,110644012,28098918,10579051,21867011,22672237,87971775
Philippines,2080,32281970,110655726,28540318,10522275,21759695,22572802,88082924
Philippines,2081,32130693,110613372,28999285,10472576,21658117,22475451,88137921
Philippines,2082,31977043,110562278,29446226,10420200,21556843,22377022,88185256
Philippines,2083,31820479,110500102,29884951,10365842,21454637,22277931,88222171
Philippines,2084,31660374,110424880,30319142,10310156,21350218,22178095,88246785
Philippines,2085,31496098,110333736,30753208,10253917,21242181,22077455,88256281
Philippines,2086,31342773,110195029,31204280,10204149,21138624,21978494,88216535
Philippines,2087,31187518,110054444,31639872,10152363,21035155,21878740,88175704
Philippines,2088,31029735,109908213,32064646,10098954,20930781,21778576,88129637
Philippines,2089,30868730,109751532,32484282,10044308,20824422,21677919,88073613
Philippines,2090,30703593,109578882,32905421,9988913,20714680,21576498,88002384
Philippines,2091,30550756,109367356,33334819,9940508,20610248,21477827,87889529
Philippines,2092,30395873,109155563,33748549,9889475,20506398,21378548,87777015
Philippines,2093,30238256,108937856,34153312,9836322,20401934,21278445,87659411
Philippines,2094,30077415,108708489,34555674,9781789,20295626,21176936,87531553
Philippines,2095,29912749,108462104,34961853,9726722,20186027,21073580,87388524
Philippines,2096,29761705,108189531,35363748,9678544,20083161,20974058,87215473
Philippines,2097,29609074,107915434,35751996,9628370,19980704,20872944,87042490
Philippines,2098,29454095,107634956,36132182,9576654,19877441,20770344,86864612
Philippines,2099,29295795,107343314,36509961,9523690,19772105,20666196,86677118
Philippines,2100,29132956,107035368,36891485,9469685,19663271,20560321,86475047
Poland,1950,7294999,16231001,1298018,2950000,4344999,4781002,11449999
Poland,1951,7539678,16415112,1328650,3232066,4307612,4770265,11644847
Poland,1952,7729735,16669164,1366026,3377182,4352553,4778023,11891141
Poland,1953,7927532,16929501,1404040,3450088,4477444,4780063,12149438
Poland,1954,8171985,17155198,1437681,3496077,4675908,4754414,12400784
Poland,1955,8468391,17335770,1465588,3549008,4919383,4693994,12641776
Poland,1956,8751834,17504868,1512839,3559104,5192730,4596703,12908165
Poland,1957,9089748,17615615,1553160,3593938,5495810,4464471,13151144
Poland,1958,9437984,17702390,1591070,3634202,5803782,4325157,13377233
Poland,1959,9733413,17816563,1633712,3643580,6089833,4218581,13597982
Poland,1960,9936043,17989309,1686204,3591739,6344304,4170608,13818701
Poland,1961,10075091,18175840,1761740,3507742,6567349,4189358,13986482
Poland,1962,10106537,18432924,1846815,3355570,6750967,4264004,14168920
Poland,1963,10050295,18743204,1939871,3159313,6890982,4393218,14349986
Poland,1964,9950962,19068263,2037090,2968662,6982300,4570145,14498118
Poland,1965,9835795,19385504,2136427,2816345,7019450,4787822,14597682
Poland,1966,9642272,19750005,2245489,2619780,7022492,5060369,14689636
Poland,1967,9469057,20079565,2349696,2532029,6937028,5364270,14715295
Poland,1968,9299076,20393865,2453113,2524197,6774879,5681026,14712839
Poland,1969,9106178,20721355,2562013,2545330,6560848,5984705,14736650
Poland,1970,8886141,21070269,2679147,2560686,6325455,6255071,14815198
Poland,1971,8722059,21367338,2797199,2639786,6082273,6472885,14894453
Poland,1972,8533779,21690804,2918604,2688657,5845122,6655888,15034916
Poland,1973,8346516,22020769,3040334,2716386,5630130,6794308,15226461
Poland,1974,8200251,22324224,3157245,2748596,5451655,6875886,15448338
Poland,1975,8116620,22583811,3266141,2805598,5311022,6895004,15688807
Poland,1976,8119998,22773489,3368379,2901483,5218515,6853495,15919994
Poland,1977,8168643,22931859,3466392,2982504,5186139,6755853,16176006
Poland,1978,8262432,23068414,3550534,3056548,5205884,6611359,16457055
Poland,1979,8389122,23208981,3606627,3126902,5262220,6436146,16772835
Poland,1980,8537830,23369253,3628025,3197050,5340780,6243225,17126028
Poland,1981,8725407,23534381,3613943,3267015,5458392,6019467,17514914
Poland,1982,8935001,23717588,3564120,3332558,5602443,5783077,17934511
Poland,1983,9149569,23901925,3499352,3386843,5762726,5556071,18345854
Poland,1984,9342525,24066634,3449736,3414640,5927885,5367571,18699063
Poland,1985,9492797,24203562,3432358,3403761,6089036,5236351,18967211
Poland,1986,9593722,24290080,3470463,3369413,6224309,5164075,19126005
Poland,1987,9634291,24369630,3535054,3287109,6347182,5149749,19219881
Poland,1988,9624288,24451053,3616556,3171549,6452739,5184712,19266341
Poland,1989,9586277,24540813,3699928,3051200,6535077,5252246,19288567
Poland,1990,9534182,24643417,3776954,2946002,6588180,5340637,19302780
Poland,1991,9424041,24774887,3878285,2805788,6618253,5449663,19325224
Poland,1992,9322856,24899245,3969676,2724020,6598836,5573926,19325319
Poland,1993,9211472,25030716,4053286,2679632,6531840,5709919,19320797
Poland,1994,9061645,25189100,4132771,2634820,6426825,5853869,19335231
Poland,1995,8861811,25381167,4209654,2563346,6298465,6000566,19380601
Poland,1996,8659252,25536802,4307553,2514151,6145101,6134254,19402548
Poland,1997,8399267,25738639,4400824,2417089,5982178,6267144,19471495
Poland,1998,8104371,25965513,4488170,2288589,5815782,6387411,19578102
Poland,1999,7811174,26183687,4566833,2160975,5650199,6478148,19705539
Poland,2000,7539445,26375415,4635635,2056720,5482725,6529278,19846137
Poland,2001,7255699,26530368,4737938,1944141,5311558,6538251,19992117
Poland,2002,7002517,26649044,4832911,1865147,5137370,6506797,20142247
Poland,2003,6775556,26747664,4915606,1817197,4958359,6440437,20307227
Poland,2004,6565418,26852632,4978016,1792613,4772805,6348958,20503674
Poland,2005,6372244,26973618,5016804,1787550,4584694,6238099,20735519
Poland,2006,6207403,27080293,5053340,1805507,4401896,6093102,20987191
Poland,2007,6079239,27186101,5064245,1852994,4226245,5925856,21260245
Poland,2008,5981349,27275314,5069026,1915774,4065575,5744196,21531118
Poland,2009,5901879,27326797,5096194,1972211,3929668,5558261,21768536
Poland,2010,5831770,27328553,5163079,2007326,3824444,5374778,21953775
Poland,2011,5816559,27233051,5271337,2070616,3745943,5192929,22040122
Poland,2012,5777198,27122297,5417909,2065140,3712058,5021888,22100409
Poland,2013,5730981,26985093,5593377,2013213,3717768,4856648,22128445
Poland,2014,5701284,26809930,5781846,1950715,3750569,4689211,22120719
Poland,2015,5695326,26596072,5973828,1902629,3792697,4517181,22078891
Poland,2016,5658894,26378145,6187371,1818604,3840290,4351886,22026259
Poland,2017,5655965,26116291,6398456,1774073,3881892,4182191,21934100
Poland,2018,5665819,25830881,6608132,1757498,3908321,4021584,21809297
Poland,2019,5657188,25549900,6821190,1744095,3913093,3889302,21660598
Poland,2020,5615544,25286966,7039721,1716326,3899218,3795964,21491002
Poland,2021,5559196,25020056,7267370,1688049,3871147,3737768,21282288
Poland,2022,5475441,24771851,7493857,1654181,3821260,3716026,21055825
Poland,2023,5370028,24546019,7710464,1614477,3755551,3722646,20823373
Poland,2024,5258981,24341979,7902662,1575672,3683309,3743346,20598633
Poland,2025,5151969,24158633,8062581,1542032,3609937,3767815,20390818
Poland,2026,5051603,23989430,8194654,1514974,3536629,3797367,20192063
Poland,2027,4952929,23843970,8294365,1489105,3463824,3831864,20012106
Poland,2028,4857177,23713906,8368795,1465190,3391987,3862912,19850994
Poland,2029,4763255,23589396,8428651,1442460,3320795,3879558,19709838
Poland,2030,4670820,23462931,8481749,1420895,3249925,3874797,19588134
Poland,2031,4588101,23332596,8521982,1404787,3183314,3849539,19483057
Poland,2032,4508175,23202256,8552863,1387343,3120832,3800524,19401732
Poland,2033,4432438,23064947,8580527,1370010,3062428,3733922,19331025
Poland,2034,4362420,22911671,8613118,1354993,3007427,3660399,19251272
Poland,2035,4298866,22735848,8657041,1343883,2954983,3586971,19148877
Poland,2036,4244545,22546319,8701044,1335811,2908734,3515222,19031097
Poland,2037,4198677,22335062,8754188,1332645,2866032,3442582,18892480
Poland,2038,4159445,22101345,8819365,1332919,2826526,3370099,18731246
Poland,2039,4124327,21847127,8897479,1334205,2790122,3298471,18548656
Poland,2040,4092129,21574165,8988285,1334978,2757151,3228423,18345742
Poland,2041,4070993,21282420,9083957,1340611,2730382,3161965,18120455
Poland,2042,4051398,20978448,9187726,1342633,2708765,3099499,17878949
Poland,2043,4033983,20662486,9298953,1341708,2692275,3041187,17621299
Poland,2044,4019289,20332590,9419249,1338959,2680330,2986416,17346174
Poland,2045,4006506,19987182,9551203,1335047,2671459,2934633,17052549
Poland,2046,3997179,19625554,9694136,1330771,2666408,2886524,16739030
Poland,2047,3988411,19257614,9841190,1323684,2664727,2842669,16414945
Poland,2048,3979095,18889621,9987369,1314308,2664787,2803165,16086456
Poland,2049,3967631,18531870,10124158,1302973,2664658,2768161,15763709
Poland,2050,3952572,18190568,10246897,1289822,2662750,2737597,15452971
Poland,2051,3934004,17869244,10352024,1273568,2660436,2712223,15157021
Poland,2052,3913239,17571616,10434504,1257806,2655433,2691285,14880331
Poland,2053,3889143,17293515,10499600,1242213,2646930,2674697,14618818
Poland,2054,3860825,17027160,10555938,1226373,2634452,2662151,14365009
Poland,2055,3827724,16766477,10610040,1209833,2617891,2652938,14113539
Poland,2056,3793769,16525584,10643916,1193161,2600608,2648973,13876611
Poland,2057,3757409,16296418,10667073,1178237,2579172,2648166,13648252
Poland,2058,3717924,16078432,10680361,1164333,2553591,2648713,13429719
Poland,2059,3675412,15873520,10681249,1150827,2524585,2648294,13225226
Poland,2060,3630522,15682858,10667517,1137402,2493120,2645318,13037540
Poland,2061,3591667,15524232,10612923,1127588,2464079,2643132,12881100
Poland,2062,3551446,15380278,10542398,1117493,2433953,2638299,12741979
Poland,2063,3510592,15247466,10458774,1107418,2403174,2630182,12617284
Poland,2064,3470171,15121316,10365540,1097977,2372194,2618090,12503226
Poland,2065,3430841,14997617,10266429,1089687,2341154,2601522,12396095
Poland,2066,3399216,14894077,10137304,1084883,2314333,2583716,12310361
Poland,2067,3369707,14796945,9997840,1080599,2289108,2561666,12235279
Poland,2068,3342291,14698127,9856621,1076845,2265446,2536091,12162036
Poland,2069,3316457,14585815,9726554,1073415,2243042,2507985,12077830
Poland,2070,3291589,14451532,9617313,1070171,2221418,2477880,11973652
Poland,2071,3273841,14310856,9507571,1069708,2204133,2448526,11862330
Poland,2072,3258042,14154663,9412096,1068696,2189346,2418277,11736386
Poland,2073,3243743,13986954,9328155,1067125,2176618,2387631,11599323
Poland,2074,3230241,13815185,9249941,1064941,2165300,2357137,11458048
Poland,2075,3216622,13643140,9175380,1062057,2154565,2327042,11316098
Poland,2076,3207346,13481900,9089430,1060286,2147060,2299645,11182255
Poland,2077,3198885,13327758,8999688,1057460,2141425,2274222,11053536
Poland,2078,3190612,13179405,8908665,1053666,2136946,2250774,10928631
Poland,2079,3181503,13034036,8820735,1048896,2132607,2229002,10805034
Poland,2080,3170278,12888245,8741026,1042990,2127288,2208377,10679868
Poland,2081,3160863,12757472,8650467,1037009,2123854,2191446,10566026
Poland,2082,3151044,12635955,8557226,1030746,2120298,2176997,10458958
Poland,2083,3139468,12519561,8466930,1023863,2115605,2164362,10355199
Poland,2084,3125161,12405361,8383563,1016077,2109084,2152981,10252380
Poland,2085,3107689,12292010,8308916,1007237,2100452,2142508,10149502
Poland,2086,3091760,12196024,8221797,998713,2093047,2135622,10060402
Poland,2087,3074223,12106612,8136080,990125,2084098,2130240,9976372
Poland,2088,3054799,12021817,8053708,981413,2073386,2125804,9896013
Poland,2089,3033316,11938649,7977442,972570,2060746,2121413,9817236
Poland,2090,3009479,11853750,7910559,963496,2045983,2116159,9737591
Poland,2091,2988648,11785276,7829244,955743,2032905,2113113,9672163
Poland,2092,2967190,11719313,7750793,948632,2018558,2109640,9609673
Poland,2093,2944568,11652896,7678493,941874,2002694,2105038,9547858
Poland,2094,2920564,11584079,7614240,935201,1985363,2098683,9485396
Poland,2095,2895272,11511924,7558557,928433,1966839,2090233,9421691
Poland,2096,2875920,11457628,7482611,924379,1951541,2083419,9374209
Poland,2097,2856155,11402322,7411131,920108,1936047,2074746,9327576
Poland,2098,2835955,11343956,7345604,915569,1920386,2064118,9279838
Poland,2099,2815566,11280059,7287574,911018,1904548,2051473,9228586
Poland,2100,2795394,11208370,7238127,907025,1888369,2036689,9171681
Polynesia,1950,109872,126604,5523,42301,67571,47514,79090
Polynesia,1951,113143,130081,5821,44222,68921,48547,81534
Polynesia,1952,116688,132937,6131,46839,69849,49404,83533
Polynesia,1953,119957,135755,6425,49281,70676,50264,85491
Polynesia,1954,122790,138734,6700,51188,71602,51174,87560
Polynesia,1955,125296,141861,6965,52581,72715,52160,89701
Polynesia,1956,128944,143802,7229,54885,74059,52695,91107
Polynesia,1957,132117,146431,7477,55908,76209,53532,92899
Polynesia,1958,135326,149494,7711,56294,79032,54530,94964
Polynesia,1959,139140,152665,7954,56821,82319,55552,97113
Polynesia,1960,143865,155836,8254,58168,85697,56589,99247
Polynesia,1961,148769,159953,8515,59550,89219,57853,102100
Polynesia,1962,154813,163864,8806,61791,93022,58903,104961
Polynesia,1963,161617,167659,9109,64669,96948,59849,107810
Polynesia,1964,168403,171690,9394,67513,100890,60948,110742
Polynesia,1965,174632,176159,9623,69765,104867,62399,113760
Polynesia,1966,180692,180512,9896,72116,108576,63898,116614
Polynesia,1967,186139,185269,10160,73648,112491,65694,119575
Polynesia,1968,190908,190275,10404,74378,116530,67777,122498
Polynesia,1969,195044,195298,10636,74521,120523,70144,125154
Polynesia,1970,198481,200291,10866,74264,124217,72850,127441
Polynesia,1971,200875,205284,11261,73817,127058,75653,129631
Polynesia,1972,202529,210236,11626,72851,129678,78623,131613
Polynesia,1973,203544,215272,11971,71597,131947,81746,133526
Polynesia,1974,204092,220492,12321,70357,133735,84953,135539
Polynesia,1975,204351,225931,12698,69393,134958,88244,137687
Polynesia,1976,203684,232176,13200,68263,135421,91217,140959
Polynesia,1977,203181,238261,13701,67846,135335,93923,144338
Polynesia,1978,202750,244367,14228,67976,134774,96515,147852
Polynesia,1979,202276,250793,14732,68364,133912,99183,151610
Polynesia,1980,201737,257650,15223,68837,132900,102069,155581
Polynesia,1981,202120,263956,15721,70106,132014,104634,159322
Polynesia,1982,202178,271089,16135,70805,131373,107513,163576
Polynesia,1983,201978,278768,16476,71128,130850,110653,168115
Polynesia,1984,201829,286466,16783,71447,130382,113718,172748
Polynesia,1985,201989,293663,17120,72140,129849,116405,177258
Polynesia,1986,202858,299551,17890,73619,129239,117778,181773
Polynesia,1987,204095,304812,18747,74801,129294,118512,186300
Polynesia,1988,205588,309586,19640,75799,129789,118759,190827
Polynesia,1989,207173,314150,20490,76590,130583,118687,195463
Polynesia,1990,208689,318641,21276,77177,131512,118434,200207
Polynesia,1991,210768,322423,21968,77983,132785,116782,205641
Polynesia,1992,212870,326043,22606,78127,134743,114710,211333
Polynesia,1993,214867,329621,23238,77778,137089,112649,216972
Polynesia,1994,216719,333354,23892,77231,139488,111075,222279
Polynesia,1995,218380,337355,24572,76821,141559,110351,227004
Polynesia,1996,219123,342330,25346,76631,142492,109933,232397
Polynesia,1997,219899,347346,26090,76244,143655,109701,237645
Polynesia,1998,220694,352400,26840,75791,144903,109687,242713
Polynesia,1999,221448,357469,27578,75351,146097,109942,247527
Polynesia,2000,222105,362560,28301,74987,147118,110618,251942
Polynesia,2001,221254,368821,29304,74528,146726,112437,256384
Polynesia,2002,220460,374930,30296,74274,146186,114286,260644
Polynesia,2003,219611,380843,31285,74125,145486,116059,264784
Polynesia,2004,218651,386383,32239,73946,144705,117568,268815
Polynesia,2005,217525,391484,33161,73630,143895,118798,272686
Polynesia,2006,216273,395891,34197,73497,142776,119453,276438
Polynesia,2007,214800,399913,35202,73132,141668,119908,280005
Polynesia,2008,213123,403754,36164,72575,140548,120343,283411
Polynesia,2009,211421,407504,37090,71956,139465,120794,286710
Polynesia,2010,209921,411165,37987,71425,138496,121294,289871
Polynesia,2011,209057,414171,38972,71160,137897,121759,292412
Polynesia,2012,208343,417180,39902,70610,137733,122203,294977
Polynesia,2013,207743,420270,40854,69931,137812,122768,297502
Polynesia,2014,207220,423469,41920,69254,137966,123438,300031
Polynesia,2015,206772,426835,43140,68687,138085,124225,302610
Polynesia,2016,205671,431043,44621,67895,137776,124943,306100
Polynesia,2017,204751,435368,46252,67241,137510,125378,309990
Polynesia,2018,203880,439647,48038,66697,137183,125665,313982
Polynesia,2019,202917,443765,49941,66213,136704,125963,317802
Polynesia,2020,201769,447518,51964,65765,136004,126378,321140
Polynesia,2021,200416,450727,54207,65480,134936,126269,324458
Polynesia,2022,199054,453478,56537,65225,133829,126152,327326
Polynesia,2023,197712,455892,58953,64990,132722,126081,329811
Polynesia,2024,196462,458172,61450,64809,131653,126071,332101
Polynesia,2025,195375,460422,64072,64719,130656,126146,334276
Polynesia,2026,194387,462820,66735,64918,129469,126046,336774
Polynesia,2027,193531,465240,69462,64963,128568,125935,339305
Polynesia,2028,192826,467599,72289,64913,127913,125819,341780
Polynesia,2029,192321,469737,75247,64857,127464,125637,344100
Polynesia,2030,192012,471559,78386,64897,127115,125376,346183
Polynesia,2031,191746,473332,81581,65066,126680,124802,348530
Polynesia,2032,191658,474840,84890,65145,126513,124059,350781
Polynesia,2033,191707,476201,88225,65178,126529,123255,352946
Polynesia,2034,191794,477481,91504,65158,126636,122493,354988
Polynesia,2035,191857,478771,94686,65106,126751,121856,356915
Polynesia,2036,191881,480170,97654,65122,126759,121032,359138
Polynesia,2037,191881,481579,100468,64998,126883,120268,361311
Polynesia,2038,191824,483019,103151,64768,127056,119622,363397
Polynesia,2039,191689,484489,105701,64459,127230,119155,365334
Polynesia,2040,191457,485988,108173,64124,127333,118886,367102
Polynesia,2041,191075,487743,110365,63809,127266,118549,369194
Polynesia,2042,190609,489517,112420,63406,127203,118350,371167
Polynesia,2043,190032,491327,114364,62927,127105,118315,373012
Polynesia,2044,189323,493162,116222,62404,126919,118417,374745
Polynesia,2045,188470,494958,118021,61859,126611,118629,376329
Polynesia,2046,187448,496971,119615,61372,126076,118665,378306
Polynesia,2047,186333,498923,121141,60822,125511,118736,380187
Polynesia,2048,185131,500842,122594,60238,124893,118864,381978
Polynesia,2049,183857,502745,123992,59656,124201,119042,383703
Polynesia,2050,182520,504602,125380,59110,123410,119267,385335
Polynesia,2051,181079,506594,126625,58665,122414,119261,387333
Polynesia,2052,179645,508539,127799,58202,121443,119203,389336
Polynesia,2053,178220,510346,129017,57737,120483,119122,391224
Polynesia,2054,176814,511823,130454,57297,119517,119012,392811
Polynesia,2055,175430,512869,132261,56916,118514,118874,393995
Polynesia,2056,174079,513619,134235,56695,117384,118445,395174
Polynesia,2057,172811,513988,136465,56445,116366,117920,396068
Polynesia,2058,171613,514011,138901,56179,115434,117340,396671
Polynesia,2059,170488,513823,141463,55923,114565,116718,397105
Polynesia,2060,169422,513440,144075,55702,113720,116096,397344
Polynesia,2061,168445,513069,146576,55636,112809,115232,397837
Polynesia,2062,167566,512572,149070,55482,112084,114308,398264
Polynesia,2063,166733,511952,151563,55257,111476,113373,398579
Polynesia,2064,165961,511162,154135,55005,110956,112464,398698
Polynesia,2065,165219,510183,156798,54762,110457,111614,398569
Polynesia,2066,164503,509319,159277,54607,109896,110632,398687
Polynesia,2067,163846,508363,161714,54372,109474,109661,398702
Polynesia,2068,163184,507255,164219,54062,109122,108745,398510
Polynesia,2069,162504,505974,166858,53714,108790,107921,398053
Polynesia,2070,161755,504475,169672,53332,108423,107211,397264
Polynesia,2071,160985,503162,172221,53013,107972,106467,396695
Polynesia,2072,160180,501717,174838,52612,107568,105798,395919
Polynesia,2073,159311,500154,177533,52153,107158,105214,394940
Polynesia,2074,158360,498496,180281,51657,106703,104722,393774
Polynesia,2075,157319,496757,183051,51139,106180,104330,392427
Polynesia,2076,156243,495446,185342,50688,105555,103922,391524
Polynesia,2077,155121,494099,187557,50202,104919,103551,390548
Polynesia,2078,153925,492711,189756,49684,104241,103222,389489
Polynesia,2079,152656,491290,191930,49153,103503,102935,388355
Polynesia,2080,151327,489807,194121,48632,102695,102681,387126
Polynesia,2081,150014,488817,195677,48211,101803,102355,386462
Polynesia,2082,148673,487808,197135,47760,100913,102003,385805
Polynesia,2083,147296,486738,198599,47286,100010,101626,385112
Polynesia,2084,145904,485536,200096,46817,99087,101234,384302
Polynesia,2085,144497,484150,201689,46377,98120,100818,383332
Polynesia,2086,143169,483095,202782,46061,97108,100299,382796
Polynesia,2087,141888,481912,203871,45724,96164,99705,382207
Polynesia,2088,140629,480588,204987,45373,95256,99063,381525
Polynesia,2089,139383,479102,206192,45020,94363,98400,380702
Polynesia,2090,138162,477355,207576,44691,93471,97717,379638
Polynesia,2091,137064,475861,208502,44480,92584,96939,378922
Polynesia,2092,136015,474240,209452,44228,91787,96106,378134
Polynesia,2093,135001,472408,210529,43944,91057,95251,377157
Polynesia,2094,133999,470343,211766,43643,90356,94389,375954
Polynesia,2095,133008,467998,213242,43350,89658,93529,374469
Polynesia,2096,132139,465984,214231,43157,88982,92652,373332
Polynesia,2097,131288,463816,215269,42910,88378,91767,372049
Polynesia,2098,130465,461495,216440,42634,87831,90900,370595
Polynesia,2099,129623,459005,217763,42323,87300,90065,368940
Polynesia,2100,128737,456332,219276,41982,86755,89277,367055
Portugal,1950,2490831,5336585,589551,897679,1593152,1569168,3767417
Portugal,1951,2481182,5351230,600561,904272,1576910,1552797,3798433
Portugal,1952,2474395,5389466,613395,897051,1577344,1542103,3847363
Portugal,1953,2480847,5430701,626198,892738,1588109,1531448,3899253
Portugal,1954,2498630,5467506,638597,893410,1605220,1518832,3948674
Portugal,1955,2520862,5499304,650718,896959,1623903,1504655,3994649
Portugal,1956,2538176,5527162,665993,890424,1647752,1490321,4036841
Portugal,1957,2560538,5543448,679561,891918,1668620,1473969,4069479
Portugal,1958,2581218,5554350,691568,896742,1684476,1459211,4095139
Portugal,1959,2595909,5565587,701889,902587,1693322,1449934,4115653
Portugal,1960,2604412,5579090,710469,909245,1695167,1447949,4131141
Portugal,1961,2605305,5590297,724001,924021,1681284,1433550,4156747
Portugal,1962,2606857,5596632,735315,938769,1668088,1419897,4176735
Portugal,1963,2607919,5594271,745238,950842,1657077,1406090,4188181
Portugal,1964,2605456,5579570,755066,955870,1649586,1391381,4188189
Portugal,1965,2595386,5553229,765836,950191,1645195,1376864,4176365
Portugal,1966,2590130,5498548,778172,946117,1644013,1359420,4139128
Portugal,1967,2567478,5443711,791373,920469,1647009,1348359,4095352
Portugal,1968,2535454,5397458,806168,881920,1653534,1345327,4052131
Portugal,1969,2508648,5368321,823054,846364,1662284,1350688,4017633
Portugal,1970,2498257,5361141,842457,828286,1669971,1364701,3996440
Portugal,1971,2481127,5405806,863573,810046,1671081,1389423,4016383
Portugal,1972,2483214,5469562,887020,808700,1674514,1414007,4055555
Portugal,1973,2498939,5547309,912714,820855,1678084,1438355,4108954
Portugal,1974,2516255,5634464,940681,835886,1680369,1463379,4171085
Portugal,1975,2526791,5726627,970641,845141,1681650,1489658,4236969
Portugal,1976,2545087,5807352,1002055,859262,1685825,1512668,4294684
Portugal,1977,2551713,5896193,1035723,858733,1692980,1539058,4357135
Portugal,1978,2548453,5987470,1069670,846407,1702046,1567004,4420466
Portugal,1979,2539859,6073624,1100677,828974,1710885,1592871,4480753
Portugal,1980,2527206,6150665,1126980,811427,1715779,1614570,4536095
Portugal,1981,2501892,6222646,1150719,792280,1709612,1627924,4594722
Portugal,1982,2474954,6282685,1168090,773277,1701677,1632345,4650340
Portugal,1983,2444815,6331672,1181930,754193,1690622,1629691,4701981
Portugal,1984,2407767,6372845,1196556,732591,1675176,1623327,4749518
Portugal,1985,2361480,6409384,1214711,706672,1654808,1616391,4792993
Portugal,1986,2309378,6434656,1239187,678766,1630612,1607233,4827423
Portugal,1987,2248061,6457215,1265957,648635,1599426,1600079,4857136
Portugal,1988,2179439,6482066,1295167,617541,1561898,1597236,4884830
Portugal,1989,2109244,6513000,1326330,589608,1519636,1599550,4913450
Portugal,1990,2042915,6551193,1359219,569260,1473655,1606535,4944658
Portugal,1991,1985056,6598611,1390528,557059,1427997,1615458,4983153
Portugal,1992,1933293,6653277,1423006,549881,1383412,1624134,5029143
Portugal,1993,1887289,6711375,1456332,547392,1339897,1630400,5080975
Portugal,1994,1844592,6768516,1490335,546855,1297737,1630988,5137528
Portugal,1995,1803164,6821525,1525046,545939,1257225,1624000,5197525
Portugal,1996,1774309,6862003,1556082,551527,1222782,1607787,5254216
Portugal,1997,1742767,6901869,1588248,549680,1193087,1586646,5315223
Portugal,1998,1710658,6940078,1621550,542950,1167708,1561903,5378175
Portugal,1999,1682082,6975178,1655351,536465,1145617,1534659,5440519
Portugal,2000,1659901,7006181,1689035,534984,1124917,1505327,5500854
Portugal,2001,1645797,7034322,1719193,537791,1108006,1473874,5560448
Portugal,2002,1638428,7057694,1747546,542706,1095722,1436838,5620856
Portugal,2003,1636420,7076635,1774058,549334,1087086,1396100,5680535
Portugal,2004,1635048,7094139,1799081,554204,1080844,1354706,5739433
Portugal,2005,1630032,7112467,1823224,553884,1076148,1314931,5797536
Portugal,2006,1638781,7106223,1854947,553477,1085304,1270143,5836080
Portugal,2007,1639945,7103580,1886595,544911,1095034,1233246,5870334
Portugal,2008,1631949,7100801,1919349,529308,1102641,1205063,5895738
Portugal,2009,1615738,7090724,1954154,510835,1104903,1185079,5905645
Portugal,2010,1593158,7067882,1991281,494520,1098638,1172071,5895811
Portugal,2011,1571529,7028370,2025431,485919,1085610,1150956,5877414
Portugal,2012,1546341,6976328,2059152,475212,1071129,1132737,5843591
Portugal,2013,1519766,6915272,2092636,464223,1055543,1117181,5798091
Portugal,2014,1493107,6851824,2126237,453349,1039758,1103846,5747978
Portugal,2015,1466595,6791229,2160649,442408,1024187,1092618,5698611
Portugal,2016,1437688,6743472,2190467,430805,1006883,1087880,5655592
Portugal,2017,1408409,6700031,2221066,419033,989376,1083865,5616166
Portugal,2018,1378972,6659572,2252652,407415,971557,1079954,5579618
Portugal,2019,1349817,6619476,2285373,396630,953187,1075311,5544165
Portugal,2020,1321352,6577586,2319475,387278,934074,1069310,5508276
Portugal,2021,1292628,6538997,2351014,378039,914589,1065850,5473147
Portugal,2022,1265321,6500162,2382636,371279,894042,1060186,5439976
Portugal,2023,1239345,6459783,2415336,366556,872789,1052300,5407483
Portugal,2024,1214524,6416325,2450305,363161,851363,1042417,5373908
Portugal,2025,1191027,6368541,2488239,360622,830405,1030620,5337921
Portugal,2026,1171740,6316524,2525947,360219,811521,1018616,5297908
Portugal,2027,1153843,6260879,2565616,360140,793703,1004917,5255962
Portugal,2028,1137730,6202187,2606252,360330,777400,989449,5212738
Portugal,2029,1123762,6141601,2646379,360811,762951,972149,5169452
Portugal,2030,1112012,6079537,2685507,361592,750420,953008,5126529
Portugal,2031,1105144,6017615,2719273,363797,741347,933906,5083709
Portugal,2032,1099649,5956217,2750658,365040,734609,913734,5042483
Portugal,2033,1095611,5893010,2781840,365633,729978,892831,5000179
Portugal,2034,1092867,5824930,2815951,365917,726950,871763,4953167
Portugal,2035,1091103,5750323,2854892,366095,725008,850959,4899364
Portugal,2036,1091398,5674468,2892235,365734,725664,832569,4841899
Portugal,2037,1092460,5594153,2932410,365589,726871,815007,4779146
Portugal,2038,1093721,5510848,2974367,365442,728279,798631,4712217
Portugal,2039,1094414,5427092,3016192,364873,729541,783953,4643139
Portugal,2040,1094026,5344482,3056661,363515,730511,771225,4573257
Portugal,2041,1094318,5267639,3089339,361478,732840,762424,4505215
Portugal,2042,1093469,5193326,3119249,359281,734188,756008,4437318
Portugal,2043,1091331,5122009,3146071,356802,734529,751557,4370452
Portugal,2044,1087889,5053924,3169585,353967,733922,748402,4305522
Portugal,2045,1083093,4988902,3190011,350632,732461,745951,4242951
Portugal,2046,1078767,4932378,3200112,346839,731928,746235,4186143
Portugal,2047,1073268,4880576,3205308,343225,730043,747532,4133044
Portugal,2048,1066498,4832667,3206512,339663,726835,749277,4083390
Portugal,2049,1058443,4787601,3204780,336019,722424,750798,4036803
Portugal,2050,1049156,4744360,3201078,332138,717018,751532,3992828
Portugal,2051,1041013,4708852,3187169,328329,712684,753449,3955403
Portugal,2052,1032089,4676421,3169737,324887,707202,754774,3921647
Portugal,2053,1022449,4645637,3150330,321736,700713,755244,3890393
Portugal,2054,1012266,4614649,3130816,318845,693421,754655,3859994
Portugal,2055,1001714,4581899,3112781,316147,685567,752779,3829120
Portugal,2056,993246,4553481,3087795,314006,679240,751625,3801856
Portugal,2057,984971,4524676,3062581,312521,672450,749525,3775151
Portugal,2058,976886,4494594,3038184,311518,665368,746357,3748237
Portugal,2059,968915,4462068,3016001,310761,658154,742011,3720057
Portugal,2060,960997,4425832,2997520,310043,650954,736323,3689509
Portugal,2061,956118,4392402,2973372,310250,645868,731413,3660989
Portugal,2062,951561,4357257,2950908,310453,641108,725772,3631485
Portugal,2063,947281,4319697,2931031,310607,636674,719296,3600401
Portugal,2064,943277,4279539,2914073,310723,632554,711988,3567551
Portugal,2065,939506,4236741,2900261,310784,628722,703863,3532878
Portugal,2066,938303,4197543,2881109,311289,627014,696934,3500609
Portugal,2067,937529,4158032,2862790,311796,625733,689853,3468179
Portugal,2068,937049,4118184,2845569,312241,624808,682690,3435494
Portugal,2069,936497,4077653,2830281,312455,624042,675511,3402142
Portugal,2070,935456,4035583,2818299,312239,623217,668241,3367342
Portugal,2071,936054,3997886,2801628,312027,624027,662712,3335174
Portugal,2072,936495,3961624,2785057,311667,624828,657786,3303838
Portugal,2073,936488,3926028,2769693,311065,625423,653293,3272735
Portugal,2074,935754,3890460,2756530,310140,625614,649083,3241377
Portugal,2075,934041,3854293,2746465,308775,625266,644978,3209315
Portugal,2076,933543,3824855,2729989,307274,626269,642970,3181885
Portugal,2077,932555,3797303,2713614,305888,626667,641631,3155672
Portugal,2078,930763,3770840,2698322,304456,626307,640647,3130193
Portugal,2079,927903,3744860,2684873,302787,625116,639681,3105179
Portugal,2080,923821,3718771,2673855,300710,623111,638431,3080340
Portugal,2081,921218,3700794,2654313,298801,622417,638997,3061797
Portugal,2082,917870,3684485,2634814,296977,620893,639689,3044796
Portugal,2083,913650,3668749,2616464,295135,618515,640200,3028549
Portugal,2084,908533,3652400,2600278,293203,615330,640204,3012196
Portugal,2085,902538,3634496,2587023,291101,611437,639428,2995068
Portugal,2086,898485,3623758,2565088,289454,609031,640031,2983727
Portugal,2087,894028,3612937,2544032,288028,606000,640209,2972728
Portugal,2088,889110,3601181,2524681,286726,602384,639770,2961411
Portugal,2089,883670,3587456,2508061,285433,598237,638510,2948946
Portugal,2090,877655,3570705,2495229,284037,593618,636214,2934491
Portugal,2091,874010,3559657,2474496,283317,590693,635032,2924625
Portugal,2092,870280,3547420,2455212,282725,587555,633282,2914138
Portugal,2093,866395,3533376,2438106,282182,584213,630853,2902523
Portugal,2094,862250,3516801,2424038,281605,580645,627641,2889160
Portugal,2095,857682,3496791,2414155,280883,576799,623490,2873301
Portugal,2096,855586,3482265,2396706,280814,574772,620539,2861726
Portugal,2097,853617,3466979,2380366,280771,572846,617297,2849682
Portugal,2098,851555,3450149,2366222,280637,570918,613639,2836510
Portugal,2099,849109,3430899,2355526,280277,568832,609460,2821439
Portugal,2100,846020,3408329,2349564,279584,566436,604615,2803714
Puerto Rico,1950,958300,1173598,86102,366800,591500,414199,759399
Puerto Rico,1951,953500,1167077,89119,361320,592180,407111,759966
Puerto Rico,1952,952809,1166691,92602,356445,596364,403461,763230
Puerto Rico,1953,955473,1169573,95971,353556,601917,402486,767087
Puerto Rico,1954,959823,1174533,99049,352774,607049,404229,770304
Puerto Rico,1955,964171,1181010,102234,354117,610054,408997,772013
Puerto Rico,1956,970500,1186175,105744,357133,613367,407119,779056
Puerto Rico,1957,976783,1192609,109565,357089,619694,406633,785976
Puerto Rico,1958,983826,1201052,113691,355255,628571,408149,792903
Puerto Rico,1959,992806,1212530,118117,353948,638858,412618,799912
Puerto Rico,1960,1004186,1228377,123007,355806,648380,421632,806745
Puerto Rico,1961,996566,1271930,127113,359937,636629,438465,833465
Puerto Rico,1962,993688,1316946,131520,362685,631003,450788,866158
Puerto Rico,1963,995045,1360130,136104,363871,631174,456646,903484
Puerto Rico,1964,997527,1399385,140724,362598,634929,455921,943464
Puerto Rico,1965,997308,1434923,145293,358929,638379,451082,983841
Puerto Rico,1966,1005860,1453726,149682,361310,644550,462237,991489
Puerto Rico,1967,1004924,1474626,154809,353656,651268,475923,998703
Puerto Rico,1968,998687,1496680,160931,339702,658985,491058,1005622
Puerto Rico,1969,992516,1519574,168128,325712,666804,506850,1012724
Puerto Rico,1970,989635,1543814,176392,317906,671729,523317,1020497
Puerto Rico,1971,983743,1583809,178419,314542,669201,545718,1038091
Puerto Rico,1972,979887,1627291,180170,314342,665545,567189,1060102
Puerto Rico,1973,979262,1672209,181663,317936,661326,586492,1085717
Puerto Rico,1974,981340,1717381,183029,323418,657922,602841,1114540
Puerto Rico,1975,985024,1762471,184391,328230,656794,616033,1146438
Puerto Rico,1976,990723,1797539,195322,329863,660860,606923,1190616
Puerto Rico,1977,998047,1831129,207570,333052,664995,599956,1231173
Puerto Rico,1978,1003846,1864635,221279,336409,667437,597677,1266958
Puerto Rico,1979,1006488,1897905,236171,338748,667740,600465,1297440
Puerto Rico,1980,1005897,1929920,251854,339298,666599,607348,1322572
Puerto Rico,1981,1009755,1961206,259509,341497,668258,610912,1350294
Puerto Rico,1982,1011443,1990833,266977,340303,671140,612533,1378300
Puerto Rico,1983,1009674,2020130,274878,336365,673309,614057,1406073
Puerto Rico,1984,1004582,2049871,283406,330994,673588,616558,1433313
Puerto Rico,1985,996943,2080350,292386,325661,671282,620872,1459478
Puerto Rico,1986,989674,2109363,300983,323498,666176,621890,1487473
Puerto Rico,1987,981466,2137475,309885,317977,663489,620640,1516835
Puerto Rico,1988,972334,2165036,319843,310715,661619,617943,1547093
Puerto Rico,1989,963364,2192397,330869,304315,659049,614852,1577545
Puerto Rico,1990,955727,2219852,342396,301431,654296,612890,1606962
Puerto Rico,1991,950083,2250628,350876,302652,647431,614371,1636257
Puerto Rico,1992,945922,2281632,359326,305762,640160,617647,1663985
Puerto Rico,1993,942609,2312300,367797,310237,632372,622644,1689656
Puerto Rico,1994,938579,2342216,376617,313789,624790,628312,1713904
Puerto Rico,1995,932575,2370942,386124,314493,618082,633644,1737298
Puerto Rico,1996,930725,2394753,393846,317513,613212,631037,1763716
Puerto Rico,1997,925484,2418685,402190,313617,611867,627108,1791577
Puerto Rico,1998,916810,2441356,411170,304512,612298,622791,1818565
Puerto Rico,1999,906119,2459994,420462,293845,612274,618126,1841868
Puerto Rico,2000,894604,2472631,429742,285033,609571,613001,1859630
Puerto Rico,2001,884723,2478176,437008,277707,607016,609931,1868245
Puerto Rico,2002,874508,2478501,443019,272078,602430,605304,1873197
Puerto Rico,2003,863724,2475524,448020,268236,595488,600594,1874930
Puerto Rico,2004,851650,2472098,452611,264892,586758,597128,1874970
Puerto Rico,2005,838217,2469794,457388,260802,577415,595247,1874547
Puerto Rico,2006,825291,2466900,462922,256081,569210,589335,1877565
Puerto Rico,2007,812138,2465315,467805,251634,560504,584322,1880993
Puerto Rico,2008,797957,2465608,472223,246974,550983,580878,1884730
Puerto Rico,2009,782592,2466988,476751,241863,540729,578833,1888155
Puerto Rico,2010,766351,2468170,482172,236310,530041,577614,1890556
Puerto Rico,2011,751267,2463969,491748,231675,519592,572707,1891262
Puerto Rico,2012,734916,2460462,502198,224900,510016,568029,1892433
Puerto Rico,2013,717822,2457966,512935,217054,500768,563816,1894150
Puerto Rico,2014,701149,2456366,523200,209767,491382,559751,1896615
Puerto Rico,2015,685757,2455097,532874,204209,481548,555360,1899737
Puerto Rico,2016,670073,2453139,544691,198080,471993,548263,1904876
Puerto Rico,2017,657039,2450455,555637,194885,462154,539835,1910620
Puerto Rico,2018,645462,2447568,565977,193765,451697,530936,1916632
Puerto Rico,2019,633715,2444885,576378,193069,440646,522420,1922465
Puerto Rico,2020,621170,2441979,587459,191700,429470,514546,1927433
Puerto Rico,2021,611318,2435150,599251,192129,419189,504736,1930414
Puerto Rico,2022,600286,2428740,611364,190420,409866,495338,1933402
Puerto Rico,2023,588747,2422323,623678,187262,401485,486456,1935867
Puerto Rico,2024,578101,2414875,636062,184017,394084,477766,1937109
Puerto Rico,2025,569092,2405660,648669,181648,387444,468959,1936701
Puerto Rico,2026,561502,2394704,661686,179296,382206,458693,1936011
Puerto Rico,2027,555560,2382142,674597,177613,377947,448169,1933973
Puerto Rico,2028,550595,2368451,687382,176465,374130,437842,1930609
Puerto Rico,2029,545558,2354266,700158,175295,370263,428084,1926182
Puerto Rico,2030,539942,2339631,713175,173738,366204,418985,1920646
Puerto Rico,2031,535278,2323788,725581,172383,362895,408970,1914818
Puerto Rico,2032,530170,2307703,737799,170549,359621,399426,1908277
Puerto Rico,2033,524514,2291574,749768,168323,356191,390832,1900742
Puerto Rico,2034,518536,2275223,761456,165962,352574,383509,1891714
Puerto Rico,2035,512434,2258273,773071,163636,348798,377485,1880788
Puerto Rico,2036,507094,2240844,783603,161390,345704,371292,1869552
Puerto Rico,2037,501683,2223229,793562,159135,342548,366257,1856972
Puerto Rico,2038,495943,2205391,803251,156884,339059,362363,1843028
Puerto Rico,2039,489737,2186992,813167,154605,335132,359201,1827791
Puerto Rico,2040,483113,2167563,823758,152295,330818,356343,1811220
Puerto Rico,2041,477265,2147068,833870,150220,327045,352319,1794749
Puerto Rico,2042,471226,2125928,844077,148104,323122,348402,1777526
Puerto Rico,2043,464852,2104497,854184,145973,318879,344865,1759632
Puerto Rico,2044,458149,2082868,864115,143863,314286,341784,1741084
Puerto Rico,2045,451215,2060668,874156,141808,309407,339019,1721649
Puerto Rico,2046,445369,2038085,882830,140155,305214,335069,1703016
Puerto Rico,2047,439492,2015411,890993,138421,301071,331210,1684201
Puerto Rico,2048,433427,1992624,898930,136651,296776,327636,1664988
Puerto Rico,2049,427189,1969512,906917,134918,292271,324322,1645190
Puerto Rico,2050,420908,1945718,915278,133299,287609,321108,1624610
Puerto Rico,2051,415872,1921855,922152,132116,283756,316689,1605166
Puerto Rico,2052,410978,1897847,928729,130879,280099,312188,1585659
Puerto Rico,2053,406056,1873631,935253,129621,276435,307892,1565739
Puerto Rico,2054,401039,1848813,942185,128366,272673,303906,1544907
Puerto Rico,2055,395961,1822847,950014,127139,268822,300146,1522701
Puerto Rico,2056,392115,1796448,956770,126311,265804,295387,1501061
Puerto Rico,2057,388325,1769505,963763,125296,263029,290710,1478795
Puerto Rico,2058,384436,1742289,970873,124155,260281,286375,1455914
Puerto Rico,2059,380394,1714993,977968,122952,257442,282461,1432532
Puerto Rico,2060,376232,1687476,985148,121746,254486,278870,1408606
Puerto Rico,2061,373102,1660742,990274,120805,252297,274519,1386223
Puerto Rico,2062,369978,1634335,994838,119724,250254,270372,1363963
Puerto Rico,2063,366673,1608415,998880,118540,248133,266663,1341752
Puerto Rico,2064,363090,1582968,1002506,117283,245807,263441,1319527
Puerto Rico,2065,359245,1557710,1006003,115984,243261,260597,1297113
Puerto Rico,2066,356277,1533922,1006953,114902,241375,257142,1276780
Puerto Rico,2067,353202,1510919,1007038,113707,239495,253931,1256988
Puerto Rico,2068,349840,1488590,1006563,112423,237417,251148,1237442
Puerto Rico,2069,346141,1466612,1005916,111083,235058,248797,1217815
Puerto Rico,2070,342159,1444580,1005454,109724,232435,246761,1197819
Puerto Rico,2071,339002,1423796,1002782,108602,230400,244122,1179674
Puerto Rico,2072,335737,1403356,999760,107406,228331,241651,1161705
Puerto Rico,2073,332216,1383579,996218,106158,226058,239509,1144070
Puerto Rico,2074,328412,1364703,991979,104887,223525,237687,1127016
Puerto Rico,2075,324354,1346539,987213,103612,220742,236032,1110507
Puerto Rico,2076,321160,1330329,979568,102619,218541,233713,1096616
Puerto Rico,2077,317894,1315244,970858,101542,216352,231438,1083806
Puerto Rico,2078,314423,1300948,961559,100415,214008,229361,1071587
Puerto Rico,2079,310731,1286804,952365,99280,211451,227482,1059322
Puerto Rico,2080,306880,1272195,943868,98185,208695,225696,1046499
Puerto Rico,2081,303949,1258666,933461,97391,206558,223289,1035377
Puerto Rico,2082,301042,1245096,923198,96564,204478,220865,1024231
Puerto Rico,2083,298010,1231487,913226,95714,202296,218584,1012903
Puerto Rico,2084,294805,1217819,903652,94846,199959,216484,1001335
Puerto Rico,2085,291461,1203900,894647,93981,197480,214491,989409
Puerto Rico,2086,289023,1190963,883969,93420,195603,211929,979034
Puerto Rico,2087,286575,1178131,873442,92740,193835,209388,968743
Puerto Rico,2088,284037,1165450,863100,91984,192053,207044,958406
Puerto Rico,2089,281374,1152739,853213,91195,190179,204922,947817
Puerto Rico,2090,278576,1139570,844211,90399,188177,202929,936641
Puerto Rico,2091,276555,1127275,833900,89826,186729,200469,926806
Puerto Rico,2092,274554,1115060,823838,89168,185386,198089,916971
Puerto Rico,2093,272429,1102859,814278,88443,183986,195915,906944
Puerto Rico,2094,270090,1090565,805416,87660,182430,193971,896594
Puerto Rico,2095,267563,1078017,797431,86849,180714,192196,885821
Puerto Rico,2096,265703,1066563,788146,86219,179484,190075,876488
Puerto Rico,2097,263790,1055253,779235,85510,178280,188053,867200
Puerto Rico,2098,261724,1044144,770772,84748,176976,186262,857882
Puerto Rico,2099,259470,1033195,762870,83953,175517,184722,848473
Puerto Rico,2100,257041,1022226,755701,83137,173904,183369,838857
Qatar,1950,10565,13578,860,4321,6244,4637,8941
Qatar,1951,11606,14966,925,4819,6787,5201,9765
Qatar,1952,12625,16269,979,5383,7242,5704,10565
Qatar,1953,13517,17519,1024,5879,7638,6153,11366
Qatar,1954,14254,18722,1066,6254,8000,6546,12176
Qatar,1955,14862,19896,1108,6515,8347,6876,13020
Qatar,1956,15693,20778,1151,6897,8796,7244,13534
Qatar,1957,16443,21811,1196,7153,9290,7648,14163
Qatar,1958,17248,23049,1249,7394,9854,8098,14951
Qatar,1959,18260,24556,1310,7739,10521,8607,15949
Qatar,1960,19596,26395,1393,8290,11306,9183,17212
Qatar,1961,21089,28897,1435,8689,12400,10292,18605
Qatar,1962,22824,31936,1503,9293,13531,11511,20425
Qatar,1963,24734,35402,1581,10074,14660,12793,22609
Qatar,1964,26706,39189,1672,10956,15750,14076,25113
Qatar,1965,28681,43185,1767,11887,16794,15306,27879
Qatar,1966,30596,47410,1838,12760,17836,17031,30379
Qatar,1967,32485,51901,1909,13675,18810,18661,33240
Qatar,1968,34510,56703,1988,14666,19844,20152,36551
Qatar,1969,36828,61969,2077,15771,21057,21525,40444
Qatar,1970,39504,67813,2197,16982,22522,22787,45026
Qatar,1971,42677,74368,2379,17904,24773,25042,49326
Qatar,1972,45904,82015,2615,19011,26893,27578,54437
Qatar,1973,49028,90323,2890,20237,28791,30195,60128
Qatar,1974,51883,98631,3190,21523,30360,32598,66033
Qatar,1975,54470,106450,3493,22869,31601,34520,71930
Qatar,1976,57657,112655,3524,24227,33430,37151,75504
Qatar,1977,60564,118379,3500,25721,34843,39168,79211
Qatar,1978,63925,124712,3456,27591,36334,40838,83874
Qatar,1979,68643,133217,3453,30183,38460,42668,90549
Qatar,1980,75358,144909,3508,33721,41637,44934,99975
Qatar,1981,79852,164596,3696,35940,43912,50290,114306
Qatar,1982,86207,187235,3954,39245,46962,54600,132635
Qatar,1983,93671,211567,4241,43017,50654,57371,154196
Qatar,1984,101015,235925,4515,46378,54637,58409,177516
Qatar,1985,107306,259021,4754,48698,58608,57947,201074
Qatar,1986,116205,276698,5029,51803,64402,59815,216883
Qatar,1987,123076,293962,5303,53215,69861,61953,232009
Qatar,1988,128239,309989,5566,53279,74960,63926,246063
Qatar,1989,132137,323917,5816,52624,79513,65314,258603
Qatar,1990,134897,335478,6070,51639,83258,65947,269531
Qatar,1991,136239,344848,6404,50081,86158,70190,274658
Qatar,1992,137382,351460,6675,49485,87897,72582,278878
Qatar,1993,138468,356217,6881,49566,88902,73072,283145
Qatar,1994,139357,360705,7033,49829,89528,72234,288471
Qatar,1995,140157,366162,7136,49998,90159,70761,295401
Qatar,1996,141182,373589,7533,49958,91224,72058,301531
Qatar,1997,142472,384114,8022,50344,92128,74184,309930
Qatar,1998,144493,397335,8602,51209,93284,76708,320627
Qatar,1999,147673,412526,9248,52680,94993,79234,333292
Qatar,2000,152388,429919,9960,54840,97548,81755,348164
Qatar,2001,151252,455810,9824,54454,96798,93425,362385
Qatar,2002,151958,483992,9709,54877,97081,101104,382888
Qatar,2003,156864,521981,9741,56779,100085,106423,415558
Qatar,2004,168417,580375,10063,61035,107382,111911,468464
Qatar,2005,187778,666357,10728,68238,119540,119247,547110
Qatar,2006,187886,810573,11923,69913,117973,174956,635617
Qatar,2007,193712,982313,13608,73870,119842,220407,761906
Qatar,2008,204473,1169384,15485,78875,125598,250577,918807
Qatar,2009,218252,1355294,17234,84288,133964,262279,1093015
Qatar,2010,232856,1528238,18582,90083,142773,257296,1270942
Qatar,2011,259486,1672461,20107,98370,161116,307644,1364817
Qatar,2012,281838,1806118,21612,106895,174943,347162,1458956
Qatar,2013,303599,1923698,23176,115479,188120,368717,1554981
Qatar,2014,324863,2024601,24955,122893,201970,372320,1652281
Qatar,2015,343106,2111390,27043,127393,215713,362614,1748776
Qatar,2016,356736,2182534,30534,129960,226776,382198,1800336
Qatar,2017,366251,2238468,34492,132379,233872,392353,1846115
Qatar,2018,374278,2281651,38920,133965,240313,387777,1893874
Qatar,2019,382273,2317874,43754,134692,247581,370205,1947669
Qatar,2020,390081,2352781,48945,134772,255309,345775,2007006
Qatar,2021,397480,2388000,54918,134725,262755,356381,2031619
Qatar,2022,402110,2425389,61437,135251,266859,368394,2056995
Qatar,2023,406572,2461969,68618,136114,270458,373982,2087987
Qatar,2024,411733,2495587,76638,136942,274791,369730,2125857
Qatar,2025,416788,2526164,85616,137300,279488,357697,2168467
Qatar,2026,420541,2554893,95983,137089,283452,370947,2183946
Qatar,2027,421915,2584108,107276,137164,284751,383427,2200681
Qatar,2028,423004,2611447,119688,137343,285661,389098,2222349
Qatar,2029,424719,2635484,133520,137435,287284,385775,2249709
Qatar,2030,426658,2656322,148931,137231,289427,375508,2280814
Qatar,2031,427980,2674673,166148,136539,291441,382150,2292523
Qatar,2032,427598,2692025,184863,136115,291483,388284,2303741
Qatar,2033,427061,2707180,204568,135886,291175,389914,2317266
Qatar,2034,427066,2719899,224558,135730,291336,385336,2334563
Qatar,2035,427307,2730805,244385,135388,291919,375704,2355101
Qatar,2036,425841,2742444,263389,134141,291700,383845,2358599
Qatar,2037,423729,2753492,281996,133793,289936,389608,2363884
Qatar,2038,422092,2763392,300059,134000,288092,389979,2373413
Qatar,2039,421245,2772527,317436,134415,286830,384188,2388339
Qatar,2040,420843,2781674,334100,134796,286047,373710,2407964
Qatar,2041,420417,2791829,349685,135324,285093,379842,2411987
Qatar,2042,419178,2803325,364589,136119,283059,383801,2419524
Qatar,2043,418452,2814609,378954,137073,281379,383004,2431605
Qatar,2044,418816,2824787,392962,138099,280717,376743,2448044
Qatar,2045,419975,2833891,406759,139079,280896,366285,2467606
Qatar,2046,421283,2842662,420251,140061,281222,373401,2469261
Qatar,2047,421942,2851800,433578,141025,280917,377898,2473902
Qatar,2048,423206,2859571,447150,141965,281241,377283,2482288
Qatar,2049,425475,2864886,461573,142880,282595,371018,2493868
Qatar,2050,428319,2867656,477310,143707,284612,360490,2507166
Qatar,2051,430711,2868081,495142,144113,286598,366087,2501994
Qatar,2052,432486,2867324,514076,144846,287640,369310,2498014
Qatar,2053,434661,2864270,534171,145744,288917,367956,2496314
Qatar,2054,437428,2858615,555565,146575,290853,361734,2496881
Qatar,2055,440317,2850751,578301,147117,293200,352075,2498676
Qatar,2056,442615,2840685,603094,147286,295329,358244,2482441
Qatar,2057,443868,2829729,629060,147547,296321,362825,2466904
Qatar,2058,445160,2817589,655417,147813,297347,363482,2454107
Qatar,2059,446895,2805001,681026,148018,298877,359542,2445459
Qatar,2060,448762,2792897,705269,148058,300704,352088,2440809
Qatar,2061,449942,2781380,728857,147709,302233,359348,2422032
Qatar,2062,450230,2771815,750639,147634,302596,364878,2406937
Qatar,2063,450627,2762727,771111,147721,302906,366468,2396259
Qatar,2064,451433,2752882,791223,147829,303604,363486,2389396
Qatar,2065,452317,2741926,811688,147801,304516,356959,2384967
Qatar,2066,452757,2730653,832236,147554,305203,364069,2366584
Qatar,2067,452382,2719839,852458,147585,304797,369299,2350540
Qatar,2068,452141,2708585,872319,147770,304371,370580,2338005
Qatar,2069,452360,2696805,891552,147988,304372,367386,2329419
Qatar,2070,452770,2684903,910028,148107,304663,360737,2324166
Qatar,2071,453113,2674249,926633,148169,304944,366856,2307393
Qatar,2072,452746,2664684,942175,148413,304333,371130,2293554
Qatar,2073,452584,2655045,956865,148758,303826,371632,2283413
Qatar,2074,452956,2644774,970931,149127,303829,367871,2276903
Qatar,2075,453610,2633941,984540,149431,304179,360827,2273114
Qatar,2076,454343,2624496,995939,149694,304649,365719,2258777
Qatar,2077,454515,2615710,1006512,150162,304353,368884,2246826
Qatar,2078,454947,2606588,1016418,150735,304212,368572,2238016
Qatar,2079,455856,2596691,1025867,151282,304574,364383,2232308
Qatar,2080,456943,2586070,1035101,151674,305269,357254,2228816
Qatar,2081,458116,2576559,1042393,152014,306102,361309,2215250
Qatar,2082,458670,2567653,1048983,152418,306252,363944,2203709
Qatar,2083,459370,2558444,1055047,152823,306547,363518,2194926
Qatar,2084,460456,2548445,1060856,153163,307293,359607,2188838
Qatar,2085,461641,2537604,1066831,153344,308297,353045,2184559
Qatar,2086,462727,2527696,1071395,153365,309362,356850,2170846
Qatar,2087,463241,2518466,1075324,153520,309721,359472,2158994
Qatar,2088,463852,2509032,1078903,153727,310125,359368,2149664
Qatar,2089,464714,2498851,1082585,153879,310835,356109,2142742
Qatar,2090,465520,2487715,1086957,153851,311669,350410,2137305
Qatar,2091,466235,2477819,1089909,153693,312542,354261,2123558
Qatar,2092,466351,2468564,1092596,153680,312671,357076,2111488
Qatar,2093,466439,2458927,1095473,153715,312724,357362,2101565
Qatar,2094,466668,2448541,1098798,153693,312975,354682,2093859
Qatar,2095,466810,2437575,1102639,153509,313301,349707,2087868
Qatar,2096,467004,2428476,1104443,153283,313721,353378,2075098
Qatar,2097,466584,2419978,1106198,153169,313415,356028,2063950
Qatar,2098,466152,2411367,1108052,153095,313057,356328,2055039
Qatar,2099,465935,2402317,1110194,153004,312931,353909,2048408
Qatar,2100,465764,2392724,1112934,152836,312928,349346,2043378
Reunion,1950,98424,140035,9651,41910,56514,45833,94202
Reunion,1951,104974,144338,9983,45430,59544,46858,97480
Reunion,1952,111374,146908,10204,49101,62273,47372,99536
Reunion,1953,117215,148937,10374,52155,65060,47752,101185
Reunion,1954,122327,151218,10535,54263,68064,48239,102979
Reunion,1955,126858,154097,10703,55555,71303,48961,105136
Reunion,1956,132210,156425,10936,57587,74623,49542,106883
Reunion,1957,136951,159833,11195,58366,78585,50503,109330
Reunion,1958,141467,163959,11453,58531,82936,51782,112177
Reunion,1959,146080,168404,11683,58771,87309,53351,115053
Reunion,1960,150835,172999,11859,59569,91266,55232,117767
Reunion,1961,156125,177141,12139,60177,95948,56991,120150
Reunion,1962,161745,181319,12365,61592,100153,59101,122218
Reunion,1963,167487,186012,12579,63607,103880,61755,124257
Reunion,1964,173073,191872,12846,65802,107271,65170,126702
Reunion,1965,178467,199112,13196,68052,110415,69409,129703
Reunion,1966,186028,205568,13694,71905,114123,71658,133910
Reunion,1967,193324,213427,14237,74325,118999,74513,138914
Reunion,1968,200016,221894,14780,75493,124523,77839,144055
Reunion,1969,205593,229900,15247,75554,130039,81320,148580
Reunion,1970,209428,236958,15639,74566,134862,84895,152063
Reunion,1971,210594,243160,16365,73260,137334,88821,154339
Reunion,1972,210027,248394,17052,70702,139325,92451,155943
Reunion,1973,208109,253102,17699,67352,140757,95896,157206
Reunion,1974,205557,257793,18339,63959,141598,99196,158597
Reunion,1975,203024,262787,18966,61198,141826,102392,160395
Reunion,1976,199621,268997,19731,58069,141552,105005,163992
Reunion,1977,196907,274921,20458,56580,140327,107293,167628
Reunion,1978,194734,281010,21167,56408,138326,109703,171307
Reunion,1979,192873,287759,21868,56889,135984,112584,175175
Reunion,1980,191303,295375,22587,57470,133833,116007,179368
Reunion,1981,188799,304914,23700,58301,130498,118646,186268
Reunion,1982,187028,315078,24843,59164,127864,120971,194107
Reunion,1983,185967,325406,26027,60047,125920,122894,202512
Reunion,1984,185696,335161,27284,61074,124622,124136,211025
Reunion,1985,186106,343951,28642,62229,123877,124630,219321
Reunion,1986,186105,353126,29686,63209,122896,126835,226291
Reunion,1987,186456,361655,30827,64401,122055,128375,233280
Reunion,1988,187054,369909,32023,65618,121436,129367,240542
Reunion,1989,187758,378460,33236,66657,121101,129980,248480
Reunion,1990,188578,387577,34427,67540,121038,130289,257288
Reunion,1991,191108,395671,35639,69187,121921,128343,267328
Reunion,1992,193344,404607,36842,69727,123617,126382,278225
Reunion,1993,195419,414078,38091,69581,125838,124716,289362
Reunion,1994,197564,423574,39425,69312,128252,123531,300043
Reunion,1995,199855,432805,40881,69318,130537,122890,309915
Reunion,1996,202136,441840,42487,69029,133107,121895,319945
Reunion,1997,204678,450458,44163,69140,135538,121236,329222
Reunion,1998,207163,458954,45875,69590,137573,121201,337753
Reunion,1999,209263,467648,47573,70191,139072,121869,345779
Reunion,2000,210859,476627,49224,70784,140075,123154,353473
Reunion,2001,212284,485411,50963,71436,140848,125337,360074
Reunion,2002,213261,494335,52662,72440,140821,128171,366164
Reunion,2003,213654,503363,54367,73514,140140,131495,371868
Reunion,2004,213412,512340,56112,74286,139126,134964,377376
Reunion,2005,212614,521056,57928,74527,138087,138191,382865
Reunion,2006,213390,527087,60066,75346,138044,136552,390535
Reunion,2007,213359,532928,62448,74833,138526,135399,397529
Reunion,2008,212674,538577,65084,73460,139214,134991,403586
Reunion,2009,211807,543780,67950,71986,139821,135210,408570
Reunion,2010,211094,548362,71063,70953,140141,135730,412632
Reunion,2011,210539,552694,74071,69506,141033,132672,420022
Reunion,2012,210754,555948,77205,69012,141742,129608,426340
Reunion,2013,211061,558696,80643,69152,141909,127363,431333
Reunion,2014,210738,561493,84636,69279,141459,126480,435013
Reunion,2015,209584,564439,89340,68984,140600,126961,437478
Reunion,2016,208601,567781,93543,69134,139467,128237,439544
Reunion,2017,206799,571457,98306,68378,138421,129782,441675
Reunion,2018,204472,575253,103522,67026,137446,131552,443701
Reunion,2019,202199,578739,108980,65686,136513,133297,445442
Reunion,2020,200315,581629,114592,64781,135534,134780,446849
Reunion,2021,198632,584592,119858,63785,134847,135922,448670
Reunion,2022,197506,586906,125158,63360,134146,136506,450400
Reunion,2023,196695,588668,130615,63379,133316,136697,451971
Reunion,2024,195796,590076,136407,63503,132293,136695,453381
Reunion,2025,194624,591196,142626,63499,131125,136582,454614
Reunion,2026,193827,591922,148723,63759,130068,135872,456050
Reunion,2027,192811,592424,155108,63781,129030,134975,457449
Reunion,2028,191655,592654,161742,63617,128038,134035,458619
Reunion,2029,190557,592464,168574,63411,127146,133154,459310
Reunion,2030,189626,591755,175589,63270,126356,132364,459391
Reunion,2031,189109,590879,182196,63250,125859,131304,459575
Reunion,2032,188699,589607,188891,63153,125546,130349,459258
Reunion,2033,188333,588127,195540,63008,125325,129528,458599
Reunion,2034,187917,586715,201957,62806,125111,128766,457949
Reunion,2035,187400,585504,208026,62546,124854,127988,457516
Reunion,2036,187074,584942,212998,62291,124783,126870,458072
Reunion,2037,186691,584661,217497,61983,124708,125712,458949
Reunion,2038,186174,584558,221670,61622,124552,124656,459902
Reunion,2039,185496,584451,225736,61211,124285,123826,460625
Reunion,2040,184655,584193,229834,60751,123904,123248,460945
Reunion,2041,183956,584371,233072,60305,123651,122578,461793
Reunion,2042,183134,584469,236221,59830,123304,122109,462360
Reunion,2043,182140,584584,239242,59331,122809,121864,462720
Reunion,2044,180981,584837,242005,58814,122167,121780,463057
Reunion,2045,179678,585263,244478,58287,121391,121765,463498
Reunion,2046,178553,586361,245817,57821,120732,121482,464879
Reunion,2047,177355,587650,246784,57363,119992,121228,466422
Reunion,2048,176056,589060,247482,56911,119145,121056,468004
Reunion,2049,174649,590434,248100,56462,118187,120947,469487
Reunion,2050,173146,591572,248843,56010,117136,120832,470740
Reunion,2051,171935,593038,248770,55681,116254,120397,472641
Reunion,2052,170695,594391,248650,55324,115371,119908,474483
Reunion,2053,169396,595518,248644,54946,114450,119420,476098
Reunion,2054,168046,596314,248881,54567,113479,118943,477371
Reunion,2055,166668,596677,249450,54209,112459,118440,478237
Reunion,2056,165600,597164,249465,53960,111640,117628,479536
Reunion,2057,164572,597343,249658,53705,110867,116762,480581
Reunion,2058,163542,597160,250114,53443,110099,115915,481245
Reunion,2059,162479,596533,250960,53172,109307,115119,481414
Reunion,2060,161370,595365,252347,52889,108481,114352,481013
Reunion,2061,160551,594171,253407,52703,107848,113336,480835
Reunion,2062,159734,592637,254749,52466,107268,112335,480302
Reunion,2063,158894,590745,256450,52196,106698,111416,479329
Reunion,2064,158003,588397,258633,51904,106099,110594,477803
Reunion,2065,157060,585506,261406,51600,105460,109835,475671
Reunion,2066,156359,582750,263792,51357,105002,108915,473835
Reunion,2067,155660,579659,266509,51095,104565,108048,471611
Reunion,2068,154897,576277,269581,50807,104090,107277,469000
Reunion,2069,154040,572756,272878,50491,103549,106607,466149
Reunion,2070,153093,569220,276282,50152,102941,106016,463204
Reunion,2071,152371,566338,278798,49872,102499,105294,461044
Reunion,2072,151596,563581,281237,49558,102038,104622,458959
Reunion,2073,150747,560883,283671,49220,101527,104047,456836
Reunion,2074,149817,558074,286277,48867,100950,103570,454504
Reunion,2075,148801,554964,289225,48502,100299,103145,451819
Reunion,2076,148006,552350,291421,48202,99804,102600,449750
Reunion,2077,147174,549586,293758,47890,99284,102078,447508
Reunion,2078,146262,546661,296278,47565,98697,101607,445054
Reunion,2079,145255,543636,298930,47226,98029,101185,442451
Reunion,2080,144178,540558,301649,46883,97295,100786,439772
Reunion,2081,143371,538264,303238,46633,96738,100273,437991
Reunion,2082,142523,535941,304817,46364,96159,99741,436200
Reunion,2083,141613,533567,306427,46082,95531,99236,434331
Reunion,2084,140645,531052,308144,45795,94850,98762,432290
Reunion,2085,139624,528314,310028,45503,94121,98294,430020
Reunion,2086,138890,526201,310899,45311,93579,97721,428480
Reunion,2087,138131,523934,311845,45093,93038,97125,426809
Reunion,2088,137328,521485,312901,44856,92472,96546,424939
Reunion,2089,136471,518825,314119,44605,91866,95991,422834
Reunion,2090,135568,515889,315535,44348,91220,95441,420448
Reunion,2091,134940,513540,315991,44179,90761,94814,418726
Reunion,2092,134298,511023,316527,43985,90313,94173,416850
Reunion,2093,133613,508317,317183,43771,89842,93560,414757
Reunion,2094,132875,505407,318004,43540,89335,92986,412421
Reunion,2095,132076,502222,319066,43296,88780,92426,409796
Reunion,2096,131527,499649,319190,43127,88400,91823,407826
Reunion,2097,130963,496957,319369,42940,88023,91228,405729
Reunion,2098,130357,494142,319645,42738,87619,90678,403464
Reunion,2099,129688,491162,320097,42516,87172,90170,400992
Reunion,2100,128939,487944,320820,42273,86666,89679,398265
Romania,1950,4588126,10716380,931790,1644666,2943460,3182517,7533863
Romania,1951,4687022,10858811,966831,1821427,2865595,3196695,7662116
Romania,1952,4740770,11023823,1000311,1926389,2814381,3217116,7806707
Romania,1953,4763601,11208532,1033584,1960262,2803339,3238208,7970324
Romania,1954,4790964,11386566,1066288,1953598,2837366,3243695,8142871
Romania,1955,4848246,11537780,1097909,1944766,2903480,3223326,8314454
Romania,1956,4945254,11647795,1133582,1949326,2995928,3179411,8468384
Romania,1957,5064160,11736941,1167365,1943475,3120685,3115644,8621297
Romania,1958,5196296,11806449,1199967,1935935,3260361,3038968,8767481
Romania,1959,5309330,11877280,1233844,1914715,3394615,2964839,8912441
Romania,1960,5374768,11968134,1271037,1863093,3511675,2905355,9062779
Romania,1961,5394712,12065078,1320412,1780203,3614509,2858453,9206625
Romania,1962,5367116,12183918,1373123,1674309,3692807,2823970,9359948
Romania,1963,5307758,12324252,1427928,1564647,3743111,2810142,9514110
Romania,1964,5252434,12473172,1481529,1490058,3762376,2825799,9647373
Romania,1965,5226754,12620765,1532049,1475674,3751080,2874942,9745823
Romania,1966,5176139,12825175,1581013,1446733,3729406,2973180,9851995
Romania,1967,5202517,12988409,1619659,1551073,3651444,3094607,9893802
Romania,1968,5269862,13132264,1653795,1735539,3534323,3229224,9903040
Romania,1969,5321570,13291567,1692173,1913551,3408019,3362928,9928639
Romania,1970,5330838,13478857,1739216,2028480,3302358,3484272,9994585
Romania,1971,5438051,13558101,1787596,2223058,3214993,3563619,9994482
Romania,1972,5447159,13717966,1846579,2251284,3195875,3646841,10071125
Romania,1973,5412536,13908752,1912178,2167349,3245187,3715799,10192953
Romania,1974,5415574,14057754,1977797,2067385,3348189,3744661,10313093
Romania,1975,5491756,14133872,2040015,2020128,3471628,3722448,10411424
Romania,1976,5534556,14224509,2118337,1914962,3619594,3675348,10549161
Romania,1977,5672799,14219905,2191070,1911580,3761219,3570462,10649443
Romania,1978,5855724,14172255,2251325,1977733,3877991,3438080,10734175
Romania,1979,5998502,14167780,2290663,2040496,3958006,3324682,10843098
Romania,1980,6059112,14248246,2304613,2050086,4009026,3256703,10991543
Romania,1981,6109939,14333900,2295978,2072462,4037477,3213000,11120900
Romania,1982,6071490,14506979,2263848,2026605,4044885,3213450,11293529
Romania,1983,5973689,14731781,2223455,1933370,4040319,3252804,11478977
Romania,1984,5877354,14941189,2194618,1844493,4032861,3316977,11624212
Romania,1985,5816296,15098092,2189258,1795043,4021253,3396206,11701886
Romania,1986,5741379,15242551,2221356,1731085,4010294,3499233,11743318
Romania,1987,5716928,15326563,2268580,1735190,3981738,3617205,11709358
Romania,1988,5713411,15369447,2325564,1779889,3933522,3737144,11632303
Romania,1989,5676953,15410140,2385488,1809095,3867858,3842259,11567881
Romania,1990,5578553,15466748,2444072,1785450,3793103,3920669,11546079
Romania,1991,5506813,15434484,2512916,1792329,3714484,3941344,11493140
Romania,1992,5349193,15440291,2583874,1697810,3651383,3942618,11497673
Romania,1993,5140307,15462148,2653540,1537514,3602793,3927356,11534792
Romania,1994,4939409,15461113,2715653,1378160,3561249,3899834,11561279
Romania,1995,4777822,15420072,2767217,1266511,3511311,3864641,11555431
Romania,1996,4576474,15390090,2837601,1116553,3459921,3809497,11580593
Romania,1997,4445195,15298704,2888906,1064890,3380305,3742805,11555899
Romania,1998,4351806,15177881,2928390,1082846,3268960,3676659,11501222
Romania,1999,4244087,15076260,2967710,1113677,3130410,3623787,11452473
Romania,2000,4100564,15015308,3012256,1120087,2980477,3587438,11427870
Romania,2001,3990078,14921383,3072674,1167846,2822232,3516611,11404772
Romania,2002,3839032,14875307,3140337,1165170,2673862,3461939,11413368
Romania,2003,3668666,14855659,3204594,1126733,2541933,3417676,11437983
Romania,2004,3519437,14823900,3247827,1086343,2433094,3369324,11454576
Romania,2005,3411257,14758571,3261190,1066995,2344262,3307041,11451530
Romania,2006,3325418,14643327,3275177,1048801,2276617,3175676,11467651
Romania,2007,3279654,14494346,3262111,1046359,2233295,3039190,11455156
Romania,2008,3260884,14325522,3234678,1056336,2204548,2908954,11416568
Romania,2009,3246198,14159497,3212260,1064742,2181456,2791238,11368259
Romania,2010,3225108,14008590,3206649,1063409,2161699,2685822,11322768
Romania,2011,3196988,13877885,3218094,1061868,2135120,2595079,11282806
Romania,2012,3162355,13765440,3243460,1045029,2117326,2495547,11269893
Romania,2013,3124131,13662780,3281290,1017743,2106388,2395197,11267583
Romania,2014,3090317,13554932,3327487,990755,2099562,2306070,11248862
Romania,2015,3064321,13433330,3378970,971250,2093071,2235880,11197450
Romania,2016,3028566,13304737,3444780,944164,2084402,2183660,11121077
Romania,2017,3003813,13162673,3512820,931821,2071992,2147317,11015356
Romania,2018,2984475,13015307,3580852,929859,2054616,2124123,10891184
Romania,2019,2961937,12874665,3646758,929540,2032397,2108248,10766417
Romania,2020,2932475,12746946,3708941,924998,2007477,2095396,10651550
Romania,2021,2906363,12612949,3775765,925959,1980404,2084335,10528614
Romania,2022,2871776,12490834,3839854,918870,1952906,2076550,10414284
Romania,2023,2832459,12382957,3894901,905942,1926517,2070587,10312370
Romania,2024,2795166,12292523,3930858,892356,1902810,2064606,10227917
Romania,2025,2763177,12220685,3943134,881709,1881468,2057319,10163366
Romania,2026,2732923,12158730,3943862,871116,1861807,2048256,10110474
Romania,2027,2706981,12117230,3919660,862091,1844890,2036714,10080516
Romania,2028,2684303,12081362,3886023,854759,1829544,2022530,10058832
Romania,2029,2662172,12030714,3865688,847981,1814191,2005826,10024888
Romania,2030,2639138,11953323,3871776,841080,1798058,1986726,9966597
Romania,2031,2616345,11842690,3909434,834283,1782062,1964355,9878335
Romania,2032,2594066,11708009,3969232,828415,1765651,1938965,9769044
Romania,2033,2572130,11559092,4041696,823177,1748953,1912357,9646735
Romania,2034,2550825,11410726,4112064,818501,1732324,1887072,9523654
Romania,2035,2530358,11271157,4172093,814314,1716044,1864619,9406538
Romania,2036,2512665,11132593,4227705,811684,1700981,1844441,9288152
Romania,2037,2495771,11003246,4272601,809024,1686747,1827283,9175963
Romania,2038,2479530,10878205,4311811,806218,1673312,1812154,9066051
Romania,2039,2463858,10750488,4352370,803139,1660719,1797343,8953145
Romania,2040,2448724,10616887,4397499,799787,1648937,1781801,8835086
Romania,2041,2436073,10472974,4449715,797536,1638537,1765226,8707748
Romania,2042,2423390,10325753,4504574,793805,1629585,1748388,8577365
Romania,2043,2410877,10181557,4555632,789052,1621825,1731665,8449892
Romania,2044,2398603,10049803,4593499,783822,1614781,1715554,8334249
Romania,2045,2386339,9935235,4613740,778480,1607859,1700300,8234935
Romania,2046,2373734,9831139,4623445,772572,1601162,1684984,8146155
Romania,2047,2361418,9746305,4613238,766773,1594645,1670404,8075901
Romania,2048,2348929,9671064,4593303,761051,1587878,1656837,8014227
Romania,2049,2335733,9590680,4578994,755258,1580475,1644563,7946117
Romania,2050,2321484,9496385,4579483,749275,1572209,1633635,7862750
Romania,2051,2306884,9387396,4594921,743215,1563669,1623566,7763830
Romania,2052,2291923,9267498,4621540,737533,1554390,1614844,7652654
Romania,2053,2276364,9144583,4651621,732050,1544314,1607229,7537354
Romania,2054,2260073,9031003,4672807,726572,1533501,1600226,7430777
Romania,2055,2242964,8933474,4678416,720959,1522005,1593352,7340122
Romania,2056,2227371,8851121,4667015,716317,1511054,1586786,7264335
Romania,2057,2211263,8784522,4640190,711325,1499938,1580416,7204106
Romania,2058,2194528,8727541,4604264,706044,1488484,1573800,7153741
Romania,2059,2177517,8672439,4566733,700760,1476757,1566578,7105861
Romania,2060,2160642,8615170,4531351,695766,1464876,1558616,7056554
Romania,2061,2145066,8556057,4496739,691488,1453578,1549703,7006354
Romania,2062,2129987,8497107,4461821,687359,1442628,1540029,6957078
Romania,2063,2115609,8439544,4425441,683483,1432126,1529980,6909564
Romania,2064,2101739,8384003,4387516,679803,1421936,1519785,6864218
Romania,2065,2087925,8329187,4350047,676198,1411727,1509312,6819875
Romania,2066,2075210,8272611,4314631,673226,1401984,1498092,6774519
Romania,2067,2063134,8218917,4277167,670188,1392946,1486894,6732023
Romania,2068,2051309,8165266,4241062,667029,1384280,1475621,6689645
Romania,2069,2039560,8109129,4209215,663787,1375773,1464307,6644822
Romania,2070,2027858,8049459,4182833,660552,1367306,1453047,6596412
Romania,2071,2017429,7986746,4160310,657854,1359575,1441807,6544939
Romania,2072,2007440,7922846,4140642,655022,1352418,1430953,6491893
Romania,2073,1997798,7859277,4122347,652086,1345712,1420585,6438692
Romania,2074,1988148,7797681,4103980,648978,1339170,1410596,6387085
Romania,2075,1977993,7737993,4086019,645590,1332403,1400721,6337272
Romania,2076,1969138,7682884,4063960,642666,1326472,1391381,6291503
Romania,2077,1960213,7632225,4039317,639391,1320822,1382514,6249711
Romania,2078,1950695,7583046,4015574,635712,1314983,1373846,6209200
Romania,2079,1940480,7533258,3994932,631737,1308743,1365332,6167926
Romania,2080,1929732,7482506,3977554,627640,1302092,1357084,6125422
Romania,2081,1919799,7434001,3958859,623795,1296004,1349477,6084524
Romania,2082,1909739,7386463,3941019,619991,1289748,1342251,6044212
Romania,2083,1899666,7340780,3922916,616281,1283385,1335578,6005202
Romania,2084,1889299,7296409,3905244,612542,1276757,1329298,5967111
Romania,2085,1878033,7251170,3890684,608561,1269472,1322941,5928229
Romania,2086,1867965,7209518,3872594,605136,1262829,1317177,5892341
Romania,2087,1857724,7169746,3854028,601612,1256112,1311687,5858059
Romania,2088,1846789,7129442,3837916,597873,1248916,1306020,5823422
Romania,2089,1835060,7087521,3825453,593965,1241095,1299916,5787605
Romania,2090,1822771,7044276,3816124,590037,1232734,1293362,5750914
Romania,2091,1812610,7007469,3799424,586970,1225640,1287645,5719824
Romania,2092,1802310,6970770,3783852,583927,1218383,1281590,5689180
Romania,2093,1791906,6934136,3769302,580919,1210987,1275273,5658863
Romania,2094,1781273,6896854,3756484,577890,1203383,1268625,5628229
Romania,2095,1770156,6857690,3746755,574744,1195412,1261464,5596226
Romania,2096,1761372,6824122,3729733,572575,1188797,1255022,5569100
Romania,2097,1752467,6790425,3713492,570168,1182299,1248258,5542167
Romania,2098,1743187,6755284,3699530,567468,1175719,1241076,5514208
Romania,2099,1733471,6717822,3688731,564538,1168933,1233460,5484362
Romania,2100,1723389,6677671,3681348,561528,1161861,1225442,5452229
Russia,1950,30702481,67130678,4965498,11108269,19594212,22306819,44823859
Russia,1951,31026745,68118774,5160620,12688957,18337788,22326467,45792307
Russia,1952,30460877,70098283,5410041,13007233,17453644,22610129,47488154
Russia,1953,29896807,72171673,5660894,12928046,16968761,22859490,49312183
Russia,1954,29838400,73804670,5894719,12807071,17031329,22890923,50913747
Russia,1955,30385301,74855278,6114642,12867566,17517735,22654088,52201190
Russia,1956,31024190,75751093,6377092,12608621,18415569,22262066,53489027
Russia,1957,32340938,75954998,6613655,12713874,19627064,21603867,54351131
Russia,1958,33958992,75819569,6837212,13005770,20953222,20795392,55024177
Russia,1959,35396140,75809077,7061565,13251390,22144750,19970275,55838802
Russia,1960,36397121,76169395,7293772,13274099,23123022,19210789,56958606
Russia,1961,37196999,76688601,7504806,13236672,23960327,18477923,58210678
Russia,1962,37586757,77538366,7717827,12999262,24587495,17777437,59760929
Russia,1963,37620722,78631577,7941095,12583520,25037202,17235720,61395857
Russia,1964,37470097,79762870,8179658,12101640,25368457,17025007,62737863
Russia,1965,37225772,80819090,8439013,11616280,25609492,17241620,63577470
Russia,1966,36755935,81904091,8735857,11006036,25749899,17885633,64018458
Russia,1967,36180116,82940349,9044299,10452452,25727664,18945424,63994925
Russia,1968,35522664,83948129,9365228,9980503,25542161,20240367,63707762
Russia,1969,34817867,84956361,9698607,9619964,25197903,21487821,63468540
Russia,1970,34108435,85969028,10045968,9386188,24722247,22504547,63464481
Russia,1971,33250946,87103229,10451026,9133815,24117131,23369294,63733935
Russia,1972,32548641,88131604,10833854,9212053,23336588,23978955,64152649
Russia,1973,31952601,89082709,11215470,9499770,22452831,24375090,64707619
Russia,1974,31382781,89998739,11627385,9817007,21565774,24650068,65348671
Russia,1975,30809020,90892738,12082626,10045510,20763510,24854514,66038224
Russia,1976,30606623,91421632,12551836,10524614,20082009,24993718,66427914
Russia,1977,30255929,92075534,13071339,10662075,19593854,25086959,66988575
Russia,1978,29890609,92788353,13576435,10578802,19311807,25081515,67706838
Russia,1979,29699132,93471831,13969599,10488666,19210466,24900604,68571227
Russia,1980,29766570,94089629,14202511,10546481,19220089,24510453,69579176
Russia,1981,29939830,94730632,14331852,10543480,19396350,24007756,70722876
Russia,1982,30389377,95262380,14312996,10729192,19660185,23313911,71948469
Russia,1983,31019904,95715872,14211085,11048897,19971007,22517312,73198560
Russia,1984,31655363,96176262,14119004,11370850,20284513,21754910,74421352
Russia,1985,32195662,96683639,14091867,11600150,20595512,21110495,75573144
Russia,1986,32780542,97042832,14188139,11839727,20940815,20526135,76516697
Russia,1987,33256848,97484555,14310260,11980866,21275982,20081058,77403497
Russia,1988,33598896,97943204,14493478,11992656,21606240,19782365,78160839
Russia,1989,33787555,98317720,14785269,11845263,21942292,19623813,78693907
Russia,1990,33796468,98560439,15207159,11524175,22272293,19596115,78964324
Russia,1991,33813608,98473013,15749277,11173216,22640392,19698932,78774081
Russia,1992,33515354,98386251,16416420,10490644,23024710,19954634,78431617
Russia,1993,32989993,98338885,17102495,9616850,23373143,20310303,78028582
Russia,1994,32367093,98390398,17654364,8760612,23606481,20688790,77701608
Russia,1995,31709102,98585404,17994333,8053329,23655773,21045103,77540301
Russia,1996,30647848,99174943,18251133,7062280,23585568,21480746,77694197
Russia,1997,29752125,99760372,18255874,6585759,23166366,21851958,77908414
Russia,1998,28888264,100350542,18142195,6471820,22416444,22198551,78151991
Russia,1999,27886288,100934564,18098885,6474845,21411443,22582200,78352364
Russia,2000,26708481,101472415,18215618,6434689,20273792,23021091,78451324
Russia,2001,25734426,101497300,18583138,6681586,19052840,23438496,78058804
Russia,2002,24607493,101500331,19087058,6790771,17816722,23891231,77609100
Russia,2003,23458644,101537106,19588945,6801934,16656710,24288182,77248924
Russia,2004,22486493,101680296,19877818,6825701,15660792,24494656,77185640
Russia,2005,21791366,101980076,19846743,6945244,14846122,24434445,77545631
Russia,2006,21380940,102143872,19798121,7189431,14191509,24084964,78058908
Russia,2007,21114874,102501505,19533763,7364176,13750698,23577025,78924480
Russia,2008,21019827,102883206,19180154,7524230,13495597,22932947,79950259
Russia,2009,21089949,103110259,18892557,7713098,13376851,22176376,80933883
Russia,2010,21316744,103102973,18734152,7957749,13358995,21309825,81793148
Russia,2011,21615771,102852031,18796186,8140221,13475550,20205876,82646155
Russia,2012,22175949,102361456,18883192,8458709,13717240,18920919,83440537
Russia,2013,22894112,101708376,18994742,8840987,14053125,17563308,84145068
Russia,2014,23609412,100994339,19157627,9167091,14442321,16303581,84690758
Russia,2015,24220148,100259344,19408512,9355205,14864943,15258006,85001338
Russia,2016,24894301,99216630,19853582,9561103,15333198,14456492,84760138
Russia,2017,25350017,98224225,20415512,9527025,15822992,13917511,84306714
Russia,2018,25650987,97271018,21042704,9323949,16327038,13608881,83662137
Russia,2019,25914011,96322773,21658767,9082068,16831943,13463705,82859068
Russia,2020,26189762,95376210,22220870,8885722,17304040,13437664,81938546
Russia,2021,26271709,94466514,22898586,8533059,17738650,13554920,80911594
Russia,2022,26412747,93538016,23491105,8355809,18056938,13801968,79736048
Russia,2023,26536943,92646817,24019783,8295887,18241056,14153971,78492846
Russia,2024,26533656,91865987,24524675,8241011,18292645,14578465,77287522
Russia,2025,26358069,91223631,25025184,8112970,18245099,15045555,76178076
Russia,2026,26130950,90530825,25591478,8008639,18122311,15533264,74997561
Russia,2027,25741197,89982870,26141781,7833260,17907937,16044920,73937950
Russia,2028,25236778,89579173,26632697,7607195,17629583,16554209,73024964
Russia,2029,24711777,89307334,26987172,7389772,17322005,17027702,72279632
Russia,2030,24222799,89155379,27165240,7221272,17001527,17440441,71714938
Russia,2031,23745403,89047684,27269917,7063212,16682191,17795162,71252522
Russia,2032,23316164,89049234,27203556,6961690,16354474,18078335,70970899
Russia,2033,22932697,89101168,27034252,6912064,16020633,18278094,70823074
Russia,2034,22575643,89126017,26866755,6894698,15680945,18382436,70743581
Russia,2035,22240803,89067931,26767687,6897954,15342849,18383226,70684705
Russia,2036,21983100,88835177,26777037,6946497,15036603,18285455,70549722
Russia,2037,21766545,88528294,26832328,7012934,14753611,18083616,70444678
Russia,2038,21595726,88157907,26922144,7092866,14502860,17802564,70355343
Russia,2039,21478913,87751802,27014029,7184972,14293941,17482525,70269277
Russia,2040,21421614,87327801,27087086,7289267,14132347,17151769,70176032
Russia,2041,21467117,86767850,27217814,7432847,14034270,16813979,69953871
Russia,2042,21553282,86202014,27337933,7554596,13998686,16478996,69723018
Russia,2043,21681446,85617518,27456215,7659530,14021916,16149478,69468040
Russia,2044,21845881,84998404,27590190,7751929,14093952,15823914,69174490
Russia,2045,22036817,84336940,27753661,7834591,14202226,15503382,68833558
Russia,2046,22255577,83532319,28045000,7904778,14350799,15195799,68336520
Russia,2047,22484408,82732891,28332566,7953022,14531386,14909656,67823235
Russia,2048,22714031,81931562,28629011,7981854,14732177,14656311,67275251
Russia,2049,22929888,81115181,28957632,7991374,14938514,14450575,66664606
Russia,2050,23118893,80280185,29331433,7979936,15138957,14300816,65979369
Russia,2051,23263917,79348543,29843783,7927843,15336074,14208125,65140418
Russia,2052,23380849,78424912,30373071,7872227,15508622,14174655,64250257
Russia,2053,23460040,77565300,30871001,7810485,15649555,14195719,63369581
Russia,2054,23495306,76850147,31261556,7739599,15755707,14262763,62587384
Russia,2055,23484654,76325379,31499542,7655864,15828790,14367318,61958061
Russia,2056,23423727,75919878,31659842,7545226,15878501,14511856,61408022
Russia,2057,23326847,75695421,31666351,7446290,15880557,14692191,61003230
Russia,2058,23193171,75634606,31537511,7355422,15837749,14895031,60739575
Russia,2059,23027212,75705279,31301576,7269581,15757631,15101106,60604173
Russia,2060,22835287,75877132,30983525,7185765,15649522,15294452,60582680
Russia,2061,22638212,76110205,30603021,7105960,15532252,15480114,60630091
Russia,2062,22427057,76447833,30127166,7039950,15387107,15649518,60798315
Russia,2063,22205521,76839308,29606060,6985804,15219717,15793845,61045463
Russia,2064,21982719,77221873,29097287,6943421,15039298,15904314,61317559
Russia,2065,21768781,77555901,28633776,6913356,14855425,15974913,61580988
Russia,2066,21592040,77796556,28233803,6904764,14687276,16010847,61785709
Russia,2067,21430543,77987162,27877434,6905906,14524637,16006398,61980764
Russia,2068,21289037,78132839,27557485,6916499,14372538,15964795,62168044
Russia,2069,21170361,78242852,27264699,6935697,14234664,15891108,62351744
Russia,2070,21075981,78315129,27002064,6963036,14112945,15788220,62526909
Russia,2071,21029743,78283099,26813680,7009129,14020614,15659636,62623463
Russia,2072,21006879,78227826,26644233,7052759,13954120,15508229,62719597
Russia,2073,21006688,78130381,26514711,7094418,13912270,15340192,62790189
Russia,2074,21026112,77968066,26452095,7134142,13891970,15164543,62803523
Russia,2075,21061548,77729836,26471796,7171950,13889598,14987911,62741925
Russia,2076,21122830,77358021,26621884,7210631,13912199,14813690,62544331
Russia,2077,21195156,76939040,26830420,7240541,13954615,14647310,62291730
Russia,2078,21274405,76496006,27077715,7262457,14011948,14493125,62002881
Russia,2079,21354343,76065585,27332225,7276465,14077878,14356030,61709555
Russia,2080,21428815,75669611,27576933,7281829,14146986,14238762,61430849
Russia,2081,21495328,75251300,27870216,7272016,14223312,14143968,61107332
Russia,2082,21555681,74889138,28130302,7258456,14297225,14075162,60813976
Russia,2083,21604716,74578935,28363703,7240163,14364553,14031660,60547275
Russia,2084,21636185,74308043,28585902,7214976,14421209,14010529,60297514
Russia,2085,21644454,74062565,28813350,7180010,14464444,14007480,60055085
Russia,2086,21638393,73834050,29043868,7132085,14506308,14030622,59803428
Russia,2087,21614072,73653315,29248984,7085130,14528942,14074332,59578983
Russia,2088,21567065,73510587,29440082,7037209,14529856,14131724,59378863
Russia,2089,21496886,73400168,29620343,6987304,14509582,14194338,59205830
Russia,2090,21405854,73319318,29787651,6934527,14471327,14255802,59063516
Russia,2091,21319562,73301737,29880932,6881865,14437697,14332012,58969725
Russia,2092,21219024,73315708,29949740,6836045,14382979,14405765,58909943
Russia,2093,21104755,73350949,30003116,6795523,14309232,14472390,58878559
Russia,2094,20979155,73395570,30050092,6758342,14220813,14526474,58869096
Russia,2095,20845371,73440217,30096377,6722329,14123042,14563770,58876447
Russia,2096,20740699,73523140,30065906,6700205,14040494,14601189,58921951
Russia,2097,20631761,73603635,30032111,6681494,13950267,14620300,58983335
Russia,2098,20521452,73670769,30002270,6666038,13855414,14620406,59050363
Russia,2099,20415763,73710234,29983851,6656366,13759397,14601180,59109054
Russia,2100,20321929,73706761,29983915,6657457,13664472,14561397,59145364
Rwanda,1950,944591,1180575,61019,420903,523688,466801,713774
Rwanda,1951,983555,1202775,64347,446431,537124,471039,731736
Rwanda,1952,1018859,1226661,67791,461936,556923,473788,752873
Rwanda,1953,1056205,1251137,71103,474270,581935,475015,776122
Rwanda,1954,1098306,1276463,74056,487829,610477,475445,801018
Rwanda,1955,1145269,1303697,76561,505317,639952,476089,827608
Rwanda,1956,1198627,1329832,79491,522185,676442,476049,853783
Rwanda,1957,1255404,1356540,81877,541527,713877,475932,880608
Rwanda,1958,1311403,1384291,83856,561269,750134,477074,907217
Rwanda,1959,1361301,1413784,85606,578444,782857,481369,932415
Rwanda,1960,1401364,1444882,87182,591003,810361,489828,955054
Rwanda,1961,1450110,1456583,89403,608866,841244,492357,964226
Rwanda,1962,1488276,1470939,91389,616737,871539,500325,970614
Rwanda,1963,1520305,1489531,93136,618750,901555,513974,975557
Rwanda,1964,1553328,1513783,94613,621685,931643,533143,980640
Rwanda,1965,1591956,1545142,95836,631085,960871,558057,987085
Rwanda,1966,1627707,1593764,97611,638974,988733,591704,1002060
Rwanda,1967,1668115,1650979,99223,651771,1016344,629863,1021116
Rwanda,1968,1711418,1715110,100735,669260,1042158,670757,1044353
Rwanda,1969,1754306,1784069,102216,689676,1064630,711955,1072114
Rwanda,1970,1794936,1855931,103674,712086,1082850,751604,1104327
Rwanda,1971,1845624,1916856,105857,740633,1104991,784352,1132504
Rwanda,1972,1894733,1981074,107893,767588,1127145,815916,1165158
Rwanda,1973,1944340,2048253,109728,794445,1149895,846205,1202048
Rwanda,1974,1997553,2117949,111297,823634,1173919,875292,1242657
Rwanda,1975,2056398,2190123,112571,857437,1198961,903413,1286710
Rwanda,1976,2129882,2254884,114743,898071,1231811,926158,1328726
Rwanda,1977,2207320,2323530,116765,937025,1270295,948715,1374815
Rwanda,1978,2289266,2395907,118552,975744,1313522,971064,1424843
Rwanda,1979,2376102,2472029,119943,1016128,1359974,993217,1478812
Rwanda,1980,2468061,2551772,120883,1060549,1407512,1015384,1536388
Rwanda,1981,2573599,2618681,122752,1110552,1463047,1030441,1588240
Rwanda,1982,2677213,2687923,124186,1153450,1523763,1045731,1642192
Rwanda,1983,2783999,2763852,125763,1193151,1590848,1064054,1699798
Rwanda,1984,2901911,2851797,128198,1236403,1665508,1088908,1762889
Rwanda,1985,3034762,2953500,131845,1288711,1746051,1122017,1831483
Rwanda,1986,3193306,3076625,137741,1348962,1844344,1167019,1909606
Rwanda,1987,3369711,3217783,144637,1417283,1952428,1221337,1996446
Rwanda,1988,3527882,3350877,151420,1475831,2052051,1275072,2075805
Rwanda,1989,3609828,3449215,156985,1486749,2123079,1317888,2131327
Rwanda,1990,3572651,3502312,160835,1417859,2154792,1345434,2156878
Rwanda,1991,3447112,3446168,158479,1326075,2121037,1332714,2113454
Rwanda,1992,3207184,3342590,152077,1161152,2046032,1300320,2042270
Rwanda,1993,2916111,3240185,143613,960913,1955198,1266796,1973389
Rwanda,1994,2673985,3195799,135311,798343,1875642,1255022,1940777
Rwanda,1995,2557474,3242640,127964,743245,1814229,1279286,1963354
Rwanda,1996,2618337,3350425,146406,757452,1860885,1323285,2027140
Rwanda,1997,2802840,3548367,171175,851686,1951154,1409633,2138734
Rwanda,1998,3073108,3785436,201269,1016287,2056821,1517717,2267719
Rwanda,1999,3347271,4013779,232189,1192211,2155060,1627651,2386128
Rwanda,2000,3554583,4211961,259159,1312971,2241612,1730344,2481617
Rwanda,2001,3665582,4402073,261751,1415440,2250142,1831004,2571069
Rwanda,2002,3710728,4567275,258202,1463017,2247711,1919972,2647303
Rwanda,2003,3711489,4717200,251657,1461937,2249552,1996881,2720319
Rwanda,2004,3714407,4858203,245828,1447616,2266791,2058512,2799691
Rwanda,2005,3752804,4996217,242714,1454303,2298501,2104146,2892071
Rwanda,2006,3822661,5137768,246151,1473863,2348798,2130448,3007320
Rwanda,2007,3923087,5272605,251710,1508254,2414833,2139835,3132770
Rwanda,2008,4045158,5404412,258599,1555729,2489429,2137760,3266652
Rwanda,2009,4168380,5543276,265790,1603464,2564916,2134416,3408860
Rwanda,2010,4279398,5694673,272771,1641692,2637706,2136450,3558223
Rwanda,2011,4389140,5845126,281805,1679887,2709253,2134706,3710420
Rwanda,2012,4486588,6011212,291053,1703101,2783487,2138505,3872707
Rwanda,2013,4574597,6189439,301115,1715027,2859570,2150950,4038489
Rwanda,2014,4659728,6372827,312802,1723616,2936112,2175196,4197631
Rwanda,2015,4744928,6557978,326647,1734543,3010385,2213361,4344617
Rwanda,2016,4823089,6750468,343951,1739765,3083324,2266128,4484340
Rwanda,2017,4900105,6945166,363136,1748807,3151298,2332814,4612352
Rwanda,2018,4973216,7144145,383795,1760620,3212596,2409658,4734487
Rwanda,2019,5037975,7351110,405327,1771739,3266236,2490553,4860557
Rwanda,2020,5092232,7567446,427495,1779828,3312404,2571206,4996240
Rwanda,2021,5142030,7786859,450078,1788343,3353687,2649436,5137423
Rwanda,2022,5182183,8015181,472549,1793870,3388313,2726706,5288475
Rwanda,2023,5214522,8249696,496314,1797377,3417145,2802687,5447009
Rwanda,2024,5242830,8485569,523267,1801350,3441480,2877326,5608243
Rwanda,2025,5269712,8719935,554318,1807714,3461998,2950351,5769584
Rwanda,2026,5298537,8950630,588267,1816885,3481652,3019757,5930873
Rwanda,2027,5326700,9179384,625798,1827625,3499075,3085933,6093451
Rwanda,2028,5354565,9408727,664341,1839917,3514648,3147832,6260895
Rwanda,2029,5382117,9642769,700135,1853271,3528846,3204014,6438755
Rwanda,2030,5409664,9883336,731252,1867646,3542018,3253570,6629766
Rwanda,2031,5443959,10124684,756691,1886990,3556969,3294854,6829830
Rwanda,2032,5478291,10371760,777983,1904299,3573992,3329377,7042383
Rwanda,2033,5513113,10621563,797422,1920004,3593109,3358254,7263309
Rwanda,2034,5548811,10870182,818140,1934752,3614059,3383270,7486912
Rwanda,2035,5585355,11115276,842115,1949265,3636090,3405823,7709453
Rwanda,2036,5628000,11353268,867436,1966629,3661371,3424914,7928354
Rwanda,2037,5670045,11588834,895792,1980130,3689915,3441924,8146910
Rwanda,2038,5711135,11821672,927190,1990482,3720653,3457654,8364018
Rwanda,2039,5750332,12052120,961426,1998282,3752050,3473054,8579066
Rwanda,2040,5786603,12280285,998770,2004096,3782507,3488951,8791334
Rwanda,2041,5823066,12503433,1038454,2009130,3813936,3505213,8998220
Rwanda,2042,5855683,12724965,1080830,2010946,3844737,3522295,9202670
Rwanda,2043,5883774,12943216,1127737,2010024,3873750,3540889,9402327
Rwanda,2044,5906551,13155868,1181742,2006795,3899756,3561735,9594133
Rwanda,2045,5923408,13361577,1244395,2001615,3921793,3585288,9776289
Rwanda,2046,5936851,13559293,1313903,1994781,3942070,3611513,9947780
Rwanda,2047,5944649,13751495,1389884,1986808,3957841,3640001,10111494
Rwanda,2048,5946561,13939030,1471714,1977809,3968752,3670309,10268721
Rwanda,2049,5942728,14122796,1558432,1967935,3974793,3701482,10421314
Rwanda,2050,5933478,14303349,1649250,1957345,3976133,3732738,10570611
Rwanda,2051,5922503,14478977,1742039,1947186,3975317,3764105,10714872
Rwanda,2052,5906982,14650870,1838333,1936912,3970070,3794820,10856050
Rwanda,2053,5887267,14822241,1934691,1926560,3960707,3824085,10998156
Rwanda,2054,5864143,14997696,2025880,1916297,3947846,3850706,11146990
Rwanda,2055,5838390,15179335,2109129,1906373,3932017,3873817,11305518
Rwanda,2056,5815296,15365218,2181089,1899205,3916091,3893679,11471539
Rwanda,2057,5790191,15557080,2244590,1891538,3898653,3909437,11647643
Rwanda,2058,5763516,15749726,2304250,1883534,3879982,3920970,11828756
Rwanda,2059,5735702,15935711,2366905,1875360,3860342,3928168,12007543
Rwanda,2060,5707062,16110173,2436962,1867314,3839748,3931008,12179165
Rwanda,2061,5683809,16274172,2507037,1862494,3821315,3930474,12343698
Rwanda,2062,5659545,16428344,2582839,1855857,3803688,3925459,12502885
Rwanda,2063,5634605,16572651,2664000,1847959,3786646,3916549,12656102
Rwanda,2064,5609294,16708055,2749203,1839531,3769763,3904593,12803462
Rwanda,2065,5583700,16834966,2837865,1831232,3752468,3890326,12944640
Rwanda,2066,5562583,16955310,2923265,1824775,3737808,3875446,13079864
Rwanda,2067,5541176,17067842,3011258,1817543,3723633,3858337,13209505
Rwanda,2068,5519116,17171627,3102944,1809574,3709542,3839769,13331858
Rwanda,2069,5495638,17265454,3199997,1800617,3695021,3820623,13444831
Rwanda,2070,5470160,17348503,3303621,1790573,3679587,3801522,13546981
Rwanda,2071,5447760,17422426,3406980,1781795,3665965,3784003,13638423
Rwanda,2072,5423045,17488022,3514662,1771015,3652030,3766771,13721251
Rwanda,2073,5396102,17545840,3626041,1758707,3637395,3749936,13795904
Rwanda,2074,5367255,17596900,3739845,1745613,3621642,3733406,13863494
Rwanda,2075,5336603,17641802,3855411,1732301,3604302,3717148,13924654
Rwanda,2076,5307501,17682886,3967041,1719490,3588011,3702848,13980038
Rwanda,2077,5277094,17719795,4077944,1706806,3570288,3688808,14030987
Rwanda,2078,5245083,17752516,4188468,1694186,3550897,3674948,14077568
Rwanda,2079,5211070,17780922,4299216,1681364,3529706,3661005,14119917
Rwanda,2080,5174878,17804461,4410983,1668196,3506682,3646699,14157762
Rwanda,2081,5141417,17825979,4516041,1656662,3484755,3633664,14192315
Rwanda,2082,5106359,17845041,4619189,1644713,3461646,3620149,14224892
Rwanda,2083,5069883,17860779,4721172,1632484,3437399,3605907,14254872
Rwanda,2084,5032389,17872083,4822751,1620276,3412113,3590536,14281547
Rwanda,2085,4994131,17877789,4924882,1608355,3385776,3573719,14304070
Rwanda,2086,4960540,17884060,5016053,1598751,3361789,3557788,14326272
Rwanda,2087,4926635,17886960,5105211,1589020,3337615,3540356,14346604
Rwanda,2088,4892334,17884816,5194151,1579193,3313141,3521324,14363492
Rwanda,2089,4857599,17876246,5284299,1569285,3288314,3500654,14375592
Rwanda,2090,4822505,17860388,5376472,1559425,3263080,3478417,14381971
Rwanda,2091,4792861,17844066,5458103,1552022,3240839,3457077,14386989
Rwanda,2092,4762975,17822828,5539436,1543873,3219102,3434215,14388613
Rwanda,2093,4733026,17795851,5621234,1535232,3197794,3410177,14385674
Rwanda,2094,4703104,17761883,5704770,1526413,3176691,3385326,14376557
Rwanda,2095,4673141,17719606,5791567,1517716,3155425,3359872,14359734
Rwanda,2096,4647843,17675874,5870193,1510770,3137073,3336230,14339644
Rwanda,2097,4622764,17627038,5948846,1503504,3119260,3312226,14314812
Rwanda,2098,4597659,17572253,6028728,1495992,3101667,3288001,14284252
Rwanda,2099,4572076,17510937,6110983,1488133,3083943,3263703,14247234
Rwanda,2100,4545526,17442638,6196652,1479751,3065775,3239450,14203188
Saint Lucia,1950,32406,47207,3171,11771,20635,16236,30971
Saint Lucia,1951,32785,47848,3241,11988,20797,16354,31494
Saint Lucia,1952,33059,48426,3278,12066,20993,16497,31929
Saint Lucia,1953,33481,48768,3242,12195,21286,16596,32172
Saint Lucia,1954,34119,48855,3132,12445,21674,16632,32223
Saint Lucia,1955,34917,48788,2949,12822,22095,16600,32188
Saint Lucia,1956,35621,48508,3049,13171,22450,16169,32339
Saint Lucia,1957,36552,47991,3176,13810,22742,15816,32175
Saint Lucia,1958,37659,47329,3342,14601,23058,15608,31721
Saint Lucia,1959,38872,46607,3565,15387,23485,15601,31006
Saint Lucia,1960,40119,45923,3855,16027,24092,15798,30125
Saint Lucia,1961,41098,45851,3965,16627,24471,15802,30049
Saint Lucia,1962,42098,45905,4081,16993,25105,15878,30027
Saint Lucia,1963,43130,46091,4178,17150,25980,16027,30064
Saint Lucia,1964,44244,46325,4245,17248,26996,16234,30091
Saint Lucia,1965,45475,46525,4302,17486,27989,16516,30009
Saint Lucia,1966,46540,46896,4445,18021,28519,16706,30190
Saint Lucia,1967,47770,47181,4576,18478,29292,16879,30302
Saint Lucia,1968,49192,47306,4681,18898,30294,17003,30303
Saint Lucia,1969,50714,47280,4755,19217,31497,17103,30177
Saint Lucia,1970,52161,47185,4814,19298,32863,17241,29944
Saint Lucia,1971,52076,48379,4935,18760,33316,17982,30397
Saint Lucia,1972,51911,49504,5040,18350,33561,18665,30839
Saint Lucia,1973,51672,50648,5146,17991,33681,19330,31318
Saint Lucia,1974,51420,51866,5246,17657,33763,20006,31860
Saint Lucia,1975,51240,53165,5364,17355,33885,20699,32466
Saint Lucia,1976,51275,54442,5491,16991,34284,21459,32983
Saint Lucia,1977,51394,55810,5627,16795,34599,22272,33538
Saint Lucia,1978,51537,57261,5748,16718,34819,23154,34107
Saint Lucia,1979,51656,58764,5870,16686,34970,24082,34682
Saint Lucia,1980,51723,60265,5999,16631,35092,25031,35234
Saint Lucia,1981,51344,62056,6194,16587,34757,25683,36373
Saint Lucia,1982,51054,63715,6385,16512,34542,26159,37556
Saint Lucia,1983,50917,65253,6570,16435,34482,26481,38772
Saint Lucia,1984,51031,66695,6742,16428,34603,26674,40021
Saint Lucia,1985,51428,68078,6912,16518,34910,26810,41268
Saint Lucia,1986,50721,70349,7549,16340,34381,27433,42916
Saint Lucia,1987,50367,72445,8222,16525,33842,27835,44610
Saint Lucia,1988,50282,74341,8910,16944,33338,28002,46339
Saint Lucia,1989,50354,75991,9611,17387,32967,27948,48043
Saint Lucia,1990,50498,77368,10319,17644,32854,27708,49660
Saint Lucia,1991,50561,79043,10552,17654,32907,27805,51238
Saint Lucia,1992,50727,80460,10738,17700,33027,27721,52739
Saint Lucia,1993,50949,81716,10900,17719,33230,27512,54204
Saint Lucia,1994,51194,82974,11079,17683,33511,27269,55705
Saint Lucia,1995,51441,84321,11282,17579,33862,27073,57248
Saint Lucia,1996,51603,86018,11383,17385,34218,27416,58602
Saint Lucia,1997,51632,87948,11506,17124,34508,27885,60063
Saint Lucia,1998,51496,90046,11641,16788,34708,28460,61586
Saint Lucia,1999,51162,92234,11776,16360,34802,29106,63128
Saint Lucia,2000,50615,94455,11879,15845,34770,29804,64651
Saint Lucia,2001,49880,96659,11925,15293,34587,30521,66138
Saint Lucia,2002,48896,98917,11950,14603,34293,31272,67645
Saint Lucia,2003,47739,101264,11970,13844,33895,32029,69235
Saint Lucia,2004,46534,103740,11977,13126,33408,32746,70994
Saint Lucia,2005,45377,106343,11994,12543,32834,33383,72960
Saint Lucia,2006,44144,108801,12462,11947,32197,32910,75891
Saint Lucia,2007,43084,111211,12993,11558,31526,32378,78833
Saint Lucia,2008,42081,113550,13589,11339,30742,31887,81663
Saint Lucia,2009,41051,115705,14266,11209,29842,31492,84213
Saint Lucia,2010,39982,117563,15035,11072,28910,31223,86340
Saint Lucia,2011,38955,119526,15351,10947,28008,31639,87887
Saint Lucia,2012,37947,121223,15665,10895,27052,32017,89206
Saint Lucia,2013,36936,122740,15984,10864,26072,32316,90424
Saint Lucia,2014,35938,124178,16305,10825,25113,32461,91717
Saint Lucia,2015,34988,125570,16648,10782,24206,32397,93173
Saint Lucia,2016,34390,126621,17004,10946,23444,31987,94634
Saint Lucia,2017,33772,127686,17386,10920,22852,31382,96304
Saint Lucia,2018,33179,128687,17801,10772,22407,30621,98066
Saint Lucia,2019,32660,129524,18270,10600,22060,29780,99744
Saint Lucia,2020,32243,130159,18801,10479,21764,28914,101245
Saint Lucia,2021,31940,130563,19406,10345,21595,27934,102629
Saint Lucia,2022,31745,130762,20056,10243,21502,26916,103846
Saint Lucia,2023,31595,130824,20769,10168,21427,25924,104900
Saint Lucia,2024,31419,130806,21549,10091,21328,25025,105781
Saint Lucia,2025,31180,130727,22414,9995,21185,24258,106469
Saint Lucia,2026,31010,130474,23328,9915,21095,23522,106952
Saint Lucia,2027,30800,130164,24307,9816,20984,22916,107248
Saint Lucia,2028,30523,129824,25339,9695,20828,22448,107376
Saint Lucia,2029,30199,129447,26401,9565,20634,22096,107351
Saint Lucia,2030,29841,129043,27485,9434,20407,21846,107197
Saint Lucia,2031,29588,128506,28537,9350,20238,21597,106909
Saint Lucia,2032,29292,127949,29597,9227,20065,21446,106503
Saint Lucia,2033,28945,127401,30659,9077,19868,21370,106031
Saint Lucia,2034,28558,126847,31707,8918,19640,21325,105522
Saint Lucia,2035,28141,126286,32735,8768,19373,21280,105006
Saint Lucia,2036,27827,125645,33686,8661,19166,21139,104506
Saint Lucia,2037,27486,125004,34614,8529,18957,20974,104030
Saint Lucia,2038,27111,124365,35521,8386,18725,20807,103558
Saint Lucia,2039,26706,123715,36419,8246,18460,20649,103066
Saint Lucia,2040,26278,123038,37320,8122,18156,20519,102519
Saint Lucia,2041,25962,122278,38141,8045,17917,20300,101978
Saint Lucia,2042,25639,121510,38942,7960,17679,20081,101429
Saint Lucia,2043,25292,120720,39745,7866,17426,19873,100847
Saint Lucia,2044,24924,119878,40568,7774,17150,19677,100201
Saint Lucia,2045,24547,118969,41436,7697,16850,19498,99471
Saint Lucia,2046,24309,117933,42249,7682,16627,19236,98697
Saint Lucia,2047,24064,116832,43099,7639,16425,18977,97855
Saint Lucia,2048,23800,115700,43963,7575,16225,18733,96967
Saint Lucia,2049,23519,114570,44799,7507,16012,18503,96067
Saint Lucia,2050,23237,113454,45588,7452,15785,18290,95164
Saint Lucia,2051,23087,112313,46239,7452,15635,18003,94310
Saint Lucia,2052,22933,111221,46822,7421,15512,17721,93500
Saint Lucia,2053,22765,110113,47394,7369,15396,17453,92660
Saint Lucia,2054,22574,108916,48044,7310,15264,17214,91702
Saint Lucia,2055,22372,107568,48826,7256,15116,17005,90563
Saint Lucia,2056,22276,106053,49637,7243,15033,16739,89314
Saint Lucia,2057,22167,104430,50537,7200,14967,16489,87941
Saint Lucia,2058,22033,102747,51493,7139,14894,16270,86477
Saint Lucia,2059,21868,101065,52451,7068,14800,16087,84978
Saint Lucia,2060,21679,99417,53366,7001,14678,15939,83478
Saint Lucia,2061,21584,97795,54145,6971,14613,15749,82046
Saint Lucia,2062,21469,96221,54860,6915,14554,15583,80638
Saint Lucia,2063,21318,94719,55515,6844,14474,15446,79273
Saint Lucia,2064,21133,93296,56102,6765,14368,15341,77955
Saint Lucia,2065,20924,91945,56613,6693,14231,15265,76680
Saint Lucia,2066,20802,90691,56923,6656,14146,15143,75548
Saint Lucia,2067,20660,89534,57132,6598,14062,15036,74498
Saint Lucia,2068,20482,88474,57260,6526,13956,14945,73529
Saint Lucia,2069,20281,87496,57308,6452,13829,14876,72620
Saint Lucia,2070,20051,86581,57304,6383,13668,14825,71756
Saint Lucia,2071,19919,85760,57087,6354,13565,14722,71038
Saint Lucia,2072,19770,85017,56795,6308,13462,14618,70399
Saint Lucia,2073,19594,84323,56462,6247,13347,14527,69796
Saint Lucia,2074,19396,83634,56133,6185,13211,14444,69190
Saint Lucia,2075,19183,82915,55841,6131,13052,14370,68545
Saint Lucia,2076,19064,82199,55433,6117,12947,14246,67953
Saint Lucia,2077,18937,81463,55041,6085,12852,14124,67339
Saint Lucia,2078,18788,80716,54669,6041,12747,14006,66710
Saint Lucia,2079,18627,79969,54308,5996,12631,13898,66071
Saint Lucia,2080,18447,79197,53982,5954,12493,13802,65395
Saint Lucia,2081,18364,78464,53516,5952,12412,13664,64800
Saint Lucia,2082,18271,77733,53059,5929,12342,13528,64205
Saint Lucia,2083,18159,76993,52627,5893,12266,13400,63593
Saint Lucia,2084,18025,76239,52229,5850,12175,13280,62959
Saint Lucia,2085,17880,75481,51859,5811,12069,13179,62302
Saint Lucia,2086,17813,74746,51388,5805,12008,13040,61706
Saint Lucia,2087,17739,74029,50925,5781,11958,12910,61119
Saint Lucia,2088,17646,73334,50464,5744,11902,12792,60542
Saint Lucia,2089,17540,72663,50018,5704,11836,12696,59967
Saint Lucia,2090,17414,71977,49612,5666,11748,12615,59362
Saint Lucia,2091,17354,71310,49131,5654,11700,12502,58808
Saint Lucia,2092,17285,70674,48653,5625,11660,12401,58273
Saint Lucia,2093,17196,70057,48201,5585,11611,12313,57744
Saint Lucia,2094,17085,69443,47789,5537,11548,12240,57203
Saint Lucia,2095,16952,68819,47431,5492,11460,12178,56641
Saint Lucia,2096,16883,68245,46983,5472,11411,12096,56149
Saint Lucia,2097,16804,67696,46556,5439,11365,12017,55679
Saint Lucia,2098,16704,67166,46154,5397,11307,11951,55215
Saint Lucia,2099,16588,66650,45787,5354,11234,11898,54752
Saint Lucia,2100,16455,66133,45469,5311,11144,11852,54281
Saint Vincent and the Grenadines,1950,33063,31344,2591,13637,19426,11205,20139
Saint Vincent and the Grenadines,1951,33804,31634,2621,13887,19917,11403,20231
Saint Vincent and the Grenadines,1952,34538,32050,2683,14069,20469,11668,20382
Saint Vincent and the Grenadines,1953,35310,32531,2752,14258,21052,11987,20544
Saint Vincent and the Grenadines,1954,36151,33051,2820,14490,21661,12361,20690
Saint Vincent and the Grenadines,1955,37051,33600,2872,14776,22275,12792,20808
Saint Vincent and the Grenadines,1956,37479,34612,2989,15002,22477,13083,21529
Saint Vincent and the Grenadines,1957,38039,35519,3077,15282,22757,13293,22226
Saint Vincent and the Grenadines,1958,38707,36313,3148,15584,23123,13412,22901
Saint Vincent and the Grenadines,1959,39429,36978,3211,15867,23562,13430,23548
Saint Vincent and the Grenadines,1960,40148,37535,3266,16094,24054,13374,24161
Saint Vincent and the Grenadines,1961,40937,37884,3321,16286,24651,13620,24264
Saint Vincent and the Grenadines,1962,41652,38173,3381,16471,25181,13863,24310
Saint Vincent and the Grenadines,1963,42290,38425,3452,16632,25658,14133,24292
Saint Vincent and the Grenadines,1964,42875,38664,3530,16753,26122,14457,24207
Saint Vincent and the Grenadines,1965,43424,38920,3626,16829,26595,14865,24055
Saint Vincent and the Grenadines,1966,43785,39325,3747,16848,26937,15336,23989
Saint Vincent and the Grenadines,1967,44098,39768,3870,16808,27290,15875,23893
Saint Vincent and the Grenadines,1968,44381,40225,4007,16729,27652,16455,23770
Saint Vincent and the Grenadines,1969,44671,40684,4161,16653,28018,17040,23644
Saint Vincent and the Grenadines,1970,44974,41145,4333,16593,28381,17609,23536
Saint Vincent and the Grenadines,1971,45104,41838,4498,16402,28702,18001,23837
Saint Vincent and the Grenadines,1972,45248,42552,4663,16285,28963,18429,24123
Saint Vincent and the Grenadines,1973,45368,43319,4830,16211,29157,18934,24385
Saint Vincent and the Grenadines,1974,45411,44159,4998,16124,29287,19529,24630
Saint Vincent and the Grenadines,1975,45367,45067,5177,16000,29367,20202,24865
Saint Vincent and the Grenadines,1976,45216,46085,5340,15882,29334,20657,25428
Saint Vincent and the Grenadines,1977,44963,47202,5484,15643,29320,21164,26038
Saint Vincent and the Grenadines,1978,44629,48397,5607,15329,29300,21735,26662
Saint Vincent and the Grenadines,1979,44274,49607,5709,15019,29255,22325,27282
Saint Vincent and the Grenadines,1980,43930,50797,5778,14766,29164,22892,27905
Saint Vincent and the Grenadines,1981,43438,52065,5876,14452,28986,23226,28839
Saint Vincent and the Grenadines,1982,42997,53264,5943,14243,28754,23478,29786
Saint Vincent and the Grenadines,1983,42581,54430,5973,14110,28471,23711,30719
Saint Vincent and the Grenadines,1984,42137,55623,5982,13996,28141,23955,31668
Saint Vincent and the Grenadines,1985,41669,56846,5962,13881,27788,24206,32640
Saint Vincent and the Grenadines,1986,41386,57738,6074,13935,27451,24088,33650
Saint Vincent and the Grenadines,1987,41156,58540,6200,13864,27292,23815,34725
Saint Vincent and the Grenadines,1988,40987,59209,6340,13715,27272,23423,35786
Saint Vincent and the Grenadines,1989,40886,59705,6493,13547,27339,22983,36722
Saint Vincent and the Grenadines,1990,40800,60047,6658,13369,27431,22586,37461
Saint Vincent and the Grenadines,1991,40075,60957,6782,13019,27056,22561,38396
Saint Vincent and the Grenadines,1992,39372,61732,6899,12770,26602,22549,39183
Saint Vincent and the Grenadines,1993,38671,62416,7005,12575,26096,22547,39869
Saint Vincent and the Grenadines,1994,37954,63066,7109,12375,25579,22538,40528
Saint Vincent and the Grenadines,1995,37222,63696,7204,12145,25077,22510,41186
Saint Vincent and the Grenadines,1996,36527,64298,7250,11978,24549,22340,41958
Saint Vincent and the Grenadines,1997,35822,64896,7286,11745,24077,22168,42728
Saint Vincent and the Grenadines,1998,35131,65468,7323,11471,23660,21998,43470
Saint Vincent and the Grenadines,1999,34498,65997,7385,11197,23301,21838,44159
Saint Vincent and the Grenadines,2000,33932,66493,7473,10943,22989,21687,44806
Saint Vincent and the Grenadines,2001,33270,67183,7535,10644,22626,21568,45615
Saint Vincent and the Grenadines,2002,32648,67873,7625,10344,22304,21425,46448
Saint Vincent and the Grenadines,2003,32073,68555,7722,10063,22010,21267,47288
Saint Vincent and the Grenadines,2004,31530,69240,7789,9820,21710,21102,48138
Saint Vincent and the Grenadines,2005,31014,69923,7807,9633,21381,20931,48992
Saint Vincent and the Grenadines,2006,30571,70563,7773,9438,21133,20792,49771
Saint Vincent and the Grenadines,2007,30189,71179,7679,9357,20832,20646,50533
Saint Vincent and the Grenadines,2008,29821,71785,7559,9342,20479,20519,51266
Saint Vincent and the Grenadines,2009,29425,72383,7445,9325,20100,20433,51950
Saint Vincent and the Grenadines,2010,28978,72976,7361,9260,19718,20389,52587
Saint Vincent and the Grenadines,2011,28570,73332,7439,9299,19271,20149,53183
Saint Vincent and the Grenadines,2012,28090,73693,7545,9168,18922,19934,53759
Saint Vincent and the Grenadines,2013,27596,74044,7680,8929,18667,19734,54310
Saint Vincent and the Grenadines,2014,27170,74348,7839,8684,18486,19522,54826
Saint Vincent and the Grenadines,2015,26849,74585,8021,8511,18338,19298,55287
Saint Vincent and the Grenadines,2016,26439,74956,8248,8303,18136,19084,55872
Saint Vincent and the Grenadines,2017,26148,75261,8488,8183,17965,18829,56432
Saint Vincent and the Grenadines,2018,25925,75512,8763,8128,17797,18551,56961
Saint Vincent and the Grenadines,2019,25694,75718,9076,8080,17614,18284,57434
Saint Vincent and the Grenadines,2020,25414,75908,9435,8002,17412,18057,57851
Saint Vincent and the Grenadines,2021,25115,76044,9827,7960,17155,17827,58217
Saint Vincent and the Grenadines,2022,24770,76170,10244,7861,16909,17614,58556
Saint Vincent and the Grenadines,2023,24390,76258,10700,7718,16672,17426,58832
Saint Vincent and the Grenadines,2024,24028,76273,11205,7573,16455,17255,59018
Saint Vincent and the Grenadines,2025,23695,76183,11765,7450,16245,17100,59083
Saint Vincent and the Grenadines,2026,23359,76051,12363,7340,16019,16956,59095
Saint Vincent and the Grenadines,2027,23050,75827,13000,7238,15812,16820,59007
Saint Vincent and the Grenadines,2028,22765,75564,13645,7146,15619,16691,58873
Saint Vincent and the Grenadines,2029,22486,75308,14255,7057,15429,16552,58756
Saint Vincent and the Grenadines,2030,22200,75105,14801,6970,15230,16400,58705
Saint Vincent and the Grenadines,2031,21912,74979,15272,6901,15011,16225,58754
Saint Vincent and the Grenadines,2032,21626,74890,15671,6823,14803,16023,58867
Saint Vincent and the Grenadines,2033,21345,74832,16031,6739,14606,15807,59025
Saint Vincent and the Grenadines,2034,21079,74762,16375,6658,14421,15597,59165
Saint Vincent and the Grenadines,2035,20828,74665,16726,6586,14242,15402,59263
Saint Vincent and the Grenadines,2036,20584,74585,17038,6531,14053,15231,59354
Saint Vincent and the Grenadines,2037,20350,74498,17342,6471,13879,15064,59434
Saint Vincent and the Grenadines,2038,20129,74385,17646,6411,13718,14900,59485
Saint Vincent and the Grenadines,2039,19917,74230,17952,6350,13567,14732,59498
Saint Vincent and the Grenadines,2040,19709,74036,18267,6288,13421,14561,59475
Saint Vincent and the Grenadines,2041,19506,73817,18561,6243,13263,14372,59445
Saint Vincent and the Grenadines,2042,19308,73562,18855,6188,13120,14174,59388
Saint Vincent and the Grenadines,2043,19121,73261,19148,6127,12994,13974,59287
Saint Vincent and the Grenadines,2044,18934,72921,19448,6062,12872,13776,59145
Saint Vincent and the Grenadines,2045,18755,72544,19754,5998,12757,13591,58953
Saint Vincent and the Grenadines,2046,18567,72148,20059,5945,12622,13403,58745
Saint Vincent and the Grenadines,2047,18383,71724,20367,5885,12498,13218,58506
Saint Vincent and the Grenadines,2048,18205,71266,20668,5820,12385,13038,58228
Saint Vincent and the Grenadines,2049,18033,70792,20959,5752,12281,12868,57924
Saint Vincent and the Grenadines,2050,17859,70305,21242,5685,12174,12711,57594
Saint Vincent and the Grenadines,2051,17670,69822,21520,5629,12041,12557,57265
Saint Vincent and the Grenadines,2052,17482,69345,21775,5568,11914,12413,56932
Saint Vincent and the Grenadines,2053,17300,68851,22013,5503,11797,12272,56579
Saint Vincent and the Grenadines,2054,17123,68334,22255,5435,11688,12137,56197
Saint Vincent and the Grenadines,2055,16944,67786,22510,5369,11575,12012,55774
Saint Vincent and the Grenadines,2056,16745,67231,22779,5315,11430,11891,55340
Saint Vincent and the Grenadines,2057,16550,66658,23043,5252,11298,11768,54890
Saint Vincent and the Grenadines,2058,16363,66070,23307,5185,11178,11647,54423
Saint Vincent and the Grenadines,2059,16182,65462,23560,5117,11065,11527,53935
Saint Vincent and the Grenadines,2060,16006,64841,23817,5053,10953,11410,53431
Saint Vincent and the Grenadines,2061,15809,64234,24068,5002,10807,11296,52938
Saint Vincent and the Grenadines,2062,15622,63613,24310,4948,10674,11174,52439
Saint Vincent and the Grenadines,2063,15447,62983,24541,4894,10553,11048,51935
Saint Vincent and the Grenadines,2064,15276,62352,24756,4839,10437,10921,51431
Saint Vincent and the Grenadines,2065,15111,61730,24942,4785,10326,10799,50931
Saint Vincent and the Grenadines,2066,14928,61149,25091,4746,10182,10679,50470
Saint Vincent and the Grenadines,2067,14755,60591,25202,4699,10056,10554,50037
Saint Vincent and the Grenadines,2068,14591,60032,25298,4648,9943,10428,49604
Saint Vincent and the Grenadines,2069,14435,59436,25395,4592,9843,10297,49139
Saint Vincent and the Grenadines,2070,14290,58812,25514,4544,9746,10171,48641
Saint Vincent and the Grenadines,2071,14122,58198,25631,4506,9616,10050,48148
Saint Vincent and the Grenadines,2072,13967,57557,25756,4463,9504,9926,47631
Saint Vincent and the Grenadines,2073,13823,56896,25882,4418,9405,9797,47099
Saint Vincent and the Grenadines,2074,13690,56228,25999,4369,9321,9669,46559
Saint Vincent and the Grenadines,2075,13559,55555,26101,4322,9237,9542,46013
Saint Vincent and the Grenadines,2076,13411,54934,26175,4287,9124,9430,45504
Saint Vincent and the Grenadines,2077,13267,54321,26230,4244,9023,9313,45008
Saint Vincent and the Grenadines,2078,13132,53715,26263,4197,8935,9195,44520
Saint Vincent and the Grenadines,2079,13005,53103,26289,4147,8858,9079,44024
Saint Vincent and the Grenadines,2080,12884,52472,26324,4099,8785,8968,43504
Saint Vincent and the Grenadines,2081,12738,51880,26338,4062,8676,8868,43012
Saint Vincent and the Grenadines,2082,12596,51298,26336,4017,8579,8772,42526
Saint Vincent and the Grenadines,2083,12468,50706,26328,3972,8496,8670,42036
Saint Vincent and the Grenadines,2084,12340,50112,26320,3922,8418,8571,41541
Saint Vincent and the Grenadines,2085,12220,49515,26304,3874,8346,8475,41040
Saint Vincent and the Grenadines,2086,12076,48965,26268,3840,8236,8391,40574
Saint Vincent and the Grenadines,2087,11937,48428,26213,3798,8139,8308,40120
Saint Vincent and the Grenadines,2088,11805,47894,26149,3753,8052,8220,39674
Saint Vincent and the Grenadines,2089,11682,47353,26083,3706,7976,8128,39225
Saint Vincent and the Grenadines,2090,11562,46813,26016,3662,7900,8041,38772
Saint Vincent and the Grenadines,2091,11423,46323,25921,3630,7793,7966,38357
Saint Vincent and the Grenadines,2092,11288,45837,25821,3593,7695,7885,37952
Saint Vincent and the Grenadines,2093,11170,45352,25711,3554,7616,7801,37551
Saint Vincent and the Grenadines,2094,11054,44858,25601,3511,7543,7712,37146
Saint Vincent and the Grenadines,2095,10943,44356,25504,3472,7471,7627,36729
Saint Vincent and the Grenadines,2096,10816,43907,25375,3445,7371,7553,36354
Saint Vincent and the Grenadines,2097,10694,43457,25237,3412,7282,7473,35984
Saint Vincent and the Grenadines,2098,10582,43000,25103,3376,7206,7389,35611
Saint Vincent and the Grenadines,2099,10478,42534,24985,3338,7140,7302,35232
Saint Vincent and the Grenadines,2100,10377,42053,24872,3303,7074,7215,34838
Samoa,1950,38481,41735,1881,14830,23651,15533,26202
Samoa,1951,39894,42586,1957,15639,24255,15763,26823
Samoa,1952,41499,43283,2037,16794,24705,16007,27276
Samoa,1953,43055,44073,2110,17898,25157,16337,27736
Samoa,1954,44489,45045,2162,18776,25713,16773,28272
Samoa,1955,45839,46177,2192,19428,26411,17327,28850
Samoa,1956,47438,47154,2207,20413,27025,17919,29235
Samoa,1957,48854,48446,2200,20824,28030,18633,29813
Samoa,1958,50278,49898,2177,20927,29351,19349,30549
Samoa,1959,51912,51310,2158,21051,30861,19963,31347
Samoa,1960,53847,52621,2178,21477,32370,20475,32146
Samoa,1961,55723,54091,2305,21904,33819,20918,33173
Samoa,1962,58016,55319,2453,22747,35269,21201,34118
Samoa,1963,60565,56395,2601,23886,36679,21409,34986
Samoa,1964,63075,57547,2732,25000,38075,21697,35850
Samoa,1965,65350,58885,2833,25828,39522,22171,36714
Samoa,1966,67467,60280,2941,26624,40843,22629,37651
Samoa,1967,69276,61879,3038,27127,42149,23273,38606
Samoa,1968,70735,63648,3123,27349,43386,24101,39547
Samoa,1969,71928,65390,3200,27389,44539,25060,40330
Samoa,1970,72914,66974,3288,27310,45604,26135,40839
Samoa,1971,73799,68233,3407,27118,46681,26969,41264
Samoa,1972,74609,69206,3506,26936,47673,27812,41394
Samoa,1973,75229,70065,3595,26740,48489,28695,41370
Samoa,1974,75560,70991,3670,26483,49077,29630,41361
Samoa,1975,75593,72044,3750,26143,49450,30640,41404
Samoa,1976,75081,73425,3884,25792,49289,31467,41958
Samoa,1977,74398,74838,4011,25407,48991,32224,42614
Samoa,1978,73568,76311,4128,25004,48564,32992,43319
Samoa,1979,72702,77831,4227,24634,48068,33814,44017
Samoa,1980,71907,79337,4313,24344,47563,34706,44631
Samoa,1981,71208,80765,4455,24115,47093,35240,45525
Samoa,1982,70588,82238,4577,23909,46679,35822,46416
Samoa,1983,69957,83753,4674,23740,46217,36511,47242
Samoa,1984,69277,85239,4767,23594,45683,37223,48016
Samoa,1985,68568,86597,4866,23458,45110,37870,48727
Samoa,1986,67915,87550,5127,23323,44592,37955,49595
Samoa,1987,67293,88305,5417,23171,44122,37790,50515
Samoa,1988,66652,89047,5722,23036,43616,37549,51498
Samoa,1989,66080,89903,6015,22994,43086,37386,52517
Samoa,1990,65737,90851,6278,23140,42597,37372,53479
Samoa,1991,65990,91625,6461,23563,42427,36881,54744
Samoa,1992,66633,92318,6619,23998,42635,36305,56013
Samoa,1993,67504,92934,6769,24436,43068,35719,57215
Samoa,1994,68414,93442,6932,24821,43593,35179,58263
Samoa,1995,69244,93816,7097,25127,44117,34763,59053
Samoa,1996,69428,94542,7313,25549,43879,34446,60096
Samoa,1997,69636,95057,7505,25706,43930,33980,61077
Samoa,1998,69935,95392,7654,25693,44242,33412,61980
Samoa,1999,70422,95582,7751,25639,44783,32806,62776
Samoa,2000,71104,95694,7812,25598,45506,32265,63429
Samoa,2001,70831,96735,8000,25142,45689,32267,64468
Samoa,2002,70819,97586,8177,24974,45845,32172,65414
Samoa,2003,70945,98360,8357,25000,45945,32040,66320
Samoa,2004,71084,99163,8534,25100,45984,31948,67215
Samoa,2005,71190,100031,8708,25203,45987,31977,68054
Samoa,2006,71139,101096,8859,25369,45770,32438,68658
Samoa,2007,71120,102163,9003,25570,45550,32898,69265
Samoa,2008,71129,103242,9155,25748,45381,33331,69911
Samoa,2009,71171,104346,9309,25850,45321,33721,70625
Samoa,2010,71245,105499,9461,25874,45371,34106,71393
Samoa,2011,71672,106374,9619,26134,45538,34598,71776
Samoa,2012,71867,107553,9774,25887,45980,35283,72270
Samoa,2013,71942,108880,9935,25328,46614,36084,72796
Samoa,2014,72027,110145,10118,24718,47309,36871,73274
Samoa,2015,72166,111257,10336,24234,47932,37585,73672
Samoa,2016,71922,112545,10658,23485,48437,38060,74485
Samoa,2017,71869,113559,11012,23060,48809,38352,75207
Samoa,2018,71870,114439,11386,22873,48997,38584,75855
Samoa,2019,71737,115393,11779,22758,48979,38920,76473
Samoa,2020,71386,116515,12216,22610,48776,39468,77047
Samoa,2021,70831,117771,12716,22603,48228,39925,77846
Samoa,2022,70148,119117,13243,22553,47595,40500,78617
Samoa,2023,69396,120513,13793,22464,46932,41159,79354
Samoa,2024,68691,121823,14350,22392,46299,41822,80001
Samoa,2025,68103,122995,14920,22387,45716,42446,80549
Samoa,2026,67568,124049,15516,22586,44982,42779,81270
Samoa,2027,67131,124997,16115,22668,44463,43061,81936
Samoa,2028,66830,125840,16733,22692,44138,43263,82577
Samoa,2029,66699,126588,17373,22731,43968,43345,83243
Samoa,2030,66745,127290,18060,22856,43889,43307,83983
Samoa,2031,66746,128201,18751,23052,43694,43021,85180
Samoa,2032,66932,129056,19471,23251,43681,42549,86507
Samoa,2033,67263,129863,20201,23454,43809,41980,87883
Samoa,2034,67662,130642,20917,23639,44023,41433,89209
Samoa,2035,68069,131414,21615,23798,44271,41009,90405
Samoa,2036,68432,132231,22274,24021,44411,40511,91720
Samoa,2037,68791,133049,22906,24126,44665,40100,92949
Samoa,2038,69143,133861,23508,24139,45004,39798,94063
Samoa,2039,69485,134679,24076,24098,45387,39600,95079
Samoa,2040,69801,135506,24619,24038,45763,39523,95983
Samoa,2041,69978,136487,25110,23984,45994,39405,97082
Samoa,2042,70128,137473,25569,23863,46265,39383,98090
Samoa,2043,70232,138476,25986,23691,46541,39462,99014
Samoa,2044,70262,139513,26377,23481,46781,39636,99877
Samoa,2045,70196,140596,26738,23246,46950,39911,100685
Samoa,2046,69934,141853,27043,23019,46915,40111,101742
Samoa,2047,69611,143118,27326,22754,46857,40356,102762
Samoa,2048,69225,144413,27572,22463,46762,40657,103756
Samoa,2049,68783,145745,27777,22165,46618,41003,104742
Samoa,2050,68294,147125,27952,21885,46409,41407,105718
Samoa,2051,67652,148675,28067,21654,45998,41700,106975
Samoa,2052,66999,150243,28141,21416,45583,41987,108256
Samoa,2053,66346,151782,28221,21180,45166,42267,109515
Samoa,2054,65702,153212,28384,20962,44740,42520,110692
Samoa,2055,65076,154484,28674,20787,44289,42749,111735
Samoa,2056,64405,155709,29046,20710,43695,42801,112908
Samoa,2057,63786,156769,29529,20621,43165,42778,113991
Samoa,2058,63227,157685,30105,20533,42694,42700,114985
Samoa,2059,62727,158473,30755,20454,42273,42575,115898
Samoa,2060,62284,159149,31452,20406,41878,42422,116727
Samoa,2061,61860,159824,32154,20463,41397,42109,117715
Samoa,2062,61503,160389,32904,20465,41038,41737,118652
Samoa,2063,61208,160849,33695,20431,40777,41331,119518
Samoa,2064,60978,161220,34529,20383,40595,40917,120303
Samoa,2065,60793,161498,35399,20347,40446,40525,120973
Samoa,2066,60596,161842,36219,20371,40225,40043,121799
Samoa,2067,60445,162131,37041,20340,40105,39556,122575
Samoa,2068,60327,162314,37917,20267,40060,39089,123225
Samoa,2069,60221,162338,38934,20164,40057,38676,123662
Samoa,2070,60097,162167,40126,20047,40050,38337,123830
Samoa,2071,59907,161985,41364,19958,39949,37976,124009
Samoa,2072,59702,161643,42743,19811,39891,37667,123976
Samoa,2073,59476,161188,44217,19620,39856,37416,123772
Samoa,2074,59218,160711,45698,19404,39814,37232,123479
Samoa,2075,58914,160280,47130,19179,39735,37124,123156
Samoa,2076,58520,160088,48367,18975,39545,37012,123076
Samoa,2077,58093,159938,49536,18745,39348,36940,122998
Samoa,2078,57632,159816,50654,18496,39136,36909,122907
Samoa,2079,57135,159717,51734,18238,38897,36911,122806
Samoa,2080,56596,159626,52787,17982,38614,36945,122681
Samoa,2081,55998,159783,53591,17773,38225,36944,122839
Samoa,2082,55375,159953,54349,17542,37833,36936,123017
Samoa,2083,54731,160109,55094,17297,37434,36918,123191
Samoa,2084,54083,160210,55843,17059,37024,36889,123321
Samoa,2085,53432,160254,56608,16841,36591,36849,123405
Samoa,2086,52776,160443,57183,16691,36085,36739,123704
Samoa,2087,52139,160561,57764,16531,35608,36586,123975
Samoa,2088,51525,160605,58353,16369,35156,36394,124211
Samoa,2089,50936,160561,58965,16212,34724,36179,124382
Samoa,2090,50369,160407,59627,16073,34296,35943,124464
Samoa,2091,49836,160354,60124,16008,33828,35638,124716
Samoa,2092,49329,160208,60640,15910,33419,35291,124917
Samoa,2093,48852,159954,61208,15792,33060,34920,125034
Samoa,2094,48408,159553,61851,15669,32739,34530,125023
Samoa,2095,47991,159002,62598,15560,32431,34142,124860
Samoa,2096,47605,158546,63187,15506,32099,33721,124825
Samoa,2097,47246,157981,63830,15423,31823,33289,124692
Samoa,2098,46921,157300,64530,15326,31595,32857,124443
Samoa,2099,46607,156520,65304,15212,31395,32446,124074
Samoa,2100,46279,155641,66160,15085,31194,32061,123580
Sao Tome and Principe,1950,19758,37861,2383,9757,10001,10947,26914
Sao Tome and Principe,1951,19694,37149,2359,9608,10086,10636,26513
Sao Tome and Principe,1952,19479,36705,2339,9470,10009,10508,26197
Sao Tome and Principe,1953,19299,36536,2330,9382,9917,10523,26013
Sao Tome and Principe,1954,19252,36651,2331,9403,9849,10629,26022
Sao Tome and Principe,1955,19362,37078,2343,9582,9780,10715,26363
Sao Tome and Principe,1956,19792,37577,2377,9671,10121,10853,26724
Sao Tome and Principe,1957,20152,38411,2428,9819,10333,11153,27258
Sao Tome and Principe,1958,20528,39306,2485,10024,10504,11483,27823
Sao Tome and Principe,1959,20879,40069,2530,10244,10635,11731,28338
Sao Tome and Principe,1960,21109,40588,2556,10441,10668,11743,28845
Sao Tome and Principe,1961,22625,39466,2460,10793,11832,11168,28298
Sao Tome and Principe,1962,23757,38354,2321,11026,12731,10940,27414
Sao Tome and Principe,1963,24664,37364,2149,11228,13436,11076,26288
Sao Tome and Principe,1964,25569,36694,1949,11528,14041,11581,25113
Sao Tome and Principe,1965,26625,36461,1710,12028,14597,12356,24105
Sao Tome and Principe,1966,28417,35677,1969,12528,15889,11795,23882
Sao Tome and Principe,1967,30291,35303,2279,13132,17159,11697,23606
Sao Tome and Principe,1968,32120,35260,2666,13798,18322,12073,23187
Sao Tome and Principe,1969,33728,35396,3117,14426,19302,12867,22529
Sao Tome and Principe,1970,35009,35635,3609,14940,20069,13974,21661
Sao Tome and Principe,1971,36115,36360,3513,15514,20601,14178,22182
Sao Tome and Principe,1972,36962,37151,3424,15761,21201,14450,22701
Sao Tome and Principe,1973,37645,38029,3348,15824,21821,14796,23233
Sao Tome and Principe,1974,38364,39011,3295,15941,22423,15210,23801
Sao Tome and Principe,1975,39268,40089,3250,16303,22965,15696,24393
Sao Tome and Principe,1976,40366,41009,3510,16686,23680,15946,25063
Sao Tome and Principe,1977,41694,41971,3769,17342,24352,16254,25717
Sao Tome and Principe,1978,43038,43017,4034,18121,24917,16653,26364
Sao Tome and Principe,1979,44118,44210,4321,18755,25363,17170,27040
Sao Tome and Principe,1980,44815,45526,4608,19116,25699,17794,27732
Sao Tome and Principe,1981,46217,46096,4637,19948,26269,18187,27909
Sao Tome and Principe,1982,47087,46936,4683,19868,27219,18674,28262
Sao Tome and Principe,1983,47687,47891,4740,19229,28458,19195,28696
Sao Tome and Principe,1984,48385,48739,4791,18581,29804,19657,29082
Sao Tome and Principe,1985,49354,49441,4839,18307,31047,20047,29394
Sao Tome and Principe,1986,50016,50498,4960,17670,32346,20471,30027
Sao Tome and Principe,1987,51128,51224,5063,17829,33299,20725,30499
Sao Tome and Principe,1988,52449,51870,5151,18546,33903,20961,30909
Sao Tome and Principe,1989,53618,52764,5245,19367,34251,21388,31376
Sao Tome and Principe,1990,54493,54053,5347,20006,34487,22115,31938
Sao Tome and Principe,1991,55471,55366,5457,20953,34518,22878,32488
Sao Tome and Principe,1992,56116,57126,5574,21469,34647,23939,33187
Sao Tome and Principe,1993,56592,59124,5691,21686,34906,25165,33959
Sao Tome and Principe,1994,57162,61013,5798,21842,35320,26346,34667
Sao Tome and Principe,1995,57914,62649,5891,22057,35857,27369,35280
Sao Tome and Principe,1996,58543,64265,6013,22057,36486,28228,36037
Sao Tome and Principe,1997,59417,65572,6118,22192,37225,28867,36705
Sao Tome and Principe,1998,60445,66762,6211,22419,38026,29339,37423
Sao Tome and Principe,1999,61467,68100,6319,22706,38761,29743,38357
Sao Tome and Principe,2000,62437,69739,6430,23151,39286,30165,39574
Sao Tome and Principe,2001,63666,71416,6540,24126,39540,30480,40936
Sao Tome and Principe,2002,64776,73457,6656,24913,39863,30836,42621
Sao Tome and Principe,2003,65903,75711,6758,25605,40298,31241,44470
Sao Tome and Principe,2004,67182,77974,6813,26262,40920,31705,46269
Sao Tome and Principe,2005,68653,80165,6812,26916,41737,32258,47907
Sao Tome and Principe,2006,70214,82329,6785,27579,42635,32816,49513
Sao Tome and Principe,2007,71868,84517,6716,28059,43809,33507,51010
Sao Tome and Principe,2008,73596,86713,6604,28419,45177,34260,52453
Sao Tome and Principe,2009,75366,88965,6482,28742,46624,34968,53997
Sao Tome and Principe,2010,77141,91284,6351,29094,48047,35573,55711
Sao Tome and Principe,2011,78707,93841,6252,29290,49417,36062,57779
Sao Tome and Principe,2012,80347,96400,6142,29650,50697,36412,59988
Sao Tome and Principe,2013,81986,99023,6036,30114,51872,36749,62274
Sao Tome and Principe,2014,83544,101780,5942,30580,52964,37259,64521
Sao Tome and Principe,2015,84966,104715,5872,30962,54004,38055,66660
Sao Tome and Principe,2016,86324,107714,5872,31331,54993,38985,68729
Sao Tome and Principe,2017,87533,110897,5897,31598,55935,40175,70722
Sao Tome and Principe,2018,88628,114247,5943,31794,56834,41567,72680
Sao Tome and Principe,2019,89679,117681,6019,31993,57686,43034,74647
Sao Tome and Principe,2020,90727,121160,6124,32258,58469,44507,76653
Sao Tome and Principe,2021,91725,124673,6320,32562,59163,45880,78793
Sao Tome and Principe,2022,92740,128213,6536,32907,59833,47239,80974
Sao Tome and Principe,2023,93771,131789,6782,33292,60479,48567,83222
Sao Tome and Principe,2024,94792,135420,7054,33693,61099,49852,85568
Sao Tome and Principe,2025,95804,139122,7356,34111,61693,51085,88037
Sao Tome and Principe,2026,96870,142779,7726,34636,62234,52129,90650
Sao Tome and Principe,2027,97925,146507,8119,35087,62838,53087,93420
Sao Tome and Principe,2028,98987,150277,8538,35487,63500,53978,96299
Sao Tome and Principe,2029,100074,154068,8965,35872,64202,54817,99251
Sao Tome and Principe,2030,101187,157877,9407,36276,64911,55642,102235
Sao Tome and Principe,2031,102375,161631,9866,36752,65623,56329,105302
Sao Tome and Principe,2032,103580,165389,10348,37163,66417,56978,108411
Sao Tome and Principe,2033,104794,169174,10836,37529,67265,57607,111567
Sao Tome and Principe,2034,106003,172999,11319,37871,68132,58242,114757
Sao Tome and Principe,2035,107180,176889,11795,38207,68973,58897,117992
Sao Tome and Principe,2036,108379,180804,12241,38583,69796,59483,121321
Sao Tome and Principe,2037,109553,184786,12661,38907,70646,60078,124708
Sao Tome and Principe,2038,110693,188790,13114,39196,71497,60701,128089
Sao Tome and Principe,2039,111790,192719,13692,39467,72323,61379,131340
Sao Tome and Principe,2040,112838,196525,14451,39736,73102,62121,134404
Sao Tome and Principe,2041,113896,200198,15335,40051,73845,62847,137351
Sao Tome and Principe,2042,114914,203754,16385,40332,74582,63623,140131
Sao Tome and Principe,2043,115880,207302,17498,40585,75295,64445,142857
Sao Tome and Principe,2044,116795,210966,18533,40820,75975,65298,145668
Sao Tome and Principe,2045,117652,214834,19416,41044,76608,66180,148654
Sao Tome and Principe,2046,118534,218844,20117,41334,77200,66996,151848
Sao Tome and Principe,2047,119360,223047,20673,41559,77801,67819,155228
Sao Tome and Principe,2048,120134,227348,21166,41741,78393,68648,158700
Sao Tome and Principe,2049,120868,231599,21736,41905,78963,69477,162122
Sao Tome and Principe,2050,121567,235716,22466,42076,79491,70307,165409
Sao Tome and Principe,2051,122291,239699,23307,42304,79987,71056,168643
Sao Tome and Principe,2052,122985,243581,24268,42497,80488,71780,171801
Sao Tome and Principe,2053,123647,247415,25293,42666,80981,72486,174929
Sao Tome and Principe,2054,124268,251308,26277,42816,81452,73183,178125
Sao Tome and Principe,2055,124845,255316,27171,42963,81882,73881,181435
Sao Tome and Principe,2056,125458,259365,27961,43174,82284,74506,184859
Sao Tome and Principe,2057,126027,263515,28668,43331,82696,75111,188404
Sao Tome and Principe,2058,126560,267714,29341,43451,83109,75703,192011
Sao Tome and Principe,2059,127061,271896,30043,43558,83503,76288,195608
Sao Tome and Principe,2060,127534,276010,30805,43674,83860,76871,199139
Sao Tome and Principe,2061,128051,280024,31602,43849,84202,77395,202629
Sao Tome and Principe,2062,128542,284007,32429,43992,84550,77899,206108
Sao Tome and Principe,2063,129014,287922,33320,44119,84895,78392,209530
Sao Tome and Principe,2064,129456,291752,34299,44231,85225,78884,212868
Sao Tome and Principe,2065,129866,295477,35388,44344,85522,79375,216102
Sao Tome and Principe,2066,130322,299016,36580,44518,85804,79809,219207
Sao Tome and Principe,2067,130747,302474,37855,44645,86102,80233,222241
Sao Tome and Principe,2068,131142,305859,39200,44737,86405,80647,225212
Sao Tome and Principe,2069,131510,309182,40602,44811,86699,81059,228123
Sao Tome and Principe,2070,131850,312453,42037,44887,86963,81472,230981
Sao Tome and Principe,2071,132232,315610,43507,45014,87218,81842,233768
Sao Tome and Principe,2072,132593,318741,44985,45103,87490,82198,236543
Sao Tome and Principe,2073,132921,321843,46470,45159,87762,82548,239295
Sao Tome and Principe,2074,133211,324920,47973,45194,88017,82901,242019
Sao Tome and Principe,2075,133454,327950,49503,45218,88236,83255,244695
Sao Tome and Principe,2076,133736,330889,51027,45290,88446,83578,247311
Sao Tome and Principe,2077,133975,333819,52544,45314,88661,83891,249928
Sao Tome and Principe,2078,134167,336731,54060,45302,88865,84199,252532
Sao Tome and Principe,2079,134313,339630,55563,45273,89040,84506,255124
Sao Tome and Principe,2080,134423,342506,57068,45248,89175,84819,257687
Sao Tome and Principe,2081,134568,345330,58517,45265,89303,85115,260215
Sao Tome and Principe,2082,134679,348155,59928,45263,89416,85401,262754
Sao Tome and Principe,2083,134754,350961,61319,45244,89510,85676,265285
Sao Tome and Principe,2084,134779,353734,62713,45207,89572,85948,267786
Sao Tome and Principe,2085,134751,356453,64138,45156,89595,86216,270237
Sao Tome and Principe,2086,134781,359071,65523,45162,89619,86463,272608
Sao Tome and Principe,2087,134752,361675,66894,45113,89639,86694,274981
Sao Tome and Principe,2088,134674,364227,68281,45024,89650,86908,277319
Sao Tome and Principe,2089,134559,366711,69684,44921,89638,87104,279607
Sao Tome and Principe,2090,134415,369114,71127,44821,89594,87285,281829
Sao Tome and Principe,2091,134318,371399,72559,44765,89553,87442,283957
Sao Tome and Principe,2092,134198,373627,73990,44692,89506,87568,286059
Sao Tome and Principe,2093,134049,375793,75433,44609,89440,87670,288123
Sao Tome and Principe,2094,133867,377896,76893,44514,89353,87761,290135
Sao Tome and Principe,2095,133644,379925,78389,44413,89231,87840,292085
Sao Tome and Principe,2096,133468,381817,79895,44360,89108,87895,293922
Sao Tome and Principe,2097,133251,383676,81399,44267,88984,87934,295742
Sao Tome and Principe,2098,132998,385496,82903,44144,88854,87958,297538
Sao Tome and Principe,2099,132719,387258,84420,44007,88712,87971,299287
Sao Tome and Principe,2100,132421,388961,85965,43876,88545,87973,300988
Saudi Arabia,1950,1311310,1705817,104208,537360,773950,574911,1130906
Saudi Arabia,1951,1349742,1740404,108405,553762,795980,587688,1152716
Saudi Arabia,1952,1387946,1782545,112809,565924,822022,602968,1179577
Saudi Arabia,1953,1427575,1827848,117194,578016,849559,619222,1208626
Saudi Arabia,1954,1468543,1874528,121481,591810,876733,635844,1238684
Saudi Arabia,1955,1509963,1922511,125681,608304,901659,652941,1269570
Saudi Arabia,1956,1557608,1965653,130300,626593,931015,668757,1296896
Saudi Arabia,1957,1606280,2010887,134708,645792,960488,685276,1325611
Saudi Arabia,1958,1656164,2059871,139049,666167,989997,703205,1356666
Saudi Arabia,1959,1708003,2114358,143454,688603,1019400,723418,1390940
Saudi Arabia,1960,1763121,2175411,148007,714698,1048423,746561,1428850
Saudi Arabia,1961,1827776,2238341,152762,746185,1081591,771720,1466621
Saudi Arabia,1962,1894737,2310457,157670,776291,1118446,800087,1510370
Saudi Arabia,1963,1964621,2389366,162672,806241,1158380,830491,1558875
Saudi Arabia,1964,2037598,2472139,167667,837207,1200391,861488,1610651
Saudi Arabia,1965,2113553,2557441,172641,870426,1243127,892467,1664974
Saudi Arabia,1966,2196528,2640751,177925,906233,1290295,925525,1715226
Saudi Arabia,1967,2281305,2730330,183211,940175,1341130,959511,1770819
Saudi Arabia,1968,2371089,2827729,188668,975122,1395967,994737,1832992
Saudi Arabia,1969,2469940,2935203,194485,1014969,1454971,1031870,1903333
Saudi Arabia,1970,2581150,3054460,200779,1063333,1517817,1071578,1982882
Saudi Arabia,1971,2699512,3193952,207530,1111190,1588322,1123914,2070038
Saudi Arabia,1972,2829489,3349441,214964,1165719,1663770,1178444,2170997
Saudi Arabia,1973,2971004,3519923,223168,1226963,1744041,1234813,2285110
Saudi Arabia,1974,3122509,3704676,232149,1293623,1828886,1293413,2411263
Saudi Arabia,1975,3283502,3903317,241884,1365319,1918183,1354759,2548558
Saudi Arabia,1976,3446018,4122223,250372,1436206,2009812,1434822,2687401
Saudi Arabia,1977,3613811,4358380,259413,1504196,2109615,1511927,2846453
Saudi Arabia,1978,3795679,4614747,269414,1575301,2220378,1586441,3028306
Saudi Arabia,1979,4003194,4895633,280794,1659091,2344103,1660829,3234804
Saudi Arabia,1980,4242748,5204005,293846,1762296,2480452,1738349,3465656
Saudi Arabia,1981,4481942,5580995,303724,1860348,2621594,1889595,3691400
Saudi Arabia,1982,4746748,5987076,314256,1977715,2769033,2032065,3955011
Saudi Arabia,1983,5026527,6412208,325102,2104554,2921973,2159837,4252371
Saudi Arabia,1984,5302675,6846566,335726,2225449,3077226,2270459,4576107
Saudi Arabia,1985,5561770,7281759,345586,2330665,3231105,2364919,4916840
Saudi Arabia,1986,5859056,7646394,363562,2463578,3395478,2553391,5093003
Saudi Arabia,1987,6128900,8012711,384049,2559827,3569073,2721156,5291555
Saudi Arabia,1988,6383389,8364734,407100,2626864,3756525,2852329,5512405
Saudi Arabia,1989,6627714,8695885,432345,2674975,3952739,2943903,5751982
Saudi Arabia,1990,6854527,9012763,459525,2707837,4146690,3004623,6008140
Saudi Arabia,1991,7107666,9280834,479329,2729412,4378254,2988944,6291890
Saudi Arabia,1992,7343803,9537627,497403,2749842,4593961,2977022,6560605
Saudi Arabia,1993,7547790,9797680,514280,2762828,4784962,2983164,6814516
Saudi Arabia,1994,7706269,10074546,530275,2761921,4944348,3022862,7051684
Saudi Arabia,1995,7817413,10372998,545430,2749881,5067532,3106150,7266848
Saudi Arabia,1996,7815517,10755564,560497,2759964,5055553,3344543,7411021
Saudi Arabia,1997,7798369,11132334,574873,2745242,5053127,3544257,7588077
Saudi Arabia,1998,7799256,11493697,589505,2720230,5079026,3679924,7813773
Saudi Arabia,1999,7843407,11845646,605353,2703302,5140105,3748931,8096715
Saudi Arabia,2000,7931633,12209662,623017,2702292,5229341,3774274,8435388
Saudi Arabia,2001,7934629,12731665,637298,2658193,5276436,3951692,8779973
Saudi Arabia,2002,7963051,13290361,652896,2655027,5308024,4106223,9184138
Saudi Arabia,2003,8007228,13879281,669916,2679364,5327864,4230768,9648513
Saudi Arabia,2004,8052559,14487851,688480,2712923,5339636,4327171,10160680
Saudi Arabia,2005,8091647,15105094,708913,2745367,5346280,4406712,10698382
Saudi Arabia,2006,8109284,15741002,728015,2790039,5319245,4571384,11169618
Saudi Arabia,2007,8110310,16393114,749145,2826421,5283889,4736400,11656714
Saudi Arabia,2008,8110159,17058865,771746,2857038,5253121,4888008,12170857
Saudi Arabia,2009,8127392,17739491,794609,2886841,5240551,5008373,12731118
Saudi Arabia,2010,8169236,18438907,817533,2918018,5251218,5091024,13347883
Saudi Arabia,2011,8139718,19259404,838898,2937421,5202297,5149305,14110099
Saudi Arabia,2012,8134561,20090782,861014,2948059,5186502,5152306,14938476
Saudi Arabia,2013,8148859,20908877,886740,2952167,5196692,5102898,15805979
Saudi Arabia,2014,8174585,21682073,920064,2954864,5219721,5008314,16673759
Saudi Arabia,2015,8204392,22389217,963535,2960321,5244071,4881010,17508207
Saudi Arabia,2016,8241756,23013048,1020883,2965839,5275917,4912616,18100432
Saudi Arabia,2017,8288813,23563948,1085452,2990398,5298415,4886389,18677559
Saudi Arabia,2018,8342291,24056643,1155409,3023841,5318450,4809831,19246812
Saudi Arabia,2019,8391254,24521120,1228288,3049490,5341764,4703483,19817637
Saudi Arabia,2020,8428760,24977422,1303458,3057345,5371415,4589956,20387466
Saudi Arabia,2021,8561709,25312948,1388035,3089279,5472430,4646093,20666855
Saudi Arabia,2022,8647297,25671637,1477096,3078916,5568381,4720742,20950895
Saudi Arabia,2023,8701287,26035994,1573843,3039363,5661924,4801433,21234561
Saudi Arabia,2024,8742832,26383544,1682559,2990624,5752208,4873883,21509661
Saudi Arabia,2025,8777766,26706267,1806272,2944750,5833016,4934273,21771994
Saudi Arabia,2026,8778197,27035264,1943053,2874273,5903924,5067480,21967784
Saudi Arabia,2027,8772476,27342947,2093170,2821528,5950948,5190672,22152275
Saudi Arabia,2028,8755923,27635652,2255130,2781476,5974447,5297943,22337709
Saudi Arabia,2029,8718467,27925664,2426541,2743769,5974698,5388328,22537336
Saudi Arabia,2030,8656207,28217456,2606686,2701782,5954425,5464845,22752611
Saudi Arabia,2031,8584491,28501776,2790292,2662908,5921583,5592578,22909198
Saudi Arabia,2032,8492316,28786734,2980628,2627878,5864438,5707087,23079647
Saudi Arabia,2033,8386546,29060050,3181942,2595300,5791246,5800862,23259188
Saudi Arabia,2034,8276555,29305105,3399779,2566070,5710485,5869067,23436038
Saudi Arabia,2035,8167425,29512910,3637084,2540641,5626784,5912325,23600585
Saudi Arabia,2036,8072998,29679701,3883354,2528268,5544730,5978673,23701028
Saudi Arabia,2037,7975965,29818149,4144417,2514483,5461482,6027195,23790954
Saudi Arabia,2038,7882942,29925409,4419081,2501140,5381802,6051801,23873608
Saudi Arabia,2039,7798960,30002401,4704893,2490766,5308194,6046643,23955758
Saudi Arabia,2040,7725957,30052473,4999181,2485622,5240335,6010966,24041507
Saudi Arabia,2041,7671121,30083991,5287214,2489518,5181603,5976705,24107286
Saudi Arabia,2042,7625933,30091768,5582286,2495488,5130445,5915409,24176359
Saudi Arabia,2043,7591089,30081404,5877857,2503305,5087784,5832890,24248514
Saudi Arabia,2044,7565177,30064076,6163482,2511842,5053335,5737819,24326257
Saudi Arabia,2045,7546522,30047047,6432947,2520499,5026023,5637461,24409586
Saudi Arabia,2046,7543426,30039564,6668749,2534840,5008586,5569817,24469747
Saudi Arabia,2047,7544393,30038292,6885669,2545916,4998477,5495685,24542607
Saudi Arabia,2048,7549598,30033838,7091998,2553831,4995767,5417203,24616635
Saudi Arabia,2049,7557947,30013990,7299827,2558618,4999329,5336075,24677915
Saudi Arabia,2050,7567276,29972580,7516493,2560202,5007074,5254881,24717699
Saudi Arabia,2051,7582333,29923943,7722602,2561555,5020778,5210798,24713145
Saudi Arabia,2052,7594384,29863904,7930889,2558172,5036212,5166773,24697131
Saudi Arabia,2053,7603157,29791580,8141910,2550533,5052624,5123519,24668061
Saudi Arabia,2054,7607660,29707865,8355095,2539110,5068550,5081317,24626548
Saudi Arabia,2055,7606261,29614870,8569545,2524047,5082214,5041376,24573494
Saudi Arabia,2056,7600025,29525724,8770960,2504767,5095258,5037957,24487767
Saudi Arabia,2057,7586962,29430969,8970937,2484992,5101970,5034808,24396161
Saudi Arabia,2058,7566792,29337069,9163469,2464286,5102506,5031620,24305449
Saudi Arabia,2059,7539122,29254288,9339014,2442002,5097120,5027537,24226751
Saudi Arabia,2060,7503505,29188633,9492423,2417485,5086020,5022584,24166049
Saudi Arabia,2061,7462355,29147761,9613945,2391285,5071070,5047910,24099851
Saudi Arabia,2062,7414245,29126522,9710692,2366504,5047741,5069664,24056858
Saudi Arabia,2063,7360326,29117767,9789726,2342753,5017573,5086369,24031398
Saudi Arabia,2064,7302383,29111871,9860170,2319971,4982412,5095849,24016022
Saudi Arabia,2065,7241689,29102409,9928359,2298075,4943614,5097344,24005065
Saudi Arabia,2066,7181462,29093560,9987546,2278639,4902823,5119487,23974073
Saudi Arabia,2067,7119971,29086379,10039027,2261849,4858122,5131445,23954934
Saudi Arabia,2068,7058761,29074661,10088476,2247345,4811416,5132642,23942019
Saudi Arabia,2069,6999221,29050921,10143103,2234814,4764407,5122318,23928603
Saudi Arabia,2070,6942056,29009700,10208589,2224093,4717963,5100766,23908934
Saudi Arabia,2071,6892090,28951612,10280126,2218465,4673625,5094784,23856828
Saudi Arabia,2072,6845015,28881166,10357987,2213753,4631262,5076505,23804661
Saudi Arabia,2073,6802052,28797346,10442493,2209918,4592134,5046757,23750589
Saudi Arabia,2074,6763717,28700989,10532715,2206938,4556779,5006733,23694256
Saudi Arabia,2075,6729633,28592039,10629446,2204852,4524781,4958143,23633896
Saudi Arabia,2076,6704780,28475895,10722626,2206953,4497827,4927162,23548733
Saudi Arabia,2077,6683363,28355051,10815738,2208103,4475260,4887604,23467447
Saudi Arabia,2078,6665511,28223785,10914425,2208339,4457172,4840685,23383100
Saudi Arabia,2079,6650626,28076944,11024344,2207647,4442979,4788168,23288776
Saudi Arabia,2080,6637627,27912816,11148192,2206064,4431563,4732284,23180532
Saudi Arabia,2081,6629998,27741442,11272488,2205645,4424353,4697929,23043513
Saudi Arabia,2082,6623062,27561577,11403086,2203605,4419457,4660427,22901150
Saudi Arabia,2083,6616663,27375688,11537320,2200005,4416658,4620750,22754938
Saudi Arabia,2084,6609834,27188353,11671090,2194754,4415080,4579769,22608584
Saudi Arabia,2085,6601004,27002090,11803047,2187611,4413393,4538639,22463451
Saudi Arabia,2086,6592851,26829224,11918012,2179551,4413300,4520775,22308449
Saudi Arabia,2087,6582552,26665271,12023185,2170773,4411779,4502773,22162498
Saudi Arabia,2088,6569711,26508253,12120757,2161024,4408687,4484428,22023825
Saudi Arabia,2089,6553573,26355613,12213839,2149942,4403631,4465071,21890542
Saudi Arabia,2090,6533026,26204882,12305845,2137077,4395949,4444608,21760274
Saudi Arabia,2091,6513152,26077458,12370149,2124095,4389057,4445867,21631591
Saudi Arabia,2092,6489813,25959694,12424394,2111330,4378483,4445637,21514057
Saudi Arabia,2093,6462703,25846633,12473736,2098338,4364365,4442843,21403790
Saudi Arabia,2094,6431714,25733982,12522464,2084676,4347038,4436194,21297788
Saudi Arabia,2095,6396708,25619493,12572880,2069933,4326775,4425404,21194089
Saudi Arabia,2096,6365869,25530109,12589767,2057367,4308502,4432604,21097505
Saudi Arabia,2097,6331982,25443150,12602961,2045139,4286843,4434857,21008293
Saudi Arabia,2098,6295778,25355459,12614831,2033176,4262602,4431652,20923807
Saudi Arabia,2099,6258299,25263866,12627454,2021750,4236549,4422340,20841526
Saudi Arabia,2100,6220341,25165132,12643226,2011405,4208936,4406832,20758300
Senegal,1950,1039743,1361515,85377,427812,611931,468346,893169
Senegal,1951,1073214,1386566,85380,448110,625104,477182,909384
Senegal,1952,1108570,1413005,84840,470950,637620,486181,926824
Senegal,1953,1142440,1444161,83988,491737,650703,496391,947770
Senegal,1954,1174362,1480585,82886,510014,664348,507945,972640
Senegal,1955,1205425,1521311,81489,527757,677668,520592,1000719
Senegal,1956,1250018,1549507,82283,553434,696584,529493,1020014
Senegal,1957,1289700,1585849,82987,568579,721121,540992,1044857
Senegal,1958,1327725,1627080,83528,578215,749510,553724,1073356
Senegal,1959,1366840,1670362,83890,587613,779227,566456,1103906
Senegal,1960,1407982,1714658,84109,601279,806703,578891,1135767
Senegal,1961,1457126,1751896,86271,615880,841246,589683,1162213
Senegal,1962,1507814,1790849,88200,632275,875539,600539,1190310
Senegal,1963,1558944,1832859,89942,650957,907987,612396,1220463
Senegal,1964,1608086,1880651,91575,670799,937287,627050,1253601
Senegal,1965,1653965,1935747,93164,691488,962477,645715,1290032
Senegal,1966,1708431,1984828,95952,716291,992140,665656,1319172
Senegal,1967,1757767,2042847,98623,736157,1021610,689716,1353131
Senegal,1968,1803862,2108476,101201,753326,1050536,716938,1391538
Senegal,1969,1849652,2179525,103667,771512,1078140,746036,1433489
Senegal,1970,1896843,2254625,106037,794406,1102437,776348,1478277
Senegal,1971,1962402,2316023,110033,825818,1136584,804151,1511872
Senegal,1972,2027247,2383946,113921,853747,1173500,834595,1549351
Senegal,1973,2090795,2456011,117638,879663,1211132,865886,1590125
Senegal,1974,2151324,2529886,121138,904605,1246719,896011,1633875
Senegal,1975,2207749,2604076,124384,930641,1277108,923961,1680115
Senegal,1976,2290171,2644977,129526,969335,1320836,938690,1706287
Senegal,1977,2366445,2688665,134429,998200,1368245,954559,1734106
Senegal,1978,2439997,2736112,139156,1021790,1418207,972706,1763406
Senegal,1979,2515422,2788890,143798,1046103,1469319,994710,1794180
Senegal,1980,2595616,2848573,148457,1076556,1519060,1021881,1826692
Senegal,1981,2686853,2908721,154764,1111727,1575126,1047563,1861158
Senegal,1982,2781294,2977603,161162,1145887,1635407,1078033,1899570
Senegal,1983,2877900,3054913,167682,1179902,1697998,1113281,1941632
Senegal,1984,2974130,3140851,174346,1213340,1760790,1153348,1987503
Senegal,1985,3068255,3235308,181175,1246948,1821307,1198251,2037057
Senegal,1986,3171257,3325740,189162,1285753,1885504,1240725,2085015
Senegal,1987,3268480,3427996,197420,1314071,1954409,1288670,2139326
Senegal,1988,3362116,3539934,205926,1336174,2025942,1341148,2198786
Senegal,1989,3455164,3658806,214630,1358062,2097102,1396842,2261964
Senegal,1990,3548795,3783297,223525,1384592,2164203,1455094,2328203
Senegal,1991,3649561,3906995,233097,1412970,2236591,1511956,2395039
Senegal,1992,3750982,4036155,242588,1444067,2306915,1570943,2465212
Senegal,1993,3849885,4170293,251992,1476981,2372904,1631792,2538501
Senegal,1994,3941210,4309650,261313,1508498,2432712,1694476,2615174
Senegal,1995,4021929,4454127,270550,1536684,2485245,1758856,2695271
Senegal,1996,4116017,4578265,279795,1573073,2542944,1813665,2764600
Senegal,1997,4199256,4708670,288602,1600295,2598961,1871737,2836933
Senegal,1998,4275252,4846004,297137,1621858,2653394,1933183,2912821
Senegal,1999,4350165,4990243,305549,1643874,2706291,1997479,2992764
Senegal,2000,4428373,5141719,313960,1672115,2756258,2064332,3077387
Senegal,2001,4517649,5293739,323109,1708027,2809622,2124802,3168937
Senegal,2002,4609973,5454852,332036,1743432,2866541,2187437,3267415
Senegal,2003,4706132,5624133,340725,1780701,2925431,2251454,3372679
Senegal,2004,4806483,5800388,349073,1822048,2984435,2315533,3484855
Senegal,2005,4911740,5982496,357030,1870068,3041672,2378731,3603765
Senegal,2006,5032688,6157382,366693,1927873,3104815,2431721,3725661
Senegal,2007,5159134,6338505,375918,1986180,3172954,2483970,3854535
Senegal,2008,5292441,6526830,384686,2046046,3246395,2536815,3990015
Senegal,2009,5434169,6723864,392884,2108420,3325749,2591895,4131969
Senegal,2010,5585350,6930371,400508,2174718,3410632,2650187,4280184
Senegal,2011,5749907,7141045,409958,2248346,3501561,2704965,4436080
Senegal,2012,5920882,7363737,418894,2316858,3604024,2763119,4600618
Senegal,2013,6096698,7595772,427850,2380743,3715955,2824345,4771427
Senegal,2014,6273932,7834611,437568,2439437,3834495,2888285,4946326
Senegal,2015,6449142,8079329,448523,2492790,3956352,2955030,5124299
Senegal,2016,6626275,8323176,462163,2544313,4081962,3020240,5302936
Senegal,2017,6796980,8576761,476826,2583824,4213156,3089511,5487250
Senegal,2018,6961726,8840342,492202,2615307,4346419,3164160,5676182
Senegal,2019,7121786,9114320,507753,2644565,4477221,3245786,5868534
Senegal,2020,7277556,9399306,523292,2675743,4601813,3335416,6063890
Senegal,2021,7423262,9698147,541577,2699008,4724254,3431912,6266235
Senegal,2022,7567849,10004497,559518,2732386,4835463,3534182,6470315
Senegal,2023,7708241,10321074,577647,2772891,4935350,3643180,6677894
Senegal,2024,7840863,10651092,596566,2815106,5025757,3759661,6891431
Senegal,2025,7964790,10995325,616665,2855142,5109648,3883194,7112131
Senegal,2026,8088967,11343395,639409,2899738,5189229,4008299,7335096
Senegal,2027,8204997,11705574,663021,2940788,5264209,4139587,7565987
Senegal,2028,8315712,12079087,687744,2979393,5336319,4273601,7805486
Senegal,2029,8426239,12459034,713727,3018693,5407546,4404774,8054260
Senegal,2030,8539791,12842242,741197,3061138,5478653,4529333,8312909
Senegal,2031,8660888,13223072,771335,3108415,5552473,4644424,8578648
Senegal,2032,8784809,13607686,802643,3155697,5629112,4752641,8855045
Senegal,2033,8911511,13995619,835655,3203467,5708044,4854098,9141521
Senegal,2034,9040008,14387179,871002,3251589,5788419,4949440,9437739
Senegal,2035,9169762,14782350,909172,3300296,5869466,5039153,9743197
Senegal,2036,9307320,15174216,950398,3352789,5954531,5120347,10053869
Senegal,2037,9446174,15569840,993961,3403415,6042759,5195334,10374506
Senegal,2038,9585983,15969022,1040094,3452512,6133471,5266659,10702363
Senegal,2039,9726261,16371751,1088942,3500460,6225801,5337833,11033918
Senegal,2040,9866444,16777951,1140764,3547663,6318781,5411170,11366781
Senegal,2041,10011969,17181298,1196205,3596657,6415312,5484331,11696967
Senegal,2042,10156405,17589277,1253866,3642788,6513617,5560064,12029213
Senegal,2043,10299129,18001139,1314638,3686539,6612590,5638682,12362457
Senegal,2044,10439467,18415893,1379592,3728460,6711007,5719891,12696002
Senegal,2045,10576795,18832942,1449448,3769025,6807770,5803434,13029508
Senegal,2046,10716277,19248100,1522873,3809823,6906454,5888132,13359968
Senegal,2047,10852426,19666369,1600038,3848896,7003530,5975390,13690979
Senegal,2048,10984428,20088423,1680667,3886241,7098187,6065408,14023015
Senegal,2049,11111510,20515224,1764173,3921676,7189834,6158041,14357183
Senegal,2050,11233225,20947083,1850312,3955141,7278084,6252938,14694145
Senegal,2051,11356189,21380007,1936169,3989318,7366871,6348830,15031177
Senegal,2052,11473639,21818663,2023594,4021090,7452549,6446397,15372266
Senegal,2053,11585538,22262369,2113082,4050855,7534683,6545226,15717143
Senegal,2054,11692299,22710057,2205099,4079241,7613058,6644394,16065663
Senegal,2055,11794287,23160801,2300043,4106777,7687510,6743060,16417741
Senegal,2056,11898118,23612009,2393678,4135569,7762549,6840585,16771424
Senegal,2057,11997689,24066530,2489107,4163540,7834149,6936805,17129725
Senegal,2058,12092933,24524061,2586646,4190808,7902125,7031588,17492473
Senegal,2059,12184023,24984335,2686418,4217481,7966542,7124548,17859787
Senegal,2060,12271298,25446650,2788746,4243745,8027553,7215219,18231431
Senegal,2061,12362850,25907864,2888538,4272768,8090082,7303243,18604621
Senegal,2062,12451177,26371053,2990078,4300802,8150375,7388318,18982735
Senegal,2063,12536415,26835058,3094357,4327971,8208444,7470617,19364441
Senegal,2064,12618926,27298478,3202411,4354491,8264435,7550172,19748306
Senegal,2065,12699054,27759905,3315239,4380661,8318393,7626878,20133027
Senegal,2066,12785433,28216224,3427196,4410181,8375252,7700816,20515408
Senegal,2067,12869479,28671436,3542641,4437882,8431597,7771707,20899729
Senegal,2068,12951091,29123526,3663421,4463942,8487149,7839937,21283589
Senegal,2069,13030050,29570117,3791804,4488474,8541576,7905809,21664308
Senegal,2070,13106130,30009448,3929493,4511689,8594441,7969481,22039967
Senegal,2071,13187767,30439089,4070199,4537307,8650460,8031449,22407640
Senegal,2072,13266047,30863751,4217912,4559885,8706162,8091277,22772474
Senegal,2073,13340849,31282325,4373596,4579976,8760873,8149536,23132789
Senegal,2074,13412094,31693638,4538234,4598306,8813788,8206760,23486878
Senegal,2075,13479579,32096893,4712536,4615454,8864125,8263230,23833663
Senegal,2076,13550455,32492110,4889041,4633565,8916890,8320211,24171899
Senegal,2077,13617730,32881070,5072643,4650314,8967416,8376300,24504770
Senegal,2078,13680761,33265132,5262319,4665648,9015113,8431888,24833244
Senegal,2079,13738876,33646551,5456182,4679350,9059526,8487189,25159362
Senegal,2080,13791682,34026268,5653356,4691311,9100371,8542140,25484128
Senegal,2081,13848087,34405459,5843486,4704906,9143181,8598412,25807047
Senegal,2082,13899448,34784809,6034212,4716506,9182942,8654140,26130669
Senegal,2083,13945384,35162888,6226812,4726029,9219355,8709124,26453764
Senegal,2084,13985608,35537871,6422830,4733328,9252280,8762817,26775054
Senegal,2085,14019904,35908192,6623554,4738367,9281537,8814677,27093515
Senegal,2086,14058312,36277820,6814637,4745307,9313005,8867000,27410820
Senegal,2087,14090546,36645612,7007329,4748864,9341682,8917383,27728229
Senegal,2088,14116929,37009774,7202971,4749840,9367089,8965622,28044152
Senegal,2089,14138201,37368134,7402949,4749494,9388707,9011266,28356868
Senegal,2090,14154778,37718794,7608663,4748749,9406029,9053876,28664918
Senegal,2091,14175250,38070779,7802360,4749365,9425885,9097058,28973721
Senegal,2092,14192370,38416658,7998481,4750594,9441776,9136796,29279862
Senegal,2093,14205404,38755167,8198810,4751906,9453498,9173381,29581786
Senegal,2094,14213364,39085119,8405275,4752222,9461142,9207121,29877998
Senegal,2095,14215607,39405211,8619649,4750547,9465060,9238062,30167149
Senegal,2096,14225013,39723426,8820916,4752809,9472204,9269572,30453854
Senegal,2097,14229003,40034949,9026410,4751819,9477184,9298383,30736566
Senegal,2098,14227495,40338180,9237792,4747401,9480094,9324386,31013794
Senegal,2099,14221492,40630591,9456651,4740665,9480827,9347025,31283566
Senegal,2100,14212418,40909361,9684484,4733667,9478751,9365689,31543672
Serbia (including Kosovo),1950,1890453,4328775,513028,747123,1143330,1382119,2946656
Serbia (including Kosovo),1951,1942862,4396743,513687,812123,1130739,1381921,3014822
Serbia (including Kosovo),1952,1981120,4467131,515150,843506,1137614,1376792,3090339
Serbia (including Kosovo),1953,2019252,4528834,515077,855782,1163470,1363113,3165721
Serbia (including Kosovo),1954,2058862,4582539,511963,851626,1207236,1340568,3241971
Serbia (including Kosovo),1955,2097725,4631668,505529,836324,1261401,1310632,3321036
Serbia (including Kosovo),1956,2133892,4669301,505737,812025,1321867,1273516,3395785
Serbia (including Kosovo),1957,2172642,4701341,502702,784024,1388618,1230073,3471268
Serbia (including Kosovo),1958,2209939,4731084,498583,756123,1453816,1186521,3544563
Serbia (including Kosovo),1959,2239568,4763326,496272,731616,1507952,1151758,3611568
Serbia (including Kosovo),1960,2257529,4801788,497408,710816,1546713,1131694,3670094
Serbia (including Kosovo),1961,2251154,4851199,510999,676366,1574788,1127473,3723726
Serbia (including Kosovo),1962,2244548,4898861,526200,665579,1578969,1134852,3764009
Serbia (including Kosovo),1963,2232879,4950060,542564,670066,1562813,1154805,3795255
Serbia (including Kosovo),1964,2212199,5009223,559263,678189,1534010,1187374,3821849
Serbia (including Kosovo),1965,2182398,5076895,575789,681776,1500622,1231306,3845589
Serbia (including Kosovo),1966,2162533,5130459,595812,699305,1463228,1282011,3848448
Serbia (including Kosovo),1967,2129577,5197548,615515,702320,1427257,1345659,3851889
Serbia (including Kosovo),1968,2091597,5271158,635247,695778,1395819,1412909,3858249
Serbia (including Kosovo),1969,2060630,5340611,655424,689540,1371090,1469645,3870966
Serbia (including Kosovo),1970,2042969,5400620,676271,690926,1352043,1507220,3893400
Serbia (including Kosovo),1971,2035030,5451817,701144,694681,1340349,1527935,3923882
Serbia (including Kosovo),1972,2039321,5495399,725905,702673,1336648,1529735,3965664
Serbia (including Kosovo),1973,2053495,5534289,749292,714595,1338900,1516511,4017778
Serbia (including Kosovo),1974,2071372,5575133,769745,727269,1344103,1495935,4079198
Serbia (including Kosovo),1975,2089313,5621503,786354,738733,1350580,1473157,4148346
Serbia (including Kosovo),1976,2112089,5666391,801150,751541,1360548,1447491,4218900
Serbia (including Kosovo),1977,2135046,5715223,813056,762157,1372889,1418317,4296906
Serbia (including Kosovo),1978,2157650,5768155,821175,770341,1387309,1388785,4379370
Serbia (including Kosovo),1979,2179656,5825448,823932,776167,1403489,1363033,4462415
Serbia (including Kosovo),1980,2200307,5887086,820900,779577,1420730,1343877,4543209
Serbia (including Kosovo),1981,2221794,5947505,815295,782139,1439655,1332170,4615335
Serbia (including Kosovo),1982,2239550,6014288,804140,780278,1459272,1328727,4685561
Serbia (including Kosovo),1983,2253684,6082096,791897,775244,1478440,1331716,4750380
Serbia (including Kosovo),1984,2264670,6143386,784864,768986,1495684,1337711,4805675
Serbia (including Kosovo),1985,2272603,6194067,786735,762796,1509807,1344555,4849512
Serbia (including Kosovo),1986,2274822,6230277,801248,753031,1521791,1353659,4876618
Serbia (including Kosovo),1987,2275211,6254791,822148,746857,1528354,1363286,4891505
Serbia (including Kosovo),1988,2273410,6275431,848472,742789,1530621,1374652,4900779
Serbia (including Kosovo),1989,2269081,6302879,878810,738314,1530767,1389685,4913194
Serbia (including Kosovo),1990,2262611,6342701,912362,731949,1530662,1409222,4933479
Serbia (including Kosovo),1991,2259534,6388337,955070,727592,1531942,1433555,4954782
Serbia (including Kosovo),1992,2251381,6448693,1001257,717541,1533840,1462109,4986584
Serbia (including Kosovo),1993,2236623,6510578,1048353,702864,1533759,1490709,5019869
Serbia (including Kosovo),1994,2213724,6555672,1092481,685746,1527978,1513416,5042256
Serbia (including Kosovo),1995,2180986,6572332,1130829,667418,1513568,1526252,5046080
Serbia (including Kosovo),1996,2128714,6551853,1174939,648237,1480477,1510576,5041277
Serbia (including Kosovo),1997,2077718,6495234,1210441,633324,1444394,1481559,5013675
Serbia (including Kosovo),1998,2029724,6415152,1238736,621557,1408167,1443033,4972119
Serbia (including Kosovo),1999,1985383,6331345,1262586,610585,1374798,1401537,4929808
Serbia (including Kosovo),2000,1944756,6258549,1284310,598344,1346412,1362622,4895927
Serbia (including Kosovo),2001,1898817,6211707,1302894,583416,1315401,1348296,4863411
Serbia (including Kosovo),2002,1852822,6180083,1319800,570094,1282728,1337006,4843077
Serbia (including Kosovo),2003,1806468,6162558,1333843,557171,1249297,1328226,4834332
Serbia (including Kosovo),2004,1760780,6155224,1342339,544558,1216222,1320315,4834909
Serbia (including Kosovo),2005,1717328,6153788,1343870,533213,1184115,1311775,4842013
Serbia (including Kosovo),2006,1680846,6152802,1339641,526542,1154304,1296575,4856227
Serbia (including Kosovo),2007,1645495,6160297,1329422,516468,1129027,1282183,4878114
Serbia (including Kosovo),2008,1613165,6168740,1317647,505382,1107783,1267302,4901438
Serbia (including Kosovo),2009,1585291,6168747,1310718,495684,1089607,1249901,4918846
Serbia (including Kosovo),2010,1561813,6155362,1312541,488317,1073496,1228899,4926463
Serbia (including Kosovo),2011,1538715,6125922,1329109,477407,1061308,1208720,4917202
Serbia (including Kosovo),2012,1520972,6084542,1351470,472080,1048892,1184766,4899776
Serbia (including Kosovo),2013,1506156,6035265,1378794,470440,1035716,1159408,4875857
Serbia (including Kosovo),2014,1491279,5983701,1409732,469627,1021652,1135983,4847718
Serbia (including Kosovo),2015,1475290,5932764,1443226,467960,1007330,1116403,4816361
Serbia (including Kosovo),2016,1461765,5874467,1483851,468988,992777,1099109,4775358
Serbia (including Kosovo),2017,1446414,5817597,1526563,467331,979083,1084936,4732661
Serbia (including Kosovo),2018,1430417,5763227,1568383,463731,966686,1073107,4690120
Serbia (including Kosovo),2019,1415846,5712562,1604999,459835,956011,1062051,4650511
Serbia (including Kosovo),2020,1403567,5666378,1633997,456772,946795,1050768,4615610
Serbia (including Kosovo),2021,1392661,5618488,1662210,454028,938633,1038149,4580339
Serbia (including Kosovo),2022,1383340,5576058,1682337,451038,932302,1025743,4550315
Serbia (including Kosovo),2023,1375195,5537786,1696126,448000,927195,1013515,4524271
Serbia (including Kosovo),2024,1367236,5502201,1706156,444727,922509,1001420,4500781
Serbia (including Kosovo),2025,1358846,5468361,1714086,441159,917687,989425,4478936
Serbia (including Kosovo),2026,1350093,5431788,1724264,437257,912836,976212,4455576
Serbia (including Kosovo),2027,1341237,5397507,1731274,433316,907921,962780,4434727
Serbia (including Kosovo),2028,1332006,5365102,1735776,429291,902715,949874,4415228
Serbia (including Kosovo),2029,1322292,5334015,1738393,425184,897108,938495,4395520
Serbia (including Kosovo),2030,1312051,5303679,1739715,420998,891053,929206,4374473
Serbia (including Kosovo),2031,1301619,5270246,1743267,416917,884702,920695,4349551
Serbia (including Kosovo),2032,1290811,5237882,1745095,412829,877982,914088,4323794
Serbia (including Kosovo),2033,1279568,5205841,1746035,408730,870838,908994,4296847
Serbia (including Kosovo),2034,1267957,5173059,1747132,404655,863302,904602,4268457
Serbia (including Kosovo),2035,1256079,5138755,1749138,400659,855420,900314,4238441
Serbia (including Kosovo),2036,1244542,5099435,1754963,397163,847379,894974,4204461
Serbia (including Kosovo),2037,1232889,5059344,1760921,393540,839349,889682,4169662
Serbia (including Kosovo),2038,1221133,5018410,1767211,389858,831275,884424,4133986
Serbia (including Kosovo),2039,1209386,4976768,1773769,386215,823171,879172,4097596
Serbia (including Kosovo),2040,1197755,4934591,1780478,382730,815025,873876,4060715
Serbia (including Kosovo),2041,1186466,4886999,1792074,379716,806750,866942,4020057
Serbia (including Kosovo),2042,1175414,4839409,1803301,376522,798892,859766,3979643
Serbia (including Kosovo),2043,1164657,4792607,1813466,373290,791367,852538,3940069
Serbia (including Kosovo),2044,1154256,4747593,1821639,370191,784065,845412,3902181
Serbia (including Kosovo),2045,1144227,4704705,1827590,367377,776850,838427,3866278
Serbia (including Kosovo),2046,1134355,4658918,1836592,364873,769482,829942,3828976
Serbia (including Kosovo),2047,1125097,4616232,1842244,362487,762610,821542,3794690
Serbia (including Kosovo),2048,1116308,4575245,1846109,360211,756097,813395,3761850
Serbia (including Kosovo),2049,1107804,4533893,1850449,357991,749813,805614,3728279
Serbia (including Kosovo),2050,1099468,4490812,1856743,355828,743640,798215,3692597
Serbia (including Kosovo),2051,1091696,4443213,1867402,354142,737554,789920,3653293
Serbia (including Kosovo),2052,1084145,4395098,1878748,352137,732008,782000,3613098
Serbia (including Kosovo),2053,1076720,4346975,1890269,349891,726829,774506,3572469
Serbia (including Kosovo),2054,1069388,4299969,1900740,347521,721867,767421,3532548
Serbia (including Kosovo),2055,1062107,4254819,1909356,345146,716961,760716,3494103
Serbia (including Kosovo),2056,1055305,4210121,1917048,343060,712245,753436,3456685
Serbia (including Kosovo),2057,1048549,4167720,1922415,340674,707875,746489,3421231
Serbia (including Kosovo),2058,1041763,4127340,1925752,338088,703675,739981,3387359
Serbia (including Kosovo),2059,1034864,4088588,1927494,335406,699458,733950,3354638
Serbia (including Kosovo),2060,1027779,4051089,1928039,332724,695055,728376,3322713
Serbia (including Kosovo),2061,1020862,4014535,1927344,330197,690665,722408,3292127
Serbia (including Kosovo),2062,1013927,3980040,1924472,327623,686304,716790,3263250
Serbia (including Kosovo),2063,1006848,3946919,1920278,325009,681839,711609,3235310
Serbia (including Kosovo),2064,999527,3914206,1915846,322345,677182,706875,3207331
Serbia (including Kosovo),2065,991923,3881235,1911950,319647,672276,702542,3178693
Serbia (including Kosovo),2066,984557,3847668,1908423,317250,667307,697772,3149896
Serbia (including Kosovo),2067,977066,3814496,1904659,314684,662382,693329,3121167
Serbia (including Kosovo),2068,969439,3782017,1900431,312023,657416,689207,3092810
Serbia (including Kosovo),2069,961723,3750764,1895217,309373,652350,685296,3065468
Serbia (including Kosovo),2070,953926,3720886,1888939,306828,647098,681470,3039416
Serbia (including Kosovo),2071,946472,3692149,1881438,304614,641858,676970,3015179
Serbia (including Kosovo),2072,939180,3665396,1872081,302405,636775,672513,2992883
Serbia (including Kosovo),2073,931969,3639957,1861669,300220,631749,668139,2971818
Serbia (including Kosovo),2074,924759,3614849,1851285,298067,626692,663823,2951026
Serbia (including Kosovo),2075,917492,3589289,1841831,295972,621520,659508,2929781
Serbia (including Kosovo),2076,910848,3563888,1832010,294322,616526,654585,2909303
Serbia (including Kosovo),2077,904356,3538965,1822044,292554,611802,649654,2889311
Serbia (including Kosovo),2078,897927,3514046,1812506,290701,607226,644756,2869290
Serbia (including Kosovo),2079,891528,3488790,1803821,288824,602704,639914,2848876
Serbia (including Kosovo),2080,885153,3462970,1796249,286999,598154,635141,2827829
Serbia (including Kosovo),2081,879425,3437379,1788404,285558,593867,629919,2807460
Serbia (including Kosovo),2082,873869,3412013,1780761,283981,589888,624784,2787229
Serbia (including Kosovo),2083,868430,3386778,1773463,282314,586116,619816,2766962
Serbia (including Kosovo),2084,863006,3361462,1766815,280590,582416,615028,2746434
Serbia (including Kosovo),2085,857455,3335679,1761325,278830,578625,610364,2725315
Serbia (including Kosovo),2086,852478,3310828,1754889,277376,575102,605470,2705358
Serbia (including Kosovo),2087,847561,3286502,1748434,275758,571803,600755,2685747
Serbia (including Kosovo),2088,842577,3262328,1742450,274003,568574,596247,2666081
Serbia (including Kosovo),2089,837435,3237989,1737318,272160,565275,591939,2646050
Serbia (including Kosovo),2090,832062,3213257,1733314,270278,561784,587798,2625459
Serbia (including Kosovo),2091,827275,3190505,1727233,268681,558594,583677,2606828
Serbia (including Kosovo),2092,822462,3168261,1721181,266999,555463,579759,2588502
Serbia (including Kosovo),2093,817515,3146206,1715552,265242,552273,576045,2570161
Serbia (including Kosovo),2094,812347,3124056,1710736,263415,548932,572497,2551559
Serbia (including Kosovo),2095,806882,3101540,1707063,261526,545356,569054,2532486
Serbia (including Kosovo),2096,802076,3081332,1700919,259982,542094,565712,2515620
Serbia (including Kosovo),2097,797151,3061507,1694983,258317,538834,562482,2499025
Serbia (including Kosovo),2098,792047,3041797,1689573,256552,535495,559357,2482440
Serbia (including Kosovo),2099,786764,3021916,1684955,254744,532020,556289,2465627
Serbia (including Kosovo),2100,781291,3001566,1681427,252952,528339,553205,2448361
Seychelles,1950,11392,22281,2652,4461,6931,6110,16171
Seychelles,1951,11887,22338,2656,4801,7086,6151,16187
Seychelles,1952,12466,22334,2637,5272,7194,6190,16144
Seychelles,1953,12953,22399,2612,5668,7285,6251,16148
Seychelles,1954,13319,22545,2591,5944,7375,6341,16204
Seychelles,1955,13604,22744,2561,6153,7451,6453,16291
Seychelles,1956,14159,22624,2551,6633,7526,6456,16168
Seychelles,1957,14551,22668,2550,6785,7766,6512,16156
Seychelles,1958,14932,22771,2551,6776,8156,6579,16192
Seychelles,1959,15430,22863,2533,6760,8670,6615,16248
Seychelles,1960,16089,22941,2510,6839,9250,6615,16326
Seychelles,1961,16731,23093,2576,6723,10008,6592,16501
Seychelles,1962,17553,23219,2634,6823,10730,6565,16654
Seychelles,1963,18435,23376,2700,7070,11365,6583,16793
Seychelles,1964,19197,23681,2771,7331,11866,6716,16965
Seychelles,1965,19767,24159,2846,7533,12234,7003,17156
Seychelles,1966,20551,24410,2891,7913,12638,7108,17302
Seychelles,1967,21171,24795,2948,8102,13069,7341,17454
Seychelles,1968,21694,25283,3011,8160,13534,7682,17601
Seychelles,1969,22226,25819,3083,8194,14032,8119,17700
Seychelles,1970,22806,26400,3159,8275,14531,8652,17748
Seychelles,1971,23169,27304,3234,8328,14841,9363,17941
Seychelles,1972,23550,28263,3314,8373,15177,10123,18140
Seychelles,1973,23922,29271,3413,8407,15515,10891,18380
Seychelles,1974,24250,30325,3522,8431,15819,11613,18712
Seychelles,1975,24509,31440,3641,8463,16046,12270,19170
Seychelles,1976,24826,32454,3781,8610,16216,12738,19716
Seychelles,1977,25065,33504,3931,8682,16383,13137,20367
Seychelles,1978,25242,34550,4086,8706,16536,13482,21068
Seychelles,1979,25361,35561,4231,8703,16658,13800,21761
Seychelles,1980,25412,36521,4361,8684,16728,14113,22408
Seychelles,1981,25336,37499,4463,8702,16634,14506,22993
Seychelles,1982,25231,38397,4540,8702,16529,14796,23601
Seychelles,1983,25090,39207,4612,8670,16420,14973,24234
Seychelles,1984,24886,39897,4676,8596,16290,15025,24872
Seychelles,1985,24621,40468,4747,8503,16118,14971,25497
Seychelles,1986,24771,40482,4751,8598,16173,14725,25757
Seychelles,1987,24839,40423,4752,8540,16299,14452,25971
Seychelles,1988,24900,40347,4743,8401,16499,14201,26146
Seychelles,1989,25040,40374,4730,8277,16763,14040,26334
Seychelles,1990,25310,40589,4725,8237,17073,14031,26558
Seychelles,1991,24862,41805,4833,8060,16802,14257,27548
Seychelles,1992,24573,43181,4958,8012,16561,14528,28653
Seychelles,1993,24396,44620,5098,8045,16351,14790,29830
Seychelles,1994,24223,46020,5248,8065,16158,14979,31041
Seychelles,1995,23997,47317,5389,8007,15990,15057,32260
Seychelles,1996,23969,48141,5565,7933,16036,15129,33012
Seychelles,1997,23804,48915,5740,7764,16040,15188,33727
Seychelles,1998,23549,49719,5920,7548,16001,15270,34449
Seychelles,1999,23329,50614,6108,7380,15949,15402,35212
Seychelles,2000,23214,51628,6309,7328,15886,15588,36040
Seychelles,2001,22769,53452,6346,7205,15564,15884,37568
Seychelles,2002,22536,55302,6365,7293,15243,16062,39240
Seychelles,2003,22445,57102,6363,7521,14924,16091,41011
Seychelles,2004,22352,58800,6332,7748,14604,15966,42834
Seychelles,2005,22140,60336,6268,7846,14294,15702,44634
Seychelles,2006,22192,61118,6349,7975,14217,15482,45636
Seychelles,2007,22019,61796,6466,7948,14071,15309,46487
Seychelles,2008,21657,62400,6629,7790,13867,15191,47209
Seychelles,2009,21224,62986,6824,7606,13618,15120,47866
Seychelles,2010,20824,63553,7028,7517,13307,15067,48486
Seychelles,2011,20582,64170,7082,7629,12953,14610,49560
Seychelles,2012,20416,64731,7138,7697,12719,14095,50636
Seychelles,2013,20352,65181,7232,7752,12600,13536,51645
Seychelles,2014,20351,65497,7406,7786,12565,12946,52551
Seychelles,2015,20384,65667,7691,7790,12594,12352,53315
Seychelles,2016,20763,65568,7897,7838,12925,12046,53522
Seychelles,2017,21068,65516,8153,7754,13314,11783,53733
Seychelles,2018,21318,65463,8454,7586,13732,11570,53893
Seychelles,2019,21532,65380,8790,7398,14134,11432,53948
Seychelles,2020,21702,65263,9147,7221,14481,11382,53881
Seychelles,2021,21697,65185,9582,6922,14775,11410,53775
Seychelles,2022,21688,65039,10033,6728,14960,11510,53529
Seychelles,2023,21631,64876,10504,6603,15028,11684,53192
Seychelles,2024,21485,64740,10992,6497,14988,11932,52808
Seychelles,2025,21243,64647,11524,6376,14867,12248,52399
Seychelles,2026,20967,64534,12079,6279,14688,12596,51938
Seychelles,2027,20613,64445,12659,6184,14429,12997,51448
Seychelles,2028,20208,64380,13245,6090,14118,13420,50960
Seychelles,2029,19796,64314,13820,6008,13788,13812,50502
Seychelles,2030,19411,64218,14381,5949,13462,14134,50084
Seychelles,2031,19096,64063,14923,5951,13145,14362,49701
Seychelles,2032,18798,63899,15439,5936,12862,14522,49377
Seychelles,2033,18531,63714,15940,5920,12611,14602,49112
Seychelles,2034,18299,63488,16432,5907,12392,14605,48883
Seychelles,2035,18101,63221,16919,5908,12193,14526,48695
Seychelles,2036,17967,62897,17390,5937,12030,14346,48551
Seychelles,2037,17871,62540,17847,5960,11911,14079,48461
Seychelles,2038,17804,62154,18294,5978,11826,13763,48391
Seychelles,2039,17759,61744,18720,5990,11769,13433,48311
Seychelles,2040,17730,61319,19136,6001,11729,13123,48196
Seychelles,2041,17730,60883,19518,6018,11712,12813,48070
Seychelles,2042,17736,60447,19878,6021,11715,12527,47920
Seychelles,2043,17749,59995,20228,6013,11736,12271,47724
Seychelles,2044,17754,59535,20566,5994,11760,12049,47486
Seychelles,2045,17748,59071,20902,5964,11784,11860,47211
Seychelles,2046,17737,58605,21211,5927,11810,11692,46913
Seychelles,2047,17713,58142,21504,5878,11835,11567,46575
Seychelles,2048,17673,57699,21773,5822,11851,11481,46218
Seychelles,2049,17610,57291,22008,5755,11855,11427,45864
Seychelles,2050,17523,56924,22196,5683,11840,11398,45526
Seychelles,2051,17418,56607,22331,5604,11814,11378,45229
Seychelles,2052,17295,56336,22418,5524,11771,11378,44958
Seychelles,2053,17152,56107,22459,5443,11709,11398,44709
Seychelles,2054,16991,55914,22473,5364,11627,11429,44485
Seychelles,2055,16811,55734,22472,5286,11525,11467,44267
Seychelles,2056,16626,55568,22448,5212,11414,11487,44081
Seychelles,2057,16433,55431,22399,5144,11289,11511,43920
Seychelles,2058,16233,55317,22322,5082,11151,11530,43787
Seychelles,2059,16031,55232,22207,5024,11007,11541,43691
Seychelles,2060,15829,55180,22067,4974,10855,11540,43640
Seychelles,2061,15643,55141,21892,4941,10702,11507,43634
Seychelles,2062,15464,55135,21681,4907,10557,11460,43675
Seychelles,2063,15293,55144,21451,4876,10417,11401,43743
Seychelles,2064,15131,55149,21219,4848,10283,11328,43821
Seychelles,2065,14981,55142,20993,4826,10155,11241,43901
Seychelles,2066,14853,55112,20770,4818,10035,11126,43986
Seychelles,2067,14740,55075,20551,4806,9934,10998,44077
Seychelles,2068,14639,55023,20342,4793,9846,10864,44159
Seychelles,2069,14546,54924,20180,4778,9768,10726,44198
Seychelles,2070,14463,54773,20067,4763,9700,10589,44184
Seychelles,2071,14397,54569,20004,4758,9639,10439,44130
Seychelles,2072,14338,54326,19974,4745,9593,10292,44034
Seychelles,2073,14281,54037,19996,4725,9556,10150,43887
Seychelles,2074,14227,53693,20073,4703,9524,10022,43671
Seychelles,2075,14170,53293,20214,4677,9493,9903,43390
Seychelles,2076,14117,52845,20413,4652,9465,9786,43059
Seychelles,2077,14061,52361,20654,4620,9441,9685,42676
Seychelles,2078,14004,51845,20930,4586,9418,9597,42248
Seychelles,2079,13936,51348,21207,4547,9389,9526,41822
Seychelles,2080,13861,50862,21482,4508,9353,9466,41396
Seychelles,2081,13778,50414,21721,4464,9314,9409,41005
Seychelles,2082,13695,50002,21940,4422,9273,9363,40639
Seychelles,2083,13602,49618,22130,4379,9223,9330,40288
Seychelles,2084,13501,49258,22315,4334,9167,9304,39954
Seychelles,2085,13389,48917,22489,4288,9101,9281,39636
Seychelles,2086,13281,48625,22604,4247,9034,9253,39372
Seychelles,2087,13169,48368,22700,4208,8961,9229,39139
Seychelles,2088,13052,48134,22773,4169,8883,9206,38928
Seychelles,2089,12934,47903,22840,4130,8804,9182,38721
Seychelles,2090,12811,47673,22913,4093,8718,9153,38520
Seychelles,2091,12705,47479,22923,4067,8638,9115,38364
Seychelles,2092,12594,47292,22928,4039,8555,9074,38218
Seychelles,2093,12490,47098,22937,4014,8476,9027,38071
Seychelles,2094,12384,46888,22956,3989,8395,8974,37914
Seychelles,2095,12278,46652,22996,3965,8313,8914,37738
Seychelles,2096,12194,46452,22964,3952,8242,8851,37601
Seychelles,2097,12114,46235,22945,3938,8176,8780,37455
Seychelles,2098,12032,46006,22940,3919,8113,8707,37299
Seychelles,2099,11952,45748,22951,3899,8053,8630,37118
Seychelles,2100,11873,45458,22978,3879,7994,8551,36907
Sierra Leone,1950,804405,1175163,61635,326865,477540,381780,793383
Sierra Leone,1951,816204,1183965,62275,331244,484960,384007,799958
Sierra Leone,1952,825328,1196982,62632,332005,493323,387756,809226
Sierra Leone,1953,833028,1212758,62644,331818,501210,392558,820200
Sierra Leone,1954,839697,1230725,62309,332424,507273,398232,832493
Sierra Leone,1955,845292,1250816,61645,335289,510003,404841,845975
Sierra Leone,1956,857798,1262748,62977,341146,516652,408763,853985
Sierra Leone,1957,868519,1277632,63980,345372,523147,413887,863745
Sierra Leone,1958,877789,1295309,64674,348957,528832,420078,875231
Sierra Leone,1959,886119,1315500,65067,353177,532942,427138,888362
Sierra Leone,1960,894039,1337892,65179,359596,534443,434955,902937
Sierra Leone,1961,911076,1351158,66970,370702,540374,439589,911569
Sierra Leone,1962,926590,1367944,68479,379190,547400,445470,922474
Sierra Leone,1963,941231,1387496,69687,386360,554871,452165,935331
Sierra Leone,1964,955539,1409077,70588,393591,561948,459157,949920
Sierra Leone,1965,969789,1432319,71186,402461,567328,466252,966067
Sierra Leone,1966,993651,1445630,73371,415748,577903,469481,976149
Sierra Leone,1967,1015711,1462527,75291,424987,590724,473577,988950
Sierra Leone,1968,1037057,1482577,76934,432244,604813,478466,1004111
Sierra Leone,1969,1058971,1505338,78299,440200,618771,484146,1021192
Sierra Leone,1970,1082351,1530517,79391,451594,630757,490717,1039800
Sierra Leone,1971,1115677,1547893,82209,467490,648187,494635,1053258
Sierra Leone,1972,1149466,1568799,84766,482146,667320,499849,1068950
Sierra Leone,1973,1183854,1592833,87052,496573,687281,506433,1086400
Sierra Leone,1974,1218410,1619976,89082,511253,707157,514658,1105318
Sierra Leone,1975,1252806,1650192,90878,527046,725760,524764,1125428
Sierra Leone,1976,1296190,1672706,94060,546944,749246,533202,1139504
Sierra Leone,1977,1337525,1700258,97017,562292,775233,544218,1156040
Sierra Leone,1978,1377737,1731813,99713,575057,802680,557369,1174444
Sierra Leone,1979,1417967,1766098,102114,587851,830116,572035,1194063
Sierra Leone,1980,1458720,1802512,104209,603044,855676,587952,1214560
Sierra Leone,1981,1505873,1831996,107408,620499,885374,602208,1229788
Sierra Leone,1982,1551654,1863633,110112,636595,915059,617717,1245916
Sierra Leone,1983,1597115,1899194,112442,652535,944580,635099,1264095
Sierra Leone,1984,1643734,1941178,114555,669647,974087,655241,1285937
Sierra Leone,1985,1692494,1990512,116544,689452,1003042,678526,1311986
Sierra Leone,1986,1753474,2039333,119631,713948,1039526,702575,1336758
Sierra Leone,1987,1815185,2097092,122391,736752,1078433,730329,1366763
Sierra Leone,1988,1872009,2156546,124429,756508,1115501,759180,1397366
Sierra Leone,1989,1915166,2209001,125301,769566,1145600,785774,1423227
Sierra Leone,1990,1937439,2249939,124868,772241,1165198,808216,1441723
Sierra Leone,1991,1952962,2258759,125518,776454,1176508,818864,1439895
Sierra Leone,1992,1951831,2255406,124095,772839,1178992,825012,1430394
Sierra Leone,1993,1939064,2247258,120977,763770,1175294,829148,1418110
Sierra Leone,1994,1923905,2243082,116634,755039,1168866,834245,1408837
Sierra Leone,1995,1915114,2248384,111321,753592,1161522,842273,1406111
Sierra Leone,1996,1919164,2251939,111247,757042,1162122,847799,1404140
Sierra Leone,1997,1926294,2268433,110728,758804,1167490,857588,1410845
Sierra Leone,1998,1942942,2300781,109923,764042,1178900,872840,1427941
Sierra Leone,1999,1976860,2351977,108966,779058,1197802,894644,1457333
Sierra Leone,2000,2033855,2422583,107859,810096,1223759,923163,1499420
Sierra Leone,2001,2114729,2512171,112247,844422,1270307,957333,1554838
Sierra Leone,2002,2212122,2627689,117405,881868,1330254,1000502,1627187
Sierra Leone,2003,2318898,2757744,122907,921965,1396933,1048328,1709416
Sierra Leone,2004,2422484,2888954,128257,960173,1462311,1095550,1793404
Sierra Leone,2005,2512033,3013149,133197,991441,1520592,1138993,1874156
Sierra Leone,2006,2598041,3111172,139479,1023876,1574165,1171000,1940172
Sierra Leone,2007,2671222,3199455,144740,1048879,1622343,1198393,2001062
Sierra Leone,2008,2732965,3283220,149187,1066714,1666251,1223828,2059392
Sierra Leone,2009,2787514,3369607,153139,1079716,1707798,1250766,2118841
Sierra Leone,2010,2838832,3463084,156804,1091253,1747579,1281290,2181794
Sierra Leone,2011,2898353,3550686,162653,1108015,1790338,1309806,2240880
Sierra Leone,2012,2952160,3645823,168120,1117712,1834448,1341878,2303945
Sierra Leone,2013,3001568,3747413,173098,1123225,1878343,1377103,2370310
Sierra Leone,2014,3048137,3853601,177424,1128168,1919969,1414547,2439054
Sierra Leone,2015,3092620,3963344,181061,1135223,1957397,1453548,2509796
Sierra Leone,2016,3137091,4072319,186780,1140851,1996240,1491932,2580387
Sierra Leone,2017,3180922,4184523,191767,1149902,2031020,1531574,2652949
Sierra Leone,2018,3222695,4300881,196153,1161479,2061216,1572726,2728155
Sierra Leone,2019,3260351,4422681,200091,1173299,2087052,1615550,2807131
Sierra Leone,2020,3293176,4550068,203687,1183936,2109240,1659729,2890339
Sierra Leone,2021,3329253,4672168,209648,1197659,2131594,1700681,2971487
Sierra Leone,2022,3359971,4800516,215192,1207055,2152916,1742975,3057541
Sierra Leone,2023,3386723,4933758,220439,1213404,2173319,1785739,3148019
Sierra Leone,2024,3411958,5069530,225484,1219088,2192870,1827386,3242144
Sierra Leone,2025,3437169,5206377,230438,1226080,2211089,1866813,3339564
Sierra Leone,2026,3466343,5337347,238234,1234611,2231732,1901199,3436148
Sierra Leone,2027,3494784,5470042,245824,1241915,2252869,1933507,3536535
Sierra Leone,2028,3522167,5604530,253283,1248561,2273606,1963955,3640575
Sierra Leone,2029,3547676,5741316,260686,1254661,2293015,1992840,3748476
Sierra Leone,2030,3570954,5880447,268130,1260566,2310388,2020244,3860203
Sierra Leone,2031,3597112,6013703,278599,1267627,2329485,2043307,3970396
Sierra Leone,2032,3620746,6149623,288896,1272648,2348098,2064818,4084805
Sierra Leone,2033,3641934,6287783,299247,1276260,2365674,2085607,4202176
Sierra Leone,2034,3661016,6427468,309933,1279286,2381730,2106617,4320851
Sierra Leone,2035,3678276,6568087,321152,1282487,2395789,2128311,4439776
Sierra Leone,2036,3698109,6702241,335807,1286627,2411482,2148429,4553812
Sierra Leone,2037,3715738,6837825,350637,1289519,2426219,2169287,4668538
Sierra Leone,2038,3731049,6974760,365668,1291537,2439512,2190752,4784008
Sierra Leone,2039,3743959,7112953,380919,1292970,2450989,2212276,4900677
Sierra Leone,2040,3754558,7252075,396454,1294205,2460353,2233362,5018713
Sierra Leone,2041,3767945,7384198,414978,1296702,2471243,2252180,5132018
Sierra Leone,2042,3778630,7517868,433341,1297465,2481165,2270716,5247152
Sierra Leone,2043,3786771,7652578,451774,1297040,2489731,2288996,5363582
Sierra Leone,2044,3792705,7787613,470544,1296091,2496614,2306886,5480727
Sierra Leone,2045,3796753,7922344,489855,1295263,2501490,2324160,5598184
Sierra Leone,2046,3803763,8049270,512240,1295669,2508094,2339419,5709851
Sierra Leone,2047,3808663,8176489,534587,1294983,2513680,2353989,5822500
Sierra Leone,2048,3811474,8303963,556854,1293575,2517899,2367968,5935995
Sierra Leone,2049,3812301,8431736,578908,1291811,2520490,2381326,6050410
Sierra Leone,2050,3811347,8559516,600763,1290107,2521240,2393903,6165613
Sierra Leone,2051,3813807,8679319,625168,1289926,2523881,2404629,6274690
Sierra Leone,2052,3814308,8799604,648904,1288618,2525690,2414561,6385043
Sierra Leone,2053,3812864,8919936,672236,1286469,2526395,2423818,6496118
Sierra Leone,2054,3809539,9039812,695424,1283740,2525799,2432407,6607405
Sierra Leone,2055,3804452,9158672,718724,1280764,2523688,2440224,6718448
Sierra Leone,2056,3803027,9268048,745087,1279353,2523674,2446536,6821512
Sierra Leone,2057,3799377,9377405,770884,1276204,2523173,2452172,6925233
Sierra Leone,2058,3793720,9486019,796582,1271889,2521831,2457212,7028807
Sierra Leone,2059,3786411,9593003,822695,1267132,2519279,2461604,7131399
Sierra Leone,2060,3777727,9697650,849639,1262579,2515148,2465245,7232405
Sierra Leone,2061,3772187,9791769,881037,1259135,2513052,2467875,7323894
Sierra Leone,2062,3765252,9884388,912301,1255230,2510022,2469738,7414650
Sierra Leone,2063,3756754,9975283,943755,1250976,2505778,2471062,7504221
Sierra Leone,2064,3746461,10064292,975703,1246327,2500134,2472020,7592272
Sierra Leone,2065,3734360,10151057,1008454,1241374,2492986,2472624,7678433
Sierra Leone,2066,3725804,10226074,1046088,1238007,2487797,2472583,7753491
Sierra Leone,2067,3715150,10300296,1083258,1233203,2481947,2472240,7828056
Sierra Leone,2068,3702639,10373002,1120396,1227396,2475243,2471577,7901425
Sierra Leone,2069,3688712,10443222,1157996,1221197,2467515,2470411,7972811
Sierra Leone,2070,3673676,10510252,1196404,1215147,2458529,2468551,8041701
Sierra Leone,2071,3662032,10565146,1240055,1210384,2451648,2466132,8099014
Sierra Leone,2072,3649159,10618350,1283087,1205014,2444145,2463068,8155282
Sierra Leone,2073,3635000,10670034,1325295,1199237,2435763,2459441,8210593
Sierra Leone,2074,3619449,10720685,1366197,1193159,2426290,2455271,8265414
Sierra Leone,2075,3602538,10770359,1405658,1186966,2415572,2450500,8319859
Sierra Leone,2076,3589135,10809198,1448622,1182241,2406894,2445298,8363900
Sierra Leone,2077,3574254,10848492,1488826,1176598,2397656,2439526,8408966
Sierra Leone,2078,3558042,10887514,1526904,1170333,2387709,2433306,8454208
Sierra Leone,2079,3540770,10925423,1563518,1163834,2376936,2426695,8498728
Sierra Leone,2080,3522663,10961568,1599189,1157466,2365197,2419667,8541901
Sierra Leone,2081,3507857,10985787,1639955,1152417,2355440,2412389,8573398
Sierra Leone,2082,3492131,11009966,1678183,1146822,2345309,2404753,8605213
Sierra Leone,2083,3475523,11033682,1714340,1140879,2334644,2396823,8636859
Sierra Leone,2084,3458070,11056584,1748777,1134768,2323302,2388569,8668015
Sierra Leone,2085,3439871,11078273,1781876,1128709,2311162,2379923,8698350
Sierra Leone,2086,3424784,11087498,1821078,1123946,2300838,2370931,8716567
Sierra Leone,2087,3408867,11097269,1857372,1118549,2290318,2361620,8735649
Sierra Leone,2088,3392181,11107061,1891268,1112716,2279465,2352092,8754969
Sierra Leone,2089,3374808,11116399,1923197,1106657,2268151,2342400,8773999
Sierra Leone,2090,3356833,11124821,1953579,1100597,2256236,2332536,8792285
Sierra Leone,2091,3341554,11120146,1991353,1095626,2245928,2322389,8797757
Sierra Leone,2092,3325534,11116489,2025924,1089974,2235560,2312139,8804350
Sierra Leone,2093,3308836,11113384,2057763,1083881,2224955,2301867,8811517
Sierra Leone,2094,3291555,11110463,2087247,1077615,2213940,2291584,8818879
Sierra Leone,2095,3273811,11107294,2114754,1071467,2202344,2281248,8826046
Sierra Leone,2096,3258153,11091086,2150619,1066111,2192042,2270657,8820429
Sierra Leone,2097,3242036,11076512,2182790,1060469,2181567,2260060,8816452
Sierra Leone,2098,3225519,11063039,2211827,1054755,2170764,2249535,8813504
Sierra Leone,2099,3208618,11050233,2238206,1049099,2159519,2239123,8811110
Sierra Leone,2100,3191312,11037743,2262384,1043542,2147770,2228818,8808925
Singapore,1950,413600,583999,24497,164501,249099,182399,401600
Singapore,1951,433870,608748,25176,175837,258033,192252,416496
Singapore,1952,456529,637425,25980,188642,267887,203467,433958
Singapore,1953,481384,669295,26896,202416,278968,215436,453859
Singapore,1954,509137,702741,27803,217778,291359,227154,475587
Singapore,1955,539966,736501,28624,234854,305112,237903,498598
Singapore,1956,574893,768135,29461,253261,321632,248672,519463
Singapore,1957,610296,799996,30167,270318,339978,258759,541237
Singapore,1958,644997,831587,30928,284945,360052,267961,563626
Singapore,1959,677328,862849,31959,295756,381572,276318,586531
Singapore,1960,705870,893824,33392,301996,403874,283927,609897
Singapore,1961,742356,911031,36159,308854,433502,287472,623559
Singapore,1962,771362,930805,39250,307890,463472,292845,637960
Singapore,1963,792834,953937,42567,301059,491775,301199,652738
Singapore,1964,808264,980169,46060,291520,516744,313391,666778
Singapore,1965,819201,1008847,49760,281845,537356,329647,679200
Singapore,1966,821671,1044421,53176,267593,554078,349278,695143
Singapore,1967,821530,1080391,56805,256257,565273,372018,708373
Singapore,1968,818654,1117567,60645,247761,570893,397344,720223
Singapore,1969,812593,1157232,64703,241194,571399,423853,733379
Singapore,1970,803538,1199759,68993,235347,568191,449737,750022
Singapore,1971,793596,1243961,73418,227707,565889,472203,771758
Singapore,1972,783845,1288772,77907,225542,558303,492170,796602
Singapore,1973,772806,1334212,82617,226292,546514,509950,824262
Singapore,1974,758689,1380075,87640,226474,532215,526190,853885
Singapore,1975,740842,1425973,92933,223814,517028,541125,884848
Singapore,1976,726031,1465618,97239,225326,500705,552742,912876
Singapore,1977,705216,1508189,101610,218751,486465,563966,944223
Singapore,1978,682403,1553104,105922,207533,474870,573758,979346
Singapore,1979,663538,1599036,110041,197644,465894,580294,1018742
Singapore,1980,652156,1645573,113971,193566,458590,582626,1062947
Singapore,1981,642740,1698214,119433,187856,454884,582354,1115860
Singapore,1982,642647,1749920,125012,190677,451970,577472,1172448
Singapore,1983,648625,1800906,130730,199699,448926,569213,1231693
Singapore,1984,654556,1852729,136666,209443,445113,559942,1292787
Singapore,1985,656774,1905922,142839,215641,441133,551142,1354780
Singapore,1986,656729,1959182,147678,222421,434308,555885,1403297
Singapore,1987,650973,2016215,152413,223867,427106,560632,1455583
Singapore,1988,643575,2075974,157343,221917,421658,564072,1511902
Singapore,1989,640823,2136719,162722,221889,418934,564817,1571902
Singapore,1990,646584,2197679,168690,228252,418332,561959,1635720
Singapore,1991,662518,2256693,177359,236714,425804,548467,1708226
Singapore,1992,688010,2314408,187015,252296,435714,534030,1780378
Singapore,1993,719715,2370349,197524,272336,447379,519433,1850916
Singapore,1994,750229,2426316,208805,289773,460456,506293,1920023
Singapore,1995,773867,2483984,220928,298517,475350,495829,1988155
Singapore,1996,802231,2532393,231509,306622,495609,494449,2037944
Singapore,1997,818858,2587029,243248,300719,518139,495252,2091777
Singapore,1998,826532,2648504,256404,284398,542134,497461,2151043
Singapore,1999,831867,2715463,271132,266487,565380,501368,2214095
Singapore,2000,839789,2786688,287483,255543,584246,508284,2278404
Singapore,2001,838730,2877360,302689,245863,592867,530451,2346909
Singapore,2002,840884,2972029,318295,243263,597621,552013,2420016
Singapore,2003,846634,3068930,333731,247572,599062,570775,2498155
Singapore,2004,853620,3166380,350040,254371,599249,585827,2580553
Singapore,2005,859783,3261679,369580,258523,601260,597608,2664071
Singapore,2006,869229,3352563,390109,256407,612822,617262,2735301
Singapore,2007,877600,3445426,409502,257326,620274,636658,2808768
Singapore,2008,882193,3542527,426389,259182,623011,655249,2887278
Singapore,2009,882598,3641374,441546,260825,621773,672105,2969269
Singapore,2010,879902,3736675,457675,261464,618438,686941,3049734
Singapore,2011,877229,3811240,487548,262945,614284,698222,3113018
Singapore,2012,873308,3875579,522071,263863,609445,709132,3166447
Singapore,2013,868414,3931750,560673,264109,604305,718798,3212952
Singapore,2014,863179,3982767,602396,263998,599181,725852,3256915
Singapore,2015,858126,4030277,646859,263914,594212,729434,3300843
Singapore,2016,856701,4074702,691052,265486,591215,730462,3344240
Singapore,2017,855281,4115889,737674,266161,589120,727816,3388073
Singapore,2018,853656,4151509,786736,266179,587477,722164,3429345
Singapore,2019,851267,4178422,838415,265616,585651,714738,3463684
Singapore,2020,847536,4194727,892790,264400,583136,706419,3488308
Singapore,2021,843350,4200608,947843,263152,580198,697173,3503435
Singapore,2022,838683,4196523,1004371,261897,576786,686857,3509666
Singapore,2023,833534,4185025,1062300,260564,572970,676146,3508879
Singapore,2024,828083,4169475,1121645,259185,568898,665715,3503760
Singapore,2025,822663,4152105,1182499,257891,564772,656009,3496096
Singapore,2026,819254,4136268,1240334,257268,561986,648139,3488129
Singapore,2027,816105,4119186,1299070,256987,559118,641204,3477982
Singapore,2028,812982,4101126,1358160,256848,556134,635089,3466037
Singapore,2029,809562,4082223,1416776,256514,553048,629481,3452742
Singapore,2030,805620,4062350,1474500,255728,549892,624131,3438219
Singapore,2031,803749,4044852,1525448,255701,548048,620014,3424838
Singapore,2032,800982,4028000,1574654,254592,546390,616326,3411674
Singapore,2033,797528,4010693,1622956,252707,544821,612909,3397784
Singapore,2034,793706,3991113,1671774,250526,543180,609482,3381631
Singapore,2035,789616,3968059,1722180,248375,541241,605835,3362224
Singapore,2036,786671,3947134,1767116,246233,540438,603160,3343974
Singapore,2037,783581,3923665,1812540,244335,539246,600190,3323475
Singapore,2038,780039,3898148,1858246,242587,537452,597044,3301104
Singapore,2039,775710,3871725,1903417,240773,534937,593942,3277783
Singapore,2040,770502,3845090,1947463,238761,531741,591012,3254078
Singapore,2041,766602,3822848,1983588,237182,529420,589269,3233579
Singapore,2042,762040,3801133,2017655,235547,526493,587628,3213505
Singapore,2043,756892,3779956,2049695,233865,523027,586061,3193895
Singapore,2044,751308,3758657,2080309,232191,519117,584388,3174269
Singapore,2045,745347,3736313,2110458,230553,514794,582403,3153910
Singapore,2046,741211,3717958,2132999,229606,511605,581225,3136733
Singapore,2047,736886,3699937,2153619,228594,508292,579874,3120063
Singapore,2048,732309,3681860,2172796,227524,504785,578185,3103675
Singapore,2049,727433,3663501,2190795,226407,501026,575931,3087570
Singapore,2050,722241,3644426,2208092,225254,496987,572947,3071479
Singapore,2051,718902,3629565,2217639,224770,494132,570313,3059252
Singapore,2052,715501,3615695,2224669,224145,491356,567121,3048574
Singapore,2053,711984,3601351,2230840,223408,488576,563454,3037897
Singapore,2054,708263,3584281,2238666,222582,485681,559414,3024867
Singapore,2055,704227,3562684,2250199,221681,482546,555004,3007680
Singapore,2056,701920,3542105,2257945,221327,480593,551312,2990793
Singapore,2057,699613,3519038,2267188,220880,478733,547488,2971550
Singapore,2058,697136,3493740,2277921,220316,476820,543537,2950203
Singapore,2059,694309,3466889,2289717,219595,474714,539444,2927445
Singapore,2060,690974,3438634,2302653,218679,472295,535150,2903484
Singapore,2061,689313,3414981,2308600,218270,471043,531862,2883119
Singapore,2062,687429,3391751,2313696,217662,469767,528646,2863105
Singapore,2063,685138,3368267,2318865,216840,468298,525423,2842844
Singapore,2064,682322,3343973,2324810,215813,466509,522113,2821860
Singapore,2065,678940,3318544,2331965,214601,464339,518660,2799884
Singapore,2066,676974,3298035,2332324,213789,463185,516205,2781830
Singapore,2067,674714,3278189,2331902,212851,461863,513807,2764382
Singapore,2068,672063,3258690,2331125,211788,460275,511444,2747246
Singapore,2069,668891,3238796,2330857,210571,458320,509013,2729783
Singapore,2070,665032,3217493,2332281,209156,455876,506357,2711136
Singapore,2071,662499,3200837,2327339,208152,454347,504594,2696243
Singapore,2072,659653,3184665,2321896,207055,452598,502826,2681839
Singapore,2073,656341,3168075,2317071,205840,450501,500938,2667137
Singapore,2074,652480,3150196,2313903,204509,447971,498809,2651387
Singapore,2075,648041,3130353,2313156,203075,444966,496339,2634014
Singapore,2076,645066,3115043,2306348,202133,442933,494708,2620335
Singapore,2077,641885,3099324,2300078,201193,440692,492918,2606406
Singapore,2078,638378,3082762,2294887,200212,438166,490905,2591857
Singapore,2079,634418,3064893,2291335,199116,435302,488571,2576322
Singapore,2080,629925,3045149,2290057,197865,432060,485814,2559335
Singapore,2081,627105,3030193,2282168,197218,429887,483847,2546346
Singapore,2082,623994,3014724,2274961,196372,427622,481629,2533095
Singapore,2083,620477,2997973,2269331,195334,425143,479070,2518903
Singapore,2084,616562,2979588,2265642,194165,422397,476139,2503449
Singapore,2085,612318,2959542,2263860,192932,419386,472850,2486692
Singapore,2086,609501,2943653,2256432,192154,417347,470262,2473391
Singapore,2087,606559,2927111,2249705,191335,415224,467435,2459676
Singapore,2088,603484,2910025,2243538,190484,413000,464451,2445574
Singapore,2089,600132,2891887,2238506,189545,410587,461309,2430578
Singapore,2090,596304,2871645,2235814,188447,407857,457881,2413764
Singapore,2091,593808,2855056,2227897,187795,406013,455196,2399860
Singapore,2092,591153,2838056,2220350,187025,404128,452466,2385590
Singapore,2093,588161,2819932,2214124,186099,402062,449591,2370341
Singapore,2094,584736,2800201,2209866,185018,399718,446496,2353705
Singapore,2095,580838,2778642,2207911,183788,397050,443145,2335497
Singapore,2096,578241,2761392,2200404,182968,395273,440608,2320784
Singapore,2097,575457,2743812,2193519,182052,393405,438022,2305790
Singapore,2098,572397,2725689,2187593,181023,391374,435363,2290326
Singapore,2099,568946,2706688,2183084,179842,389104,432564,2274124
Singapore,2100,565000,2686365,2180557,178477,386523,429549,2256816
Slovakia,1950,989664,2219333,227576,372569,617095,606742,1612591
Slovakia,1951,1021957,2256164,232805,394502,627455,603291,1652873
Slovakia,1952,1060935,2289034,237688,420225,640710,600402,1688632
Slovakia,1953,1100242,2322186,242490,442447,657795,598950,1723236
Slovakia,1954,1136617,2357442,247152,457912,678705,598344,1759098
Slovakia,1955,1169556,2394205,251641,466655,702901,597928,1796277
Slovakia,1956,1207037,2422451,257258,478342,728695,596593,1825858
Slovakia,1957,1236803,2455571,262481,478786,758017,597169,1858402
Slovakia,1958,1261339,2490774,267526,472388,788951,600007,1890767
Slovakia,1959,1283042,2525029,273249,463730,819312,605590,1919439
Slovakia,1960,1302620,2556970,280539,455782,846838,614310,1942660
Slovakia,1961,1313528,2590146,292496,440712,872816,625667,1964479
Slovakia,1962,1325940,2617794,305471,433001,892939,638348,1979446
Slovakia,1963,1336362,2643016,319206,430223,906139,653146,1989870
Slovakia,1964,1339658,2670455,333346,427341,912317,671094,1999361
Slovakia,1965,1333505,2702230,347717,420726,912779,692504,2009726
Slovakia,1966,1326195,2730165,361845,415808,910387,714718,2015447
Slovakia,1967,1309816,2762917,375817,407028,902788,740396,2022521
Slovakia,1968,1287495,2799574,389755,396209,891286,768383,2031191
Slovakia,1969,1265564,2837110,403483,388032,877532,796209,2040901
Slovakia,1970,1248478,2873541,416822,386167,862311,822024,2051517
Slovakia,1971,1235082,2910501,429980,388101,846981,845759,2064742
Slovakia,1972,1228552,2945740,441539,396895,831657,865740,2080000
Slovakia,1973,1227773,2979320,452187,410722,817051,881296,2098024
Slovakia,1974,1230012,3011984,463114,425749,804263,891710,2120274
Slovakia,1975,1234001,3043677,474862,439539,794462,896511,2147166
Slovakia,1976,1247725,3066182,487834,459566,788159,895176,2171006
Slovakia,1977,1260914,3089403,502180,472541,788373,889080,2200323
Slovakia,1978,1274788,3113163,515251,479848,794940,878899,2234264
Slovakia,1979,1290429,3138267,523092,483590,806839,865942,2272325
Slovakia,1980,1307285,3165576,523870,485119,822166,851438,2314138
Slovakia,1981,1322894,3195082,519365,483269,839625,835249,2359833
Slovakia,1982,1337831,3228049,508010,477727,860104,817922,2410127
Slovakia,1983,1351447,3261414,494128,469839,881608,801151,2460263
Slovakia,1984,1362665,3291097,483923,461169,901496,787215,2503882
Slovakia,1985,1370699,3315262,480837,452676,918023,777670,2537592
Slovakia,1986,1370409,3335268,488629,438297,932112,774247,2561021
Slovakia,1987,1369459,3348974,501526,430345,939114,774800,2574174
Slovakia,1988,1365690,3361438,516908,426287,939403,779914,2581524
Slovakia,1989,1356952,3378964,530888,422404,934548,789964,2589000
Slovakia,1990,1342695,3404408,541351,416055,926640,804705,2599703
Slovakia,1991,1328288,3428385,552562,411795,916493,821797,2606588
Slovakia,1992,1307602,3460685,560746,403552,904050,843728,2616957
Slovakia,1993,1282061,3498400,566753,391993,890068,867851,2630549
Slovakia,1994,1254071,3537017,571808,378688,875383,890023,2646994
Slovakia,1995,1224843,3574013,576614,364808,860035,907508,2666505
Slovakia,1996,1195816,3603555,585417,350886,844930,919688,2683867
Slovakia,1997,1164312,3633183,593709,334308,830004,927503,2705680
Slovakia,1998,1131268,3663004,600982,316778,814490,931183,2731821
Slovakia,1999,1097671,3693623,606414,300431,797240,931422,2762201
Slovakia,2000,1064369,3725185,609657,286863,777506,928621,2796564
Slovakia,2001,1027767,3756420,615819,271931,755836,921856,2834564
Slovakia,2002,994835,3785568,619751,263424,731411,910325,2875243
Slovakia,2003,964586,3812895,622405,259863,704723,895484,2917411
Slovakia,2004,935745,3838660,625014,258931,676814,879407,2959253
Slovakia,2005,908237,3862412,628314,259078,649159,863276,2999136
Slovakia,2006,887132,3875769,635640,263890,623242,845544,3030225
Slovakia,2007,867764,3886978,643584,268432,599332,828547,3058431
Slovakia,2008,851005,3895529,652322,272547,578458,811474,3084055
Slovakia,2009,837902,3900797,662020,276345,561557,792923,3107874
Slovakia,2010,828754,3902579,672961,280029,548725,772203,3130376
Slovakia,2011,825908,3895928,688011,286323,539585,750270,3145658
Slovakia,2012,824174,3888725,704171,288305,535869,727123,3161602
Slovakia,2013,824353,3878835,721942,287571,536782,702941,3175894
Slovakia,2014,826867,3863982,741992,286133,540734,678343,3185639
Slovakia,2015,831322,3843375,764621,285310,546012,654048,3189327
Slovakia,2016,832896,3819359,791963,281336,551560,630329,3189030
Slovakia,2017,837239,3789450,820973,280142,557097,606801,3182649
Slovakia,2018,842610,3756501,850705,280698,561912,584943,3171558
Slovakia,2019,846662,3724380,879945,281149,565513,566738,3157642
Slovakia,2020,848247,3695101,908052,280184,568063,553324,3141777
Slovakia,2021,848917,3665837,936279,278972,569945,544845,3120992
Slovakia,2022,847145,3639710,962820,276910,570235,541184,3098526
Slovakia,2023,843208,3616049,987895,273964,569244,541295,3074754
Slovakia,2024,838103,3593498,1011663,270570,567533,543408,3050090
Slovakia,2025,832362,3571288,1034200,266973,565389,546285,3025003
Slovakia,2026,826376,3548905,1055602,263295,563081,550542,2998363
Slovakia,2027,819396,3527457,1075529,259237,560159,555636,2971821
Slovakia,2028,811545,3507120,1093649,254970,556575,560844,2946276
Slovakia,2029,802863,3488328,1109481,250622,552241,565292,2923036
Slovakia,2030,793403,3471123,1122932,246292,547111,568377,2902746
Slovakia,2031,783595,3455365,1133721,241820,541775,570606,2884759
Slovakia,2032,773472,3441011,1141956,237858,535614,571037,2869974
Slovakia,2033,763068,3426747,1149050,234368,528700,569985,2856762
Slovakia,2034,752512,3410756,1156919,231328,521184,568108,2842648
Slovakia,2035,742005,3391788,1166793,228720,513285,565806,2825982
Slovakia,2036,732330,3369892,1177926,226700,505630,563539,2806353
Slovakia,2037,723140,3345530,1190277,225391,497749,560684,2784846
Slovakia,2038,714512,3318514,1204127,224649,489863,557169,2761345
Slovakia,2039,706549,3288616,1219799,224306,482243,552851,2735765
Slovakia,2040,699362,3255668,1237491,224269,475093,547647,2708021
Slovakia,2041,694164,3218637,1257127,225279,468885,542057,2676580
Slovakia,2042,689647,3179278,1278304,226083,463564,535834,2643444
Slovakia,2043,685943,3138347,1300171,226745,459198,529020,2609327
Slovakia,2044,683110,3097163,1321382,227346,455764,521695,2575468
Slovakia,2045,681081,3056565,1341189,227963,453118,513957,2542608
Slovakia,2046,680382,3015458,1360182,228910,451472,506206,2509252
Slovakia,2047,680200,2975960,1377074,229406,450794,498269,2477691
Slovakia,2048,680474,2937712,1392244,229555,450919,490375,2447337
Slovakia,2049,680988,2900129,1406437,229441,451547,482843,2417286
Slovakia,2050,681482,2862805,1420255,229100,452382,475895,2386910
Slovakia,2051,681979,2825907,1433520,228360,453619,469974,2355933
Slovakia,2052,682443,2790440,1445211,227557,454886,464773,2325667
Slovakia,2053,682629,2756333,1455587,226631,455998,460341,2295992
Slovakia,2054,682274,2723581,1464831,225473,456801,456734,2266847
Slovakia,2055,681189,2692212,1473030,223983,457206,453961,2238251
Slovakia,2056,679782,2663105,1478884,222185,457597,452543,2210562
Slovakia,2057,677764,2635873,1483049,220374,457390,452017,2183856
Slovakia,2058,675057,2610847,1485218,218493,456564,452163,2158684
Slovakia,2059,671651,2588535,1484838,216498,455153,452644,2135891
Slovakia,2060,667553,2569076,1481714,214338,453215,453205,2115871
Slovakia,2061,663486,2553885,1473725,212200,451286,454440,2099445
Slovakia,2062,658894,2541789,1462624,210107,448787,455745,2086044
Slovakia,2063,653802,2531897,1449332,208048,445754,456906,2074991
Slovakia,2064,648321,2523083,1434942,206047,442274,457708,2065375
Slovakia,2065,642569,2514547,1420210,204122,438447,457988,2056559
Slovakia,2066,637254,2507623,1403139,202455,434799,458282,2049341
Slovakia,2067,631914,2501431,1385151,201002,430912,458039,2043392
Slovakia,2068,626609,2495212,1367056,199744,426865,457238,2037974
Slovakia,2069,621394,2487924,1350011,198655,422739,455884,2032040
Slovakia,2070,616292,2478680,1334978,197711,418581,453956,2024724
Slovakia,2071,611971,2468006,1320871,197176,414795,451855,2016151
Slovakia,2072,607986,2456044,1308039,196768,411218,449298,2006746
Slovakia,2073,604358,2442948,1296446,196464,407894,446309,1996639
Slovakia,2074,601049,2429036,1285926,196231,404818,442927,1986109
Slovakia,2075,597983,2414313,1276667,196039,401944,439160,1975153
Slovakia,2076,595807,2399280,1267569,196188,399619,435430,1963850
Slovakia,2077,593972,2384411,1258758,196237,397735,431550,1952861
Slovakia,2078,592405,2369281,1250761,196190,396215,427525,1941756
Slovakia,2079,591017,2353579,1244033,196059,394958,423410,1930169
Slovakia,2080,589698,2337153,1238840,195852,393846,419265,1917888
Slovakia,2081,588929,2321061,1233676,195716,393213,415549,1905512
Slovakia,2082,588302,2305298,1228938,195489,392813,411999,1893299
Slovakia,2083,587707,2289687,1224862,195153,392554,408638,1881049
Slovakia,2084,586964,2274077,1221720,194654,392310,405503,1868574
Slovakia,2085,585909,2258282,1219798,193942,391967,402597,1855685
Slovakia,2086,585043,2243651,1217214,193158,391885,400388,1843263
Slovakia,2087,583953,2229704,1214830,192245,391708,398549,1831155
Slovakia,2088,582562,2216273,1212814,191204,391358,397012,1819261
Slovakia,2089,580804,2203183,1211336,190043,390761,395679,1807504
Slovakia,2090,578597,2190192,1210636,188751,389846,394455,1795737
Slovakia,2091,576579,2179635,1207695,187433,389146,393952,1785683
Slovakia,2092,574315,2169796,1204604,186207,388108,393636,1776160
Slovakia,2093,571685,2160297,1201829,185006,386679,393368,1766929
Slovakia,2094,568621,2150890,1199660,183754,384867,393020,1757870
Slovakia,2095,565108,2141481,1198149,182383,382725,392520,1748961
Slovakia,2096,562189,2134888,1193391,181268,380921,392538,1742350
Slovakia,2097,558938,2128514,1188864,180128,378810,392395,1736119
Slovakia,2098,555393,2122058,1184744,178955,376438,392024,1730034
Slovakia,2099,551682,2115219,1181151,177814,373868,391353,1723866
Slovakia,2100,547946,2107659,1178199,176811,371135,390321,1717338
Slovenia,1950,405101,964699,103293,149000,256101,269700,694999
Slovenia,1951,408419,968692,104521,152897,255522,267602,701090
Slovenia,1952,411175,974671,105828,153666,257509,265397,709274
Slovenia,1953,415124,980725,106995,153601,261523,262764,717961
Slovenia,1954,420077,986756,107951,152927,267150,259878,726878
Slovenia,1955,425313,993162,108731,151740,273573,257051,736111
Slovenia,1956,427919,1000170,111696,148510,279409,254735,745435
Slovenia,1957,431427,1006443,114383,146094,285333,251883,754560
Slovenia,1958,434988,1012316,117053,144237,290751,249019,763297
Slovenia,1959,437673,1018191,120008,142761,294912,246931,771260
Slovenia,1960,438889,1024332,123416,141334,297555,246202,778130
Slovenia,1961,437142,1031749,127667,139051,298091,247641,784108
Slovenia,1962,434891,1038657,132097,138467,296424,250141,788516
Slovenia,1963,431857,1045487,136677,138704,293153,253507,791980
Slovenia,1964,427899,1052642,141338,138810,289089,257469,795173
Slovenia,1965,423159,1060258,146017,138365,284794,261820,798438
Slovenia,1966,420360,1066308,150000,140064,280296,266972,799336
Slovenia,1967,415283,1074582,153835,139089,276194,273499,801083
Slovenia,1968,409462,1084134,157498,136644,272818,280544,803590
Slovenia,1969,404937,1093578,161039,134535,270402,286585,806993
Slovenia,1970,402769,1102228,164584,133942,268827,290506,811722
Slovenia,1971,401378,1109634,170415,132290,269088,291862,817772
Slovenia,1972,402983,1115917,176075,133086,269897,290694,825223
Slovenia,1973,406554,1121909,181514,135671,270883,287828,834081
Slovenia,1974,410369,1128967,186628,138704,271665,284644,844323
Slovenia,1975,413564,1137735,191324,141254,272310,281991,855744
Slovenia,1976,417450,1146246,196035,144345,273105,283332,862914
Slovenia,1977,420425,1156313,200581,146584,273841,284805,871508
Slovenia,1978,423041,1167993,204614,147966,275075,285992,882001
Slovenia,1979,425954,1181656,207491,148814,277140,286842,894814
Slovenia,1980,429311,1197624,208902,149414,279897,287508,910116
Slovenia,1981,432937,1217328,207589,149787,283150,288141,929187
Slovenia,1982,435463,1241088,204153,148907,286556,289474,951614
Slovenia,1983,436989,1267291,199268,147199,289790,291271,976020
Slovenia,1984,437587,1293099,194628,144996,292591,292995,1000104
Slovenia,1985,437171,1316332,191632,142298,294873,294206,1022126
Slovenia,1986,434954,1333951,193972,137551,297403,295564,1038387
Slovenia,1987,432726,1347661,198137,133992,298734,296232,1051429
Slovenia,1988,429514,1358477,203437,130927,298587,296292,1062185
Slovenia,1989,424092,1368012,208769,127415,296677,296049,1071963
Slovenia,1990,415955,1377037,213487,122921,293034,295718,1081319
Slovenia,1991,408389,1379179,220316,119117,289272,294306,1084873
Slovenia,1992,398156,1380752,226604,114189,283967,293453,1087299
Slovenia,1993,386187,1382054,232527,108681,277506,293125,1088929
Slovenia,1994,374103,1383021,238483,103598,270505,293126,1089895
Slovenia,1995,362951,1383759,244762,99576,263375,293308,1090451
Slovenia,1996,351004,1385648,252337,95251,255753,294188,1091460
Slovenia,1997,340754,1387269,259932,92864,247890,294856,1092413
Slovenia,1998,331751,1388893,267332,91897,239854,294964,1093929
Slovenia,1999,323081,1391011,274226,91331,231750,294040,1096971
Slovenia,2000,314296,1393738,280465,90456,223840,291783,1101955
Slovenia,2001,306383,1395208,286758,90383,216000,288639,1106569
Slovenia,2002,298008,1397703,292553,89353,208655,284337,1113366
Slovenia,2003,289983,1400904,298078,87909,202074,279074,1121830
Slovenia,2004,283672,1404169,303589,87220,196452,273167,1131002
Slovenia,2005,279888,1407124,309269,88126,191762,266844,1140280
Slovenia,2006,277498,1410486,315807,89243,188255,261197,1149289
Slovenia,2007,278128,1413008,322403,92461,185667,254860,1158148
Slovenia,2008,280961,1414677,328900,97029,183932,247859,1166818
Slovenia,2009,284385,1415924,335115,101472,182913,240428,1175496
Slovenia,2010,287353,1416810,341005,104739,182614,232810,1184000
Slovenia,2011,292530,1414041,346865,109080,183450,225784,1188257
Slovenia,2012,296134,1411836,352420,110810,185324,219292,1192544
Slovenia,2013,298849,1408932,358338,110581,188268,213281,1195651
Slovenia,2014,301743,1403663,365439,109664,192079,207760,1195903
Slovenia,2015,305193,1395413,374182,108976,196217,202807,1192606
Slovenia,2016,307953,1385262,384647,107365,200588,198013,1187249
Slovenia,2017,311214,1372282,396480,106349,204865,193986,1178296
Slovenia,2018,314471,1357772,409017,105774,208697,190867,1166905
Slovenia,2019,316864,1343666,421370,105098,211766,188836,1154830
Slovenia,2020,317938,1331021,433096,103903,214035,187943,1143078
Slovenia,2021,317931,1319628,444206,102159,215772,188380,1131248
Slovenia,2022,316942,1309598,454502,100570,216372,189882,1119716
Slovenia,2023,314955,1300627,464288,98995,215960,192255,1108372
Slovenia,2024,312217,1292074,473930,97403,214814,195229,1096845
Slovenia,2025,308946,1283491,483645,95751,213195,198548,1084943
Slovenia,2026,305545,1274951,492986,94209,211336,202388,1072563
Slovenia,2027,301623,1266771,502060,92644,208979,206537,1060234
Slovenia,2028,297339,1258760,510940,91112,206227,210585,1048175
Slovenia,2029,292919,1250662,519700,89718,203201,213992,1036670
Slovenia,2030,288531,1242250,528430,88537,199994,216371,1025879
Slovenia,2031,284552,1233893,536417,87599,196953,218037,1015856
Slovenia,2032,280781,1225237,544229,86942,193839,218622,1006615
Slovenia,2033,277253,1216318,551825,86545,190708,218244,998074
Slovenia,2034,273987,1207302,559074,86363,187624,217165,990137
Slovenia,2035,271021,1198221,565926,86375,184646,215558,982663
Slovenia,2036,268997,1189698,571157,86807,182190,213760,975938
Slovenia,2037,267343,1181307,575750,87358,179985,211450,969857
Slovenia,2038,266095,1172619,580116,88008,178087,208712,963907
Slovenia,2039,265247,1163008,584892,88725,176522,205667,957341
Slovenia,2040,264774,1152069,590497,89488,175286,202399,949670
Slovenia,2041,265323,1140738,595367,90579,174744,199334,941404
Slovenia,2042,266138,1128480,600795,91510,174628,196220,932260
Slovenia,2043,267183,1115523,606563,92291,174892,193099,922424
Slovenia,2044,268391,1102344,612240,92929,175462,190035,912309
Slovenia,2045,269672,1089307,617561,93426,176246,187087,902220
Slovenia,2046,271387,1077109,621450,93881,177506,184626,892483
Slovenia,2047,273061,1065434,624695,94126,178935,182414,883020
Slovenia,2048,274639,1054317,627318,94184,180455,180511,873806
Slovenia,2049,276007,1043656,629500,94058,181949,178957,864699
Slovenia,2050,277027,1033296,631528,93727,183300,177754,855542
Slovenia,2051,277913,1024145,632295,93127,184786,177230,846915
Slovenia,2052,278506,1015726,632417,92509,185997,177134,838592
Slovenia,2053,278711,1008066,632003,91834,186877,177395,830671
Slovenia,2054,278445,1001272,631034,91064,187381,177924,823348
Slovenia,2055,277690,995401,629488,90160,187530,178639,816762
Slovenia,2056,276802,991485,625994,89126,187676,179879,811606
Slovenia,2057,275577,988721,621573,88195,187382,181331,807390
Slovenia,2058,273991,986835,616544,87323,186668,182872,803963
Slovenia,2059,272083,985391,611319,86484,185599,184334,801057
Slovenia,2060,269894,984012,606269,85647,184247,185577,798435
Slovenia,2061,267936,983769,599815,84931,183005,186948,796821
Slovenia,2062,265858,983796,593213,84337,181521,188130,795666
Slovenia,2063,263684,983927,586625,83840,179844,189040,794887
Slovenia,2064,261466,983989,580203,83428,178038,189585,794404
Slovenia,2065,259234,983750,574181,83085,176149,189689,794061
Slovenia,2066,257634,984429,566714,83018,174616,189738,794691
Slovenia,2067,256142,985092,559282,83015,173127,189422,795670
Slovenia,2068,254759,985268,552387,83065,171694,188720,796548
Slovenia,2069,253483,984439,546569,83150,170333,187666,796773
Slovenia,2070,252325,982285,542173,83267,169058,186288,795997
Slovenia,2071,251854,980028,537414,83616,168238,184964,795064
Slovenia,2072,251551,976868,533639,83937,167614,183431,793437
Slovenia,2073,251409,972916,530756,84232,167177,181741,791175
Slovenia,2074,251376,968315,528701,84494,166882,179952,788363
Slovenia,2075,251366,963031,527611,84705,166661,178082,784949
Slovenia,2076,251835,958221,525878,84996,166839,176490,781731
Slovenia,2077,252388,953279,524516,85235,167153,174972,778307
Slovenia,2078,252939,948103,523708,85399,167540,173524,774579
Slovenia,2079,253387,942684,523588,85458,167929,172158,770526
Slovenia,2080,253643,937000,524256,85381,168262,170878,766122
Slovenia,2081,254155,932408,523913,85282,168873,170044,762364
Slovenia,2082,254545,928122,523715,85108,169437,169419,758703
Slovenia,2083,254758,924038,523788,84854,169904,168967,755071
Slovenia,2084,254729,920013,524343,84505,170224,168635,751378
Slovenia,2085,254400,915866,525573,84044,170356,168362,747504
Slovenia,2086,254216,913171,525472,83545,170671,168532,744639
Slovenia,2087,253851,910800,525437,83069,170782,168843,741957
Slovenia,2088,253242,908566,525732,82587,170655,169218,739348
Slovenia,2089,252343,906293,526506,82063,170280,169573,736720
Slovenia,2090,251148,903891,527834,81473,169675,169845,734046
Slovenia,2091,250245,903100,527363,80961,169284,170445,732655
Slovenia,2092,249167,902430,527026,80494,168673,171007,731423
Slovenia,2093,247919,901726,526954,80054,167865,171466,730260
Slovenia,2094,246498,900787,527316,79619,166879,171761,729026
Slovenia,2095,244918,899416,528288,79169,165749,171822,727594
Slovenia,2096,243852,899501,527272,78916,164936,172091,727410
Slovenia,2097,242728,899394,526461,78696,164032,172179,727215
Slovenia,2098,241539,898860,526054,78491,163048,172044,726816
Slovenia,2099,240288,897662,526256,78301,161987,171660,726002
Slovenia,2100,239009,895583,527212,78158,160851,170988,724595
Solomon Islands,1950,38201,49801,1792,14201,24000,17800,32001
Solomon Islands,1951,38914,51047,1848,14152,24762,18240,32807
Solomon Islands,1952,39973,52212,1892,14438,25535,18638,33574
Solomon Islands,1953,41181,53434,1945,14889,26292,19043,34391
Solomon Islands,1954,42421,54772,2022,15460,26961,19481,35291
Solomon Islands,1955,43635,56245,2144,16101,27534,19980,36265
Solomon Islands,1956,44921,57766,2278,16883,28038,20507,37259
Solomon Islands,1957,46133,59452,2433,17573,28560,21075,38377
Solomon Islands,1958,47360,61205,2617,18199,29161,21673,39532
Solomon Islands,1959,48701,62912,2852,18811,29890,22296,40616
Solomon Islands,1960,50205,64520,3141,19469,30736,22955,41565
Solomon Islands,1961,51766,66123,3507,20202,31564,23687,42436
Solomon Islands,1962,53471,67678,3915,20923,32548,24465,43213
Solomon Islands,1963,55317,69221,4328,21657,33660,25244,43977
Solomon Islands,1964,57260,70858,4664,22400,34860,25972,44886
Solomon Islands,1965,59238,72691,4918,23127,36111,26649,46042
Solomon Islands,1966,61099,74801,5126,23738,37361,27436,47365
Solomon Islands,1967,62952,77132,5267,24415,38537,28218,48914
Solomon Islands,1968,64844,79706,5371,25189,39655,29051,50655
Solomon Islands,1969,66917,82473,5485,26198,40719,29995,52478
Solomon Islands,1970,69329,85342,5619,27599,41730,31054,54288
Solomon Islands,1971,73131,87344,5737,29620,43511,31498,55846
Solomon Islands,1972,77445,89296,5857,31874,45571,32003,57293
Solomon Islands,1973,82141,91227,5981,34265,47876,32615,58612
Solomon Islands,1974,86969,93258,6105,36559,50410,33382,59876
Solomon Islands,1975,91709,95507,6229,38567,53142,34390,61117
Solomon Islands,1976,95425,98795,6420,40629,54796,35886,62909
Solomon Islands,1977,98872,102441,6624,42066,56806,37526,64915
Solomon Islands,1978,102204,106306,6837,43022,59182,39212,67094
Solomon Islands,1979,105648,110204,7045,43784,61864,40809,69395
Solomon Islands,1980,109305,114048,7254,44589,64716,42234,71814
Solomon Islands,1981,113298,117788,7393,45144,68154,43731,74057
Solomon Islands,1982,117446,121549,7498,45873,71573,45127,76422
Solomon Islands,1983,121578,125421,7597,46755,74823,46527,78894
Solomon Islands,1984,125430,129582,7697,47670,77760,48125,81457
Solomon Islands,1985,128853,134134,7814,48504,80349,50028,84106
Solomon Islands,1986,131924,138907,8007,49191,82733,52195,86712
Solomon Islands,1987,134683,143983,8197,50061,84622,54597,89386
Solomon Islands,1988,137158,149427,8379,51032,86126,57236,92191
Solomon Islands,1989,139466,155253,8534,52056,87410,60081,95172
Solomon Islands,1990,141744,161436,8660,53142,88602,63086,98350
Solomon Islands,1991,144569,167333,8851,54634,89935,66015,101318
Solomon Islands,1992,147263,173687,9003,55839,91424,69153,104534
Solomon Islands,1993,149932,180363,9161,56868,93064,72330,108033
Solomon Islands,1994,152695,187176,9354,57873,94822,75306,111870
Solomon Islands,1995,155605,194021,9599,58988,96617,77928,116093
Solomon Islands,1996,158955,200531,9983,60266,98689,80089,120442
Solomon Islands,1997,162377,207155,10415,61392,100985,81926,125229
Solomon Islands,1998,165882,213896,10865,62467,103415,83523,130373
Solomon Islands,1999,169440,220815,11283,63583,105857,85025,135790
Solomon Islands,2000,173026,227931,11652,64817,108209,86533,141398
Solomon Islands,2001,177143,234549,12161,66215,110928,87658,146891
Solomon Islands,2002,181421,241227,12614,67707,113714,88768,152459
Solomon Islands,2003,185775,247949,13045,69260,116515,89910,158039
Solomon Islands,2004,190069,254736,13519,70813,119256,91207,163529
Solomon Islands,2005,194193,261640,14052,72336,121857,92791,168849
Solomon Islands,2006,198407,268311,14704,74283,124124,94238,174073
Solomon Islands,2007,202597,274949,15394,75948,126649,95708,179241
Solomon Islands,2008,206795,281567,16115,77357,129438,97172,184395
Solomon Islands,2009,211010,288256,16813,78563,132447,98665,189591
Solomon Islands,2010,215163,295155,17472,79650,135513,100324,194831
Solomon Islands,2011,219274,302291,18049,80958,138316,102737,199554
Solomon Islands,2012,222955,309961,18615,81745,141210,105604,204357
Solomon Islands,2013,226297,318044,19172,82171,144126,108807,209237
Solomon Islands,2014,229415,326381,19708,82430,146985,112161,214220
Solomon Islands,2015,232354,334895,20233,82681,149673,115534,219361
Solomon Islands,2016,234968,343603,20848,82748,152220,118634,224969
Solomon Islands,2017,237460,352442,21441,82877,154583,121689,230753
Solomon Islands,2018,239766,361468,22047,83076,156690,124745,236723
Solomon Islands,2019,241811,370750,22693,83322,158489,127863,242887
Solomon Islands,2020,243580,380307,23410,83598,159982,131057,249250
Solomon Islands,2021,245135,389987,24291,83900,161235,133969,256018
Solomon Islands,2022,246555,399815,25220,84340,162215,136843,262972
Solomon Islands,2023,247845,409803,26213,84878,162967,139699,270104
Solomon Islands,2024,249057,419895,27268,85477,163580,142521,277374
Solomon Islands,2025,250243,430043,28392,86121,164122,145288,284755
Solomon Islands,2026,251666,439937,29646,87043,164623,147617,292320
Solomon Islands,2027,253058,449881,30979,87819,165239,149879,300002
Solomon Islands,2028,254477,459846,32377,88508,165969,152029,307817
Solomon Islands,2029,255988,469765,33823,89186,166802,153976,315789
Solomon Islands,2030,257631,479608,35306,89931,167700,155669,323939
Solomon Islands,2031,259531,489211,36868,90831,168700,156812,332399
Solomon Islands,2032,261551,498756,38456,91642,169909,157698,341058
Solomon Islands,2033,263652,508186,40137,92389,171263,158426,349760
Solomon Islands,2034,265773,517439,42031,93084,172689,159132,358307
Solomon Islands,2035,267869,526482,44187,93747,174122,159893,366589
Solomon Islands,2036,270070,535201,46584,94463,175607,160418,374783
Solomon Islands,2037,272233,543761,49190,95061,177172,160988,382773
Solomon Islands,2038,274324,552213,51970,95561,178763,161667,390546
Solomon Islands,2039,276313,560629,54866,95990,180323,162509,398120
Solomon Islands,2040,278180,569057,57836,96374,181806,163544,405513
Solomon Islands,2041,280029,577443,60807,96763,183266,164503,412940
Solomon Islands,2042,281757,585858,63818,97073,184684,165646,420212
Solomon Islands,2043,283325,594334,66847,97311,186014,166969,427365
Solomon Islands,2044,284712,602923,69842,97483,187229,168435,434488
Solomon Islands,2045,285891,611657,72781,97594,188297,170011,441646
Solomon Islands,2046,287039,620495,75518,97738,189301,171428,449067
Solomon Islands,2047,288001,629471,78180,97788,190213,172921,456550
Solomon Islands,2048,288773,638576,80776,97768,191005,174487,464089
Solomon Islands,2049,289388,647792,83317,97721,191667,176101,471691
Solomon Islands,2050,289871,657094,85812,97683,192188,177730,479364
Solomon Islands,2051,290357,666510,88094,97708,192649,179134,487376
Solomon Islands,2052,290755,675984,90311,97727,193028,180497,495487
Solomon Islands,2053,291051,685447,92548,97741,193310,181834,503613
Solomon Islands,2054,291230,694788,94910,97738,193492,183131,511657
Solomon Islands,2055,291301,703912,97468,97723,193578,184378,519534
Solomon Islands,2056,291490,712799,100038,97839,193651,185347,527452
Solomon Islands,2057,291584,721504,102776,97856,193728,186227,535277
Solomon Islands,2058,291593,729983,105708,97806,193787,187043,542940
Solomon Islands,2059,291566,738167,108874,97743,193823,187796,550371
Solomon Islands,2060,291517,746017,112301,97708,193809,188483,557534
Solomon Islands,2061,291601,753538,115827,97773,193828,188917,564621
Solomon Islands,2062,291686,760739,119581,97810,193876,189260,571479
Solomon Islands,2063,291749,767635,123552,97824,193925,189550,578085
Solomon Islands,2064,291755,774275,127714,97802,193953,189822,584453
Solomon Islands,2065,291684,780685,132068,97751,193933,190086,590599
Solomon Islands,2066,291743,786829,136430,97795,193948,190166,596663
Solomon Islands,2067,291719,792812,140905,97722,193997,190229,602583
Solomon Islands,2068,291615,798583,145532,97561,194054,190304,608279
Solomon Islands,2069,291439,804044,150394,97353,194086,190402,613642
Solomon Islands,2070,291188,809169,155524,97133,194055,190530,618639
Solomon Islands,2071,291005,814050,160668,96955,194050,190548,623502
Solomon Islands,2072,290763,818668,165972,96731,194032,190579,628089
Solomon Islands,2073,290429,823053,171427,96466,193963,190645,632408
Solomon Islands,2074,289979,827261,176988,96162,193817,190742,636519
Solomon Islands,2075,289393,831312,182644,95821,193572,190868,640444
Solomon Islands,2076,288888,835417,187966,95544,193344,190914,644503
Solomon Islands,2077,288262,839438,193278,95200,193062,190973,648465
Solomon Islands,2078,287514,843352,198606,94805,192709,191045,652307
Solomon Islands,2079,286648,847148,203946,94376,192272,191123,656025
Solomon Islands,2080,285669,850806,209294,93937,191732,191197,659609
Solomon Islands,2081,284818,854687,214059,93580,191238,191200,663487
Solomon Islands,2082,283878,858497,218749,93186,190692,191179,667318
Solomon Islands,2083,282847,862175,223420,92764,190083,191130,671045
Solomon Islands,2084,281714,865640,228153,92318,189396,191046,674594
Solomon Islands,2085,280484,868853,232996,91858,188626,190915,677938
Solomon Islands,2086,279427,872212,237289,91506,187921,190699,681513
Solomon Islands,2087,278293,875379,241592,91098,187195,190415,684964
Solomon Islands,2088,277092,878320,245968,90658,186434,190084,688236
Solomon Islands,2089,275832,880957,250470,90209,185623,189705,691252
Solomon Islands,2090,274525,883243,255146,89772,184753,189280,693963
Solomon Islands,2091,273409,885626,259321,89439,183970,188792,696834
Solomon Islands,2092,272281,887744,263562,89094,183187,188244,699500
Solomon Islands,2093,271127,889561,267907,88739,182388,187659,701902
Solomon Islands,2094,269927,891032,272432,88373,181554,187037,703995
Solomon Islands,2095,268671,892126,277178,87994,180677,186381,705745
Solomon Islands,2096,267641,893302,281405,87733,179908,185691,707611
Solomon Islands,2097,266576,894241,285707,87410,179166,184969,709272
Solomon Islands,2098,265458,894906,290131,87026,178432,184234,710672
Solomon Islands,2099,264284,895253,294739,86600,177684,183482,711771
Solomon Islands,2100,263058,895236,299583,86162,176896,182711,712525
Somalia,1950,933839,1271505,58738,388871,544968,413280,858225
Somalia,1951,959080,1287487,61106,404373,554707,419151,868336
Somalia,1952,980062,1308498,63369,413857,566205,427428,881070
Somalia,1953,999356,1332319,65484,420556,578800,437054,895265
Somalia,1954,1018697,1357465,67463,426769,591928,447079,910386
Somalia,1955,1038767,1383430,69323,434810,603957,457106,926324
Somalia,1956,1066958,1401957,72074,445624,621334,464468,937489
Somalia,1957,1094872,1422561,74700,454566,640306,472474,950087
Somalia,1958,1122341,1445476,77177,462795,659546,481134,964342
Somalia,1959,1148793,1471314,79488,471398,677395,490613,980701
Somalia,1960,1173882,1500442,81623,481567,692315,501118,999324
Somalia,1961,1206068,1523440,84588,494831,711237,509476,1013964
Somalia,1962,1236027,1550780,87383,505759,730268,519198,1031582
Somalia,1963,1264458,1581972,90013,515635,748823,530442,1051530
Somalia,1964,1292274,1616361,92491,526035,766239,543497,1072864
Somalia,1965,1320065,1653555,94817,538611,781454,558569,1094986
Somalia,1966,1358607,1687024,98205,556111,802496,573414,1113610
Somalia,1967,1399136,1727731,101628,573059,826077,591813,1135918
Somalia,1968,1438304,1770660,104822,588979,849325,611485,1159175
Somalia,1969,1470202,1809977,107453,601464,868738,629525,1180452
Somalia,1970,1491377,1843750,109426,609184,882193,644745,1199005
Somalia,1971,1507588,1851450,111286,615981,891607,650178,1201272
Somalia,1972,1508621,1854017,112384,610595,898026,653041,1200976
Somalia,1973,1517389,1874431,114188,605418,911971,661563,1212868
Somalia,1974,1568378,1940660,118466,622162,946216,685921,1254739
Somalia,1975,1688476,2065786,126058,682843,1005633,731038,1334748
Somalia,1976,1874996,2277895,136578,755314,1119682,811287,1466608
Somalia,1977,2117025,2558391,151946,850461,1266564,914553,1643838
Somalia,1978,2383753,2864229,169758,959016,1424737,1025533,1838696
Somalia,1979,2621046,3145289,187280,1053092,1567954,1126480,2018809
Somalia,1980,2782960,3373207,202959,1102699,1680261,1207650,2165557
Somalia,1981,2896566,3496701,211605,1148425,1748141,1253569,2243132
Somalia,1982,2949809,3551814,214825,1172537,1777272,1275580,2276234
Somalia,1983,2957338,3568462,214420,1175856,1781482,1284207,2284255
Somalia,1984,2952082,3583202,212648,1173576,1778506,1292398,2290804
Somalia,1985,2962319,3618523,210874,1183216,1779103,1308187,2310336
Somalia,1986,3011961,3661501,213910,1214496,1797465,1328234,2333267
Somalia,1987,3076611,3724571,216927,1252811,1823800,1356058,2368513
Somalia,1988,3149748,3796285,219262,1296651,1853097,1386684,2409601
Somalia,1989,3216552,3861779,220086,1337624,1878928,1413503,2448276
Somalia,1990,3264999,3913356,218992,1367782,1897217,1433045,2480311
Somalia,1991,3311761,3923690,220485,1400839,1910922,1433951,2489739
Somalia,1992,3341633,3926563,220348,1416202,1925431,1430954,2495609
Somalia,1993,3367733,3932987,219091,1422985,1944748,1428070,2504917
Somalia,1994,3411410,3955365,217179,1438890,1972520,1429857,2525508
Somalia,1995,3489881,4000217,214796,1481712,2008169,1438920,2561297
Somalia,1996,3607328,4066581,218480,1533264,2074064,1454628,2611953
Somalia,1997,3753025,4161612,222838,1595864,2157161,1480127,2681485
Somalia,1998,3919287,4275427,227658,1668249,2251038,1512940,2762487
Somalia,1999,4089122,4398271,232838,1740664,2348458,1551281,2846990
Somalia,2000,4248751,4524407,238321,1804782,2443969,1594358,2930049
Somalia,2001,4414605,4630654,245564,1870555,2544050,1634422,2996232
Somalia,2002,4563587,4747391,253189,1912982,2650605,1681981,3065410
Somalia,2003,4701698,4873760,260939,1940298,2761400,1736398,3137362
Somalia,2004,4839666,5008127,268435,1967239,2872427,1796500,3211627
Somalia,2005,4984036,5150356,275533,2005821,2978215,1861926,3288430
Somalia,2006,5133493,5300251,284573,2042357,3091136,1938690,3361561
Somalia,2007,5289846,5455901,292849,2094008,3195838,2018752,3437149
Somalia,2008,5448487,5620044,300745,2156945,3291542,2102474,3517570
Somalia,2009,5601352,5797802,308836,2221771,3379581,2191445,3606357
Somalia,2010,5744716,5991094,317413,2282392,3462324,2286090,3705004
Somalia,2011,5902438,6173982,328305,2353520,3548918,2376662,3797320
Somalia,2012,6048296,6375920,339560,2407787,3640509,2473288,3902632
Somalia,2013,6188924,6592380,351045,2451701,3737223,2572878,4019502
Somalia,2014,6334459,6816191,362475,2497309,3837150,2671255,4144936
Somalia,2015,6490449,7043950,373730,2554490,3935959,2766631,4277319
Somalia,2016,6663518,7266202,388276,2617044,4046474,2859096,4407106
Somalia,2017,6845289,7494574,402660,2686132,4159157,2951607,4542967
Somalia,2018,7033820,7731147,416958,2761205,4272615,3044480,4686667
Somalia,2019,7224204,7980659,431308,2838010,4386194,3138935,4841724
Somalia,2020,7413953,8245411,445810,2914483,4499470,3235595,5009816
Somalia,2021,7621606,8506158,461432,2999316,4622290,3327998,5178160
Somalia,2022,7824428,8786639,477147,3071715,4752713,3424313,5362326
Somalia,2023,8025063,9083409,492915,3136065,4888998,3524255,5559154
Somalia,2024,8227539,9391404,508617,3199399,5028140,3627482,5763922
Somalia,2025,8433456,9708121,524272,3267463,5165993,3734100,5974021
Somalia,2026,8650601,10023656,541661,3337374,5313227,3841379,6182277
Somalia,2027,8868933,10350162,558702,3406905,5462028,3952873,6397289
Somalia,2028,9087044,10688694,575788,3476952,5610092,4068602,6620092
Somalia,2029,9302117,11041715,593403,3546918,5755199,4188752,6852963
Somalia,2030,9512750,11410386,611883,3617168,5895582,4313308,7097078
Somalia,2031,9733463,11778445,632851,3691985,6041478,4437771,7340674
Somalia,2032,9947926,12164133,654184,3761209,6186717,4567143,7596990
Somalia,2033,10157285,12566057,675974,3826814,6330471,4701035,7865022
Somalia,2034,10363528,12982055,698245,3891665,6471863,4838930,8143125
Somalia,2035,10567784,13410737,721092,3958487,6609297,4980369,8430368
Somalia,2036,10782930,13837234,746385,4029989,6752941,5121753,8715481
Somalia,2037,10993846,14278876,771873,4097175,6896671,5267219,9011657
Somalia,2038,11201225,14734983,797564,4162048,7039177,5415248,9319735
Somalia,2039,11405665,15205181,823347,4226705,7178960,5563796,9641385
Somalia,2040,11607615,15688995,849289,4293355,7314260,5711522,9977473
Somalia,2041,11820530,16170667,877563,4364877,7455653,5855542,10315125
Somalia,2042,12029668,16667292,905636,4433210,7596458,5998957,10668335
Somalia,2043,12235534,17177783,934038,4499770,7735764,6141942,11035841
Somalia,2044,12438604,17701023,963326,4566007,7872597,6285062,11415961
Somalia,2045,12639257,18235999,994019,4633609,8005648,6428609,11807390
Somalia,2046,12852211,18765623,1028295,4706958,8145253,6569912,12195711
Somalia,2047,13060954,19308925,1063330,4775801,8285153,6711922,12597003
Somalia,2048,13265940,19864374,1099829,4841525,8424415,6854209,13010165
Somalia,2049,13467481,20430410,1138597,4905582,8561899,6996228,13434182
Somalia,2050,13665669,21005854,1180269,4969674,8695995,7137644,13868210
Somalia,2051,13875843,21572806,1227054,5038785,8837058,7276973,14295833
Somalia,2052,14080178,22151685,1276016,5101599,8978579,7416481,14735204
Somalia,2053,14279204,22741347,1327327,5160081,9119123,7556024,15185323
Somalia,2054,14473383,23340868,1381004,5216502,9256881,7695507,15645361
Somalia,2055,14662811,23949410,1437318,5272985,9389826,7834896,16114514
Somalia,2056,14861154,24550646,1498565,5332459,9528695,7974137,16576509
Somalia,2057,15053388,25162774,1561141,5388391,9664997,8113443,17049331
Somalia,2058,15239239,25784203,1626405,5441675,9797564,8252916,17531287
Somalia,2059,15418168,26413189,1696080,5492901,9925267,8392732,18020457
Somalia,2060,15589946,27048338,1771288,5542947,10046999,8532881,18515457
Somalia,2061,15770512,27672138,1853170,5596877,10173635,8673814,18998324
Somalia,2062,15942488,28304449,1938874,5645791,10296697,8815184,19489265
Somalia,2063,16106621,28944893,2027775,5691152,10415469,8956340,19988553
Somalia,2064,16264115,29593266,2118652,5734910,10529205,9096248,20497018
Somalia,2065,16415796,30248875,2211105,5778859,10636937,9234152,21014723
Somalia,2066,16577170,30895360,2305630,5826973,10750197,9372108,21523252
Somalia,2067,16732047,31550588,2400122,5872557,10859490,9507954,22042634
Somalia,2068,16880456,32212541,2496206,5916139,10964317,9641343,22571198
Somalia,2069,17022215,32879065,2595864,5957917,11064298,9771863,23107202
Somalia,2070,17157389,33548312,2700475,5998450,11158939,9899138,23649174
Somalia,2071,17303913,34202053,2809974,6044334,11259579,10025473,24176580
Somalia,2072,17442476,34861260,2922234,6084853,11357623,10148628,24712632
Somalia,2073,17573847,35524419,3037560,6121340,11452507,10268442,25255977
Somalia,2074,17699044,36190080,3155870,6155587,11543457,10384690,25805390
Somalia,2075,17818608,36856866,3277545,6189217,11629391,10497260,26359606
Somalia,2076,17948978,37507837,3402637,6227007,11721971,10610027,26897810
Somalia,2077,18072765,38162436,3528660,6261346,11811419,10719168,27443268
Somalia,2078,18189807,38818393,3657541,6292854,11896953,10824917,27993476
Somalia,2079,18299624,39473422,3791517,6321884,11977740,10927594,28545828
Somalia,2080,18401988,40125622,3932228,6349021,12052967,11027376,29098246
Somalia,2081,18514653,40756861,4079543,6380345,12134308,11128634,29628227
Somalia,2082,18618793,41388807,4230210,6406917,12211876,11227082,30161725
Somalia,2083,18714765,42020133,4384867,6429654,12285111,11322793,30697340
Somalia,2084,18803129,42649709,4543804,6449737,12353392,11415741,31233968
Somalia,2085,18884196,43276315,4707580,6468262,12415934,11505871,31770444
Somalia,2086,18974442,43881536,4877809,6490275,12484167,11598256,32283280
Somalia,2087,19056692,44487215,5049324,6508730,12547962,11687829,32799386
Somalia,2088,19130735,45091553,5223423,6524016,12606719,11774433,33317120
Somalia,2089,19196110,45693028,5401284,6536242,12659868,11857756,33835272
Somalia,2090,19252584,46290157,5583951,6545744,12706840,11937538,34352619
Somalia,2091,19317711,46863443,5772910,6558841,12758870,12019134,34844309
Somalia,2092,19373146,47436676,5962470,6567000,12806146,12097156,35339520
Somalia,2093,19419491,48007759,6154009,6571298,12848193,12171531,35836228
Somalia,2094,19457610,48574607,6348645,6573129,12884481,12242052,36332555
Somalia,2095,19488232,49135314,6547463,6573861,12914371,12308515,36826799
Somalia,2096,19526856,49672839,6751835,6577564,12949292,12377302,37295537
Somalia,2097,19558462,50207999,6955748,6579859,12978603,12441712,37766287
Somalia,2098,19583490,50738480,7160783,6581575,13001915,12501647,38236833
Somalia,2099,19601989,51262534,7368265,6582868,13019121,12556976,38705558
Somalia,2100,19613782,51778655,7579477,6583359,13030423,12607615,39171040
South Africa,1950,5212750,7860135,555543,2023750,3189000,2536135,5324000
South Africa,1951,5386109,8001880,565854,2119612,3266497,2577838,5424042
South Africa,1952,5585780,8130980,574655,2247957,3337823,2614062,5516918
South Africa,1953,5782813,8274981,583223,2369943,3412870,2654454,5620527
South Africa,1954,5968787,8442734,591208,2473748,3495039,2703216,5739518
South Africa,1955,6148510,8630428,597891,2563292,3585218,2760274,5870154
South Africa,1956,6377771,8775111,610940,2691111,3686660,2806410,5968701
South Africa,1957,6581652,8958999,623762,2762655,3818997,2867552,6091447
South Africa,1958,6779919,9163622,635936,2803482,3976437,2936779,6226843
South Africa,1959,6990332,9372182,647475,2840425,4149907,3007037,6365145
South Africa,1960,7218911,9579282,658662,2893778,4325133,3076087,6503195
South Africa,1961,7446301,9796378,677994,2931199,4515102,3150601,6645777
South Africa,1962,7696448,10008851,696309,2995874,4700574,3221636,6787215
South Africa,1963,7957123,10228607,713545,3081622,4875501,3295672,6932935
South Africa,1964,8207382,10475921,729672,3170875,5036507,3383774,7092147
South Africa,1965,8436919,10760672,744712,3252102,5184817,3492284,7268388
South Africa,1966,8672994,11049686,763759,3343210,5329784,3614473,7435213
South Africa,1967,8885575,11378672,781538,3416060,5469515,3755388,7623284
South Africa,1968,9084345,11739078,799167,3477608,5606737,3910996,7828082
South Africa,1969,9286866,12115126,817905,3543480,5743386,4074517,8040609
South Africa,1970,9503534,12497428,838489,3626252,5877282,4241657,8255771
South Africa,1971,9756343,12862562,863908,3724481,6031862,4417789,8444773
South Africa,1972,10020861,13238730,888546,3831083,6189778,4598743,8639987
South Africa,1973,10292798,13625312,911583,3944019,6348779,4778662,8846650
South Africa,1974,10562048,14025423,932133,4055346,6506702,4950868,9074555
South Africa,1975,10822185,14440293,949927,4160394,6661791,5111640,9328653
South Africa,1976,11115932,14813616,974801,4283836,6832096,5256664,9556952
South Africa,1977,11393887,15207435,995975,4382285,7011602,5393543,9813892
South Africa,1978,11663648,15620314,1014188,4463976,7199672,5525783,10094531
South Africa,1979,11936922,16049605,1030522,4543209,7393713,5659242,10390363
South Africa,1980,12219727,16495009,1045735,4631387,7588340,5798429,10696580
South Africa,1981,12516818,16941071,1075065,4721774,7795044,5944658,10996413
South Africa,1982,12822499,17405445,1102315,4817600,8004899,6095094,11310351
South Africa,1983,13126233,17886953,1126522,4913794,8212439,6249238,11637715
South Africa,1984,13410668,18386379,1146537,4998839,8411829,6407012,11979367
South Africa,1985,13664691,18903436,1162021,5065416,8599275,6568532,12334904
South Africa,1986,13921864,19374281,1194274,5136214,8785650,6722895,12651386
South Africa,1987,14141571,19866300,1222378,5174453,8967118,6885182,12981118
South Africa,1988,14335879,20386778,1247880,5189676,9146203,7057925,13328853
South Africa,1989,14522569,20945437,1272877,5196537,9326032,7244309,13701128
South Africa,1990,14711079,21550549,1298897,5205673,9505406,7446782,14103767
South Africa,1991,14848470,22240405,1348980,5189333,9659137,7666935,14573470
South Africa,1992,14981878,22976140,1402207,5174693,9807185,7894774,15081366
South Africa,1993,15100572,23741696,1457893,5161335,9939237,8122617,15619079
South Africa,1994,15189623,24514331,1514947,5147300,10042323,8340758,16173573
South Africa,1995,15240265,25274978,1572922,5131453,10108812,8542060,16732918
South Africa,1996,15319205,25945725,1633590,5124908,10194297,8747956,17197769
South Africa,1997,15367893,26599026,1690105,5128924,10238969,8940887,17658139
South Africa,1998,15388841,27240400,1742871,5139690,10249151,9121229,18119171
South Africa,1999,15387215,27878934,1792626,5151241,10235974,9290161,18588773
South Africa,2000,15369015,28519113,1840187,5159762,10209253,9447380,19071733
South Africa,2001,15418404,29065301,1901301,5199411,10218993,9597361,19467940
South Africa,2002,15445872,29621125,1959176,5222320,10223552,9746496,19874629
South Africa,2003,15456876,30177673,2014178,5233432,10223444,9887505,20290168
South Africa,2004,15459424,30721236,2066735,5241529,10217895,10009442,20711794
South Africa,2005,15459002,31244191,2117393,5254483,10204519,10105109,21139082
South Africa,2006,15494157,31687374,2183051,5285523,10208634,10168491,21518883
South Africa,2007,15526737,32114449,2245995,5309756,10216981,10209589,21904860
South Africa,2008,15565533,32540649,2305947,5333303,10232230,10234223,22306426
South Africa,2009,15619959,32988424,2362435,5363769,10256190,10253462,22734962
South Africa,2010,15697248,33471377,2416038,5408469,10288779,10274504,23196873
South Africa,2011,15781191,33993419,2488906,5456764,10324427,10272641,23720778
South Africa,2012,15887109,34550360,2560744,5513938,10373171,10275071,24275289
South Africa,2013,16006297,35125901,2635198,5574673,10431624,10280180,24845721
South Africa,2014,16122943,35699440,2717188,5627432,10495511,10287597,25411843
South Africa,2015,16225363,36256382,2809480,5663766,10561597,10296412,25959970
South Africa,2016,16343949,36753491,2918033,5704840,10639109,10289103,26464388
South Africa,2017,16439437,37246483,3031236,5711987,10727450,10287647,26958836
South Africa,2018,16517507,37734639,3146275,5695000,10822507,10290970,27443669
South Africa,2019,16587188,38218695,3259214,5670005,10917183,10297726,27920969
South Africa,2020,16651552,38701324,3368353,5647873,11003679,10308238,28393086
South Africa,2021,16703775,39164317,3497884,5607900,11095875,10332979,28831338
South Africa,2022,16755594,39619065,3621390,5587025,11168569,10362409,29256656
South Africa,2023,16797679,40073045,3739903,5578454,11219225,10399570,29673475
South Africa,2024,16817103,40536725,3854955,5569147,11247956,10448907,30087818
South Africa,2025,16808519,41013877,3967640,5549854,11258665,10511930,30501947
South Africa,2026,16799617,41455659,4098770,5535816,11263801,10586557,30869102
South Africa,2027,16764289,41912068,4225132,5513110,11251179,10675738,31236330
South Africa,2028,16708229,42378738,4347291,5483445,11224784,10772944,31605794
South Africa,2029,16642843,42846614,4465488,5452956,11189887,10867766,31978848
South Africa,2030,16575346,43309746,4580461,5426137,11149209,10952911,32356835
South Africa,2031,16517712,43734783,4714325,5405991,11111721,11030418,32704365
South Africa,2032,16457747,44157745,4843220,5386283,11071464,11098784,33058961
South Africa,2033,16396444,44576756,4968317,5367848,11028596,11154885,33421871
South Africa,2034,16333090,44991364,5090893,5350366,10982724,11195595,33795769
South Africa,2035,16267768,45400329,5212187,5334103,10933665,11218919,34181410
South Africa,2036,16215181,45765970,5355437,5324521,10890660,11226131,34539839
South Africa,2037,16162200,46126723,5495573,5313870,10848330,11215338,34911385
South Africa,2038,16109378,46481183,5633337,5302412,10806966,11190303,35290880
South Africa,2039,16056860,46828343,5769400,5290404,10766456,11157426,35670917
South Africa,2040,16004571,47166732,5905087,5278239,10726332,11121011,36045721
South Africa,2041,15965556,47457960,6065764,5271264,10694292,11083322,36374638
South Africa,2042,15925561,47745031,6222585,5260577,10664984,11043604,36701427
South Africa,2043,15884644,48022597,6380374,5246917,10637727,11002075,37020522
South Africa,2044,15842306,48283953,6545748,5231017,10611289,10958641,37325312
South Africa,2045,15797796,48525092,6723002,5213511,10584285,10913507,37611585
South Africa,2046,15760714,48709844,6938504,5197199,10563515,10870996,37838848
South Africa,2047,15720422,48881658,7159425,5177896,10542526,10829217,38052441
South Africa,2048,15676599,49041882,7384720,5156230,10520369,10788595,38253287
South Africa,2049,15628644,49192335,7613237,5132805,10495839,10749594,38442741
South Africa,2050,15575975,49333668,7844940,5108025,10467950,10712442,38621226
South Africa,2051,15525988,49429285,8109020,5082868,10443120,10680972,38748313
South Africa,2052,15471932,49520339,8371002,5057755,10414177,10652251,38868088
South Africa,2053,15413154,49609574,8628718,5032321,10380833,10625584,38983990
South Africa,2054,15349053,49701058,8878629,5005930,10343123,10600001,39101057
South Africa,2055,15279489,49796433,9119212,4978149,10301340,10574658,39221775
South Africa,2056,15214188,49859018,9377400,4952182,10262006,10553272,39305746
South Africa,2057,15143847,49929925,9621474,4925038,10218809,10532726,39397199
South Africa,2058,15069208,50006821,9853268,4897148,10172060,10511664,39495157
South Africa,2059,14991588,50086714,10074782,4869404,10122184,10488357,39598357
South Africa,2060,14911930,50166927,10288000,4842464,10069466,10461541,39705386
South Africa,2061,14839156,50216261,10515314,4818393,10020763,10435828,39780433
South Africa,2062,14765459,50269959,10729274,4795603,9969856,10406975,39862984
South Africa,2063,14690813,50325938,10932032,4773762,9917051,10374529,39951409
South Africa,2064,14614932,50382517,11125567,4752238,9862694,10338240,40044277
South Africa,2065,14537809,50437385,11312227,4730683,9807126,10297891,40139494
South Africa,2066,14471255,50460631,11510196,4713710,9757545,10258521,40202110
South Africa,2067,14403666,50486731,11696641,4695437,9708229,10215830,40270901
South Africa,2068,14335486,50511209,11875502,4676139,9659347,10169790,40341419
South Africa,2069,14267059,50529078,12051259,4656230,9610829,10120616,40408462
South Africa,2070,14198351,50536352,12227849,4636062,9562289,10068534,40467818
South Africa,2071,14139743,50506639,12421295,4619132,9520611,10019373,40487266
South Africa,2072,14080552,50473709,12608641,4600734,9479818,9968470,40505239
South Africa,2073,14020756,50433130,12794585,4581268,9439488,9915989,40517141
South Africa,2074,13960122,50380062,12984454,4561186,9398936,9862349,40517713
South Africa,2075,13898347,50311305,13182032,4540821,9357526,9807894,40503411
South Africa,2076,13843891,50202273,13403570,4522157,9321734,9758460,40443813
South Africa,2077,13788984,50085315,13624567,4503771,9285213,9709264,40376051
South Africa,2078,13733006,49962469,13843683,4485288,9247718,9660400,40302069
South Africa,2079,13674920,49837344,14058385,4465969,9208951,9611995,40225349
South Africa,2080,13613891,49710872,14268659,4445237,9168654,9563952,40146920
South Africa,2081,13559798,49558860,14488938,4426688,9133110,9521764,40037096
South Africa,2082,13503106,49414102,14696150,4406513,9096593,9481119,39932983
South Africa,2083,13443907,49273736,14893246,4385009,9058898,9441211,39832525
South Africa,2084,13382511,49134415,15083479,4362781,9019730,9400966,39733449
South Africa,2085,13318821,48993091,15270198,4340185,8978636,9359557,39633534
South Africa,2086,13261615,48833824,15460731,4319298,8942317,9323329,39510495
South Africa,2087,13203287,48681613,15637847,4298871,8904416,9286879,39394734
South Africa,2088,13143248,48533418,15805355,4278625,8864623,9249618,39283800
South Africa,2089,13080835,48386782,15966587,4258106,8822729,9211081,39175701
South Africa,2090,13015710,48239292,16124498,4237001,8778709,9170877,39068415
South Africa,2091,12958693,48079376,16279997,4218811,8739882,9135621,38943755
South Africa,2092,12900081,47926505,16423478,4200410,8699671,9099450,38827055
South Africa,2093,12839876,47777107,16558675,4181758,8658118,9061887,38715220
South Africa,2094,12778184,47627538,16689253,4162906,8615278,9022499,38605039
South Africa,2095,12714923,47474536,16818702,4143812,8571111,8980929,38493607
South Africa,2096,12661238,47311196,16942949,4128171,8533067,8944198,38366998
South Africa,2097,12606837,47152346,17057601,4112226,8494611,8906208,38246138
South Africa,2098,12551419,46994451,17166658,4095788,8455631,8866557,38127894
South Africa,2099,12494720,46834172,17273881,4078783,8415937,8824906,38009266
South Africa,2100,12436684,46668453,17382561,4061443,8375241,8780989,37887464
South America,1950,45080945,64668470,4035402,17969269,27111676,21427480,43240990
South America,1951,46620780,66174667,4161771,18789673,27831107,21850105,44324562
South America,1952,48143437,67768146,4289319,19530660,28612777,22292965,45475181
South America,1953,49678822,69412224,4417168,20222533,29456289,22748178,46664046
South America,1954,51232178,71098879,4545306,20860999,30371179,23220730,47878149
South America,1955,52804666,72828725,4674082,21471191,31333475,23718156,49110569
South America,1956,54608790,74356467,4843718,22177584,32431206,24169475,50186992
South America,1957,56399090,75980955,5013105,22751836,33647254,24672914,51308041
South America,1958,58196219,77696440,5183537,23256438,34939781,25225651,52470789
South America,1959,60017621,79501346,5357361,23771382,36246239,25824455,53676891
South America,1960,61869620,81402383,5536488,24362981,37506639,26472682,54929701
South America,1961,63815519,83306872,5756245,24962921,38852598,27144525,56162347
South America,1962,65807592,85294723,5976494,25647074,40160518,27858063,57436660
South America,1963,67793652,87395342,6195868,26374261,41419391,28637297,58758045
South America,1964,69693643,89656713,6412332,27060164,42633479,29520855,60135858
South America,1965,71460372,92100262,6625185,27653797,43806575,30529232,61571030
South America,1966,73355573,94439466,6854513,28344427,45011146,31567869,62871597
South America,1967,75046088,97030108,7080175,28775892,46270196,32749507,64280601
South America,1968,76579561,99811294,7305552,29020509,47559052,34027382,65783912
South America,1969,78027161,102698312,7534515,29194456,48832705,35331956,67366356
South America,1970,79418934,105652722,7770457,29391998,50026936,36623694,69029028
South America,1971,80804113,108584863,8046701,29551267,51252846,37883784,70701079
South America,1972,82121128,111602208,8322969,29705844,52415284,39128876,72473332
South America,1973,83375441,114721913,8600401,29895026,53480415,40366953,74354960
South America,1974,84573219,117970585,8879379,30158958,54414261,41615612,76354973
South America,1975,85734421,121352796,9159716,30531614,55202807,42881508,78471288
South America,1976,86963519,124730849,9477756,30967220,55996299,44121304,80609545
South America,1977,88233112,128172216,9787376,31582993,56650119,45341018,82831198
South America,1978,89518234,131703633,10089971,32309719,57208515,46548111,85155522
South America,1979,90782492,135361959,10386387,33039064,57743428,47752079,87609880
South America,1980,92013505,139155293,10678196,33704917,58308588,48952140,90203153
South America,1981,93541337,142733656,10986986,34587805,58953532,50055115,92678541
South America,1982,94929942,146541990,11293706,35154417,59775525,51189993,95351997
South America,1983,96244130,150482724,11601375,35487940,60756190,52301126,98181598
South America,1984,97563769,154434481,11912386,35721816,61841953,53312450,101122031
South America,1985,98907197,158345002,12230058,35959692,62947505,54189680,104155322
South America,1986,100270769,162146942,12612416,36135566,64135203,54929190,107217752
South America,1987,101625842,165938590,12988785,36266957,65358885,55548455,110390135
South America,1988,102927556,169752612,13367519,36371645,66555911,56107200,113645412
South America,1989,104095180,173658625,13759858,36439313,67655867,56703225,116955400
South America,1990,105083076,177695872,14171867,36466547,68616529,57399225,120296647
South America,1991,105931568,181740526,14678838,36422939,69508629,58157374,123583152
South America,1992,106636147,185877168,15195047,36405726,70230421,58991684,126885484
South America,1993,107190542,190124979,15713591,36400152,70790390,59912521,130212458
South America,1994,107610263,194490914,16221768,36393529,71216734,60919002,133571912
South America,1995,107913626,198966942,16714676,36376402,71537224,62001277,136965665
South America,1996,108176897,203351260,17318724,36395801,71781096,63087020,140264240
South America,1997,108332448,207830029,17907062,36393286,71939162,64249390,143580639
South America,1998,108386734,212368536,18492985,36361264,72025470,65430224,146938312
South America,1999,108348650,216920003,19094366,36289106,72059544,66541330,150378673
South America,2000,108222814,221452873,19723074,36173545,72049269,67524782,153928091
South America,2001,108106885,225803775,20441616,36102308,72004577,68327558,157476217
South America,2002,107876155,230164116,21184981,35910571,71965584,69009524,161154592
South America,2003,107554586,234512278,21946985,35635229,71919357,69574927,164937351
South America,2004,107171111,238828241,22715701,35327916,71843195,70037152,168791089
South America,2005,106741093,243099150,23488280,35029981,71711112,70406564,172692586
South America,2006,106277048,247306980,24264055,34703015,71574033,70672395,176634585
South America,2007,105787317,251449548,25041007,34401623,71385694,70824460,180625088
South America,2008,105270343,255530466,25839933,34134362,71135981,70897284,184633182
South America,2009,104726358,259554242,26687184,33906881,70819477,70935395,188618847
South America,2010,104167164,263511701,27601339,33723985,70443179,70963953,192547748
South America,2011,103637646,267342113,28606395,33568403,70069243,70976772,196365341
South America,2012,103143314,271074210,29658620,33501876,69641438,70971587,200102623
South America,2013,102661107,274699470,30771057,33485790,69175317,70947360,203752110
South America,2014,102159272,278206497,31959552,33461617,68697655,70893798,207312699
South America,2015,101622856,281577286,33235969,33391482,68231374,70801563,210775723
South America,2016,101243417,284643130,34571497,33427225,67816192,70654054,213989076
South America,2017,100775746,287633606,35984265,33303678,67472068,70491971,217141635
South America,2018,100263475,290509661,37467379,33069980,67193495,70297919,220211742
South America,2019,99766514,293225505,39006456,32806323,66960191,70045162,223180343
South America,2020,99307035,295761757,40598056,32570154,66736881,69722277,226039480
South America,2021,98860570,298169772,42212045,32299423,66561147,69364487,228805285
South America,2022,98461849,300410297,43849778,32076096,66385753,68936283,231474014
South America,2023,98075853,302495036,45534653,31888260,66187593,68472339,234022697
South America,2024,97643924,304449302,47300988,31699257,65944667,68023377,236425925
South America,2025,97136827,306280168,49171459,31484132,65652695,67619259,238660909
South America,2026,96643611,307982492,51061439,31279043,65364568,67275657,240706835
South America,2027,96093567,309579599,53016682,31067356,65026211,66970614,242608985
South America,2028,95489942,311072151,55031748,30846029,64643913,66700841,244371310
South America,2029,94853149,312455844,57088653,30621772,64231377,66453831,246002013
South America,2030,94197207,313726028,59176650,30399052,63798155,66219102,247506926
South America,2031,93604169,314906605,61189047,30211342,63392827,66023370,248883235
South America,2032,92990071,315994709,63212640,30013782,62976289,65845404,250149305
South America,2033,92359236,316989651,65243868,29810062,62549174,65665837,251323814
South America,2034,91715078,317895359,67275855,29603698,62111380,65454516,252440843
South America,2035,91059724,318706092,69312625,29398446,61661278,65191272,253514820
South America,2036,90478920,319478347,71212007,29226073,61252847,64910339,254568008
South America,2037,89892143,320183163,73083485,29046759,60845384,64575962,255607201
South America,2038,89299251,320773214,74974701,28862873,60436378,64198334,256574880
South America,2039,88699331,321188054,76947127,28676635,60022696,63795474,257392580
South America,2040,88091852,321389088,79040256,28490430,59601422,63378942,258010146
South America,2041,87558971,321469757,81078729,28332806,59226165,62983908,258485849
South America,2042,87023664,321378371,83192011,28171199,58852465,62573254,258805117
South America,2043,86484398,321116213,85381352,28006451,58477947,62151215,258964998
South America,2044,85938992,320690810,87642752,27839194,58099798,61721031,258969779
South America,2045,85385255,320103248,89978480,27670117,57715138,61284224,258819024
South America,2046,84903706,319457358,92204909,27527570,57376136,60882312,258575046
South America,2047,84419321,318691849,94458913,27380947,57038374,60479427,258212422
South America,2048,83929030,317812462,96738508,27229675,56699355,60076050,257736412
South America,2049,83428431,316829664,99038315,27072231,56356200,59670632,257159032
South America,2050,82912966,315744790,101362206,26907545,56005421,59260950,256483840
South America,2051,82467832,314691163,103492577,26767649,55700183,58891923,255799240
South America,2052,82011654,313592254,105587950,26616430,55395224,58524096,255068158
South America,2053,81542005,312432132,107666922,26455653,55086352,58155932,254276200
South America,2054,81057483,311195400,109746350,26288297,54769186,57785088,253410312
South America,2055,80555805,309869312,111841597,26116430,54439375,57409211,252460101
South America,2056,80116630,308628476,113699128,25963845,54152785,57078247,251550229
South America,2057,79669742,307359550,115503637,25810885,53858857,56746239,250613311
South America,2058,79210795,306043143,117279838,25656467,53554328,56412567,249630576
South America,2059,78734226,304652119,119061642,25498368,53235858,56075360,248576759
South America,2060,78235082,303160269,120881365,25334568,52900514,55731230,247429039
South America,2061,77806293,301777999,122437011,25196337,52609956,55435223,246342776
South America,2062,77367145,300358203,123957711,25056553,52310592,55137207,245220996
South America,2063,76913711,298888450,125461165,24913523,52000188,54833715,244054735
South America,2064,76443055,297361231,126959223,24765732,51677323,54520240,242840991
South America,2065,75952465,295766320,128466422,24612076,51340389,54192599,241573721
South America,2066,75544905,294349460,129635817,24489141,51055764,53912377,240437083
South America,2067,75126813,292922310,130751266,24359711,50767102,53624077,239298233
South America,2068,74695327,291464106,131838347,24224130,50471197,53324195,238139911
South America,2069,74249460,289960362,132914488,24084067,50165393,53009512,236950850
South America,2070,73788098,288398582,133995502,23940887,49847211,52677722,235720860
South America,2071,73408094,287037447,134728110,23825538,49582556,52390954,234646493
South America,2072,73024579,285679344,135397439,23709973,49314606,52093705,233585639
South America,2073,72634025,284293885,136040236,23592775,49041250,51786469,232507416
South America,2074,72230145,282836422,136710600,23470886,48759259,51468983,231367439
South America,2075,71805957,281265384,137460175,23341463,48464494,51138643,230126741
South America,2076,71462306,279844731,137926964,23240510,48221796,50856717,228988014
South America,2077,71111437,278386216,138389914,23133107,47978330,50571529,227814687
South America,2078,70749240,276873594,138872788,23018844,47730396,50280458,226593136
South America,2079,70371524,275294429,139395898,22897873,47473651,49979968,225314461
South America,2080,69972679,273630870,139986129,22769725,47202954,49666032,223964838
South America,2081,69652532,272173823,140255780,22667097,46985435,49404759,222769064
South America,2082,69326524,270709538,140506040,22561226,46765298,49141052,221568486
South America,2083,68987848,269212331,140772840,22450431,46537417,48871449,220340882
South America,2084,68629513,267659138,141089672,22332677,46296836,48592502,219066636
South America,2085,68245662,266029457,141486115,22206272,46039390,48300803,217728654
South America,2086,67939518,264634194,141550761,22105389,45834129,48064234,216569960
South America,2087,67623381,263238913,141608111,22000845,45622536,47824866,215414047
South America,2088,67291678,261816577,141693558,21891230,45400448,47579194,214237383
South America,2089,66939993,260341785,141839556,21775661,45164332,47323760,213018025
South America,2090,66564378,258792744,142074321,21653250,44911128,47055188,211737556
South America,2091,66266120,257483433,141984524,21556834,44709286,46841097,210642336
South America,2092,65959185,256169301,141902445,21458835,44500350,46623013,209546288
South America,2093,65638907,254827836,141856654,21357544,44281363,46397477,208430359
South America,2094,65300141,253434550,141877976,21250816,44049325,46160129,207274421
South America,2095,64937320,251963604,141998890,21136376,43800944,45906294,206057310
South America,2096,64655741,250736920,141793114,21050285,43605456,45704482,205032438
South America,2097,64365236,249503786,141602369,20959936,43405300,45496211,204007575
South America,2098,64060002,248235711,141461733,20863423,43196579,45277467,202958244
South America,2099,63734850,246903324,141406445,20759708,42975142,45043916,201859408
South America,2100,63385812,245481251,141466387,20648810,42737002,44791627,200689624
South Korea,1950,8163100,10497289,550996,3043328,5119772,3276618,7220671
South Korea,1951,8233945,10646817,578667,3061981,5171964,3380798,7266019
South Korea,1952,8302893,10913398,613099,3058105,5244788,3546424,7366974
South Korea,1953,8411829,11245780,650288,3088100,5323729,3748684,7497096
South Korea,1954,8599300,11595293,685835,3197688,5401612,3957200,7638093
South Korea,1955,8876961,11936849,717521,3402309,5474652,4153264,7783585
South Korea,1956,9181081,12308546,754006,3615389,5565692,4323351,7985195
South Korea,1957,9578542,12635431,785270,3890020,5688522,4441280,8194151
South Korea,1958,10034584,12931923,812865,4183260,5851324,4508174,8423749
South Korea,1959,10501618,13224485,839246,4441957,6059661,4539617,8684868
South Korea,1960,10942744,13532518,865656,4628825,6313919,4557899,8974619
South Korea,1961,11381675,13815459,897616,4828056,6553619,4633885,9181574
South Korea,1962,11730024,14160857,931704,4884020,6846004,4728063,9432794
South Korea,1963,12012329,14550906,964979,4832834,7179495,4836979,9713927
South Korea,1964,12273827,14954028,992925,4746224,7527603,4954782,9999246
South Korea,1965,12537377,15355954,1013740,4682734,7854643,5082110,10273844
South Korea,1966,12751379,15793283,1039969,4568198,8183181,5236572,10556711
South Korea,1967,12979858,16211101,1058497,4512698,8467160,5391428,10819673
South Korea,1968,13199768,16631679,1073918,4505303,8694465,5557329,11074350
South Korea,1969,13373568,17091471,1092539,4513114,8860454,5751516,11339955
South Korea,1970,13484637,17607346,1117331,4511901,8972736,5983183,11624163
South Korea,1971,13563727,18141326,1158651,4524314,9039413,6247071,11894255
South Korea,1972,13600221,18714794,1203370,4544402,9055819,6537942,12176852
South Korea,1973,13597819,19317310,1249415,4558541,9039278,6844043,12473267
South Korea,1974,13563885,19931951,1294099,4552085,9011800,7148492,12783459
South Korea,1975,13499825,20550285,1336397,4515509,8984316,7441109,13109176
South Korea,1976,13429806,21135002,1384124,4504714,8925092,7708033,13426969
South Korea,1977,13300357,21749100,1432128,4402395,8897962,7970092,13779008
South Korea,1978,13142368,22375890,1479542,4245301,8897067,8209167,14166723
South Korea,1979,12997746,22994054,1524687,4094282,8903464,8400728,14593326
South Korea,1980,12887420,23595911,1567093,3994273,8893147,8533890,15062021
South Korea,1981,12732649,24252906,1621266,3860929,8871720,8658212,15594694
South Korea,1982,12640471,24869398,1669676,3834927,8805544,8708932,16160466
South Korea,1983,12570688,25464872,1716464,3874571,8696117,8712066,16752806
South Korea,1984,12455334,26076817,1768250,3897747,8557587,8710534,17366283
South Korea,1985,12259251,26720683,1828635,3848433,8410818,8728864,17991819
South Korea,1986,12090145,27276891,1902283,3838439,8251706,8743706,18533185
South Korea,1987,11799729,27903827,1987277,3682101,8117628,8791300,19112527
South Korea,1988,11446484,28566171,2078371,3439234,8007250,8850200,19715971
South Korea,1989,11132510,29197159,2166059,3224764,7907746,8881827,20315332
South Korea,1990,10915918,29761614,2245599,3118863,7797055,8865217,20896397
South Korea,1991,10660644,30375035,2342422,2964355,7696289,8844434,21530601
South Korea,1992,10566556,30859450,2427442,3018502,7548054,8762376,22097074
South Korea,1993,10565053,31266678,2508827,3207446,7357607,8642303,22624375
South Korea,1994,10539278,31686984,2599623,3395008,7144270,8520642,23166342
South Korea,1995,10431667,32159966,2706978,3490757,6940910,8414358,23745608
South Korea,1996,10432704,32506216,2818441,3682929,6749775,8281718,24224498
South Korea,1997,10294300,32960175,2948129,3673023,6621277,8176435,24783740
South Korea,1998,10079447,33455223,3092772,3518016,6561431,8078093,25377130
South Korea,1999,9890172,33887986,3245722,3326105,6564067,7957479,25930507
South Korea,2000,9769907,34212724,3403681,3172701,6597206,7803931,26408793
South Korea,2001,9597353,34533070,3582365,2945712,6651641,7642809,26890261
South Korea,2002,9496415,34742595,3765776,2786544,6709871,7451928,27290667
South Korea,2003,9429382,34884609,3951035,2685532,6743850,7248820,27635789
South Korea,2004,9330669,35032153,4135261,2603938,6726731,7060261,27971892
South Korea,2005,9171751,35220035,4316711,2514680,6657071,6902145,28317890
South Korea,2006,8964254,35421522,4510069,2408334,6555920,6768209,28653313
South Korea,2007,8737015,35627799,4697615,2351013,6386002,6662532,28965267
South Korea,2008,8487676,35844494,4886815,2322585,6165091,6592221,29252273
South Korea,2009,8230325,36061792,5087091,2306041,5924284,6560311,29501481
South Korea,2010,7978846,36269371,5304638,2288773,5690073,6563525,29705846
South Korea,2011,7773471,36447844,5523344,2316171,5457300,6633314,29814530
South Korea,2012,7556403,36632916,5762925,2307281,5249122,6720753,29912163
South Korea,2013,7347807,36801772,6019663,2275845,5071962,6793261,30008511
South Korea,2014,7170841,36928452,6286267,2245085,4925756,6808169,30120283
South Korea,2015,7034848,36999110,6559704,2232392,4802456,6743683,30255427
South Korea,2016,6933348,37033951,6824620,2225526,4707822,6618137,30415814
South Korea,2017,6869025,37019457,7093730,2229763,4639262,6430710,30588747
South Korea,2018,6835168,36948877,7380390,2243987,4591181,6201011,30747866
South Korea,2019,6814435,36818931,7705872,2259206,4555229,5962871,30856060
South Korea,2020,6796238,36628039,8082698,2269342,4526896,5738663,30889376
South Korea,2021,6793255,36392325,8481075,2279089,4514166,5533824,30858501
South Korea,2022,6792022,36100204,8925004,2284953,4507069,5341398,30758806
South Korea,2023,6792306,35765498,9401304,2287473,4504833,5165956,30599542
South Korea,2024,6797384,35407975,9887694,2290225,4507159,5011078,30396897
South Korea,2025,6808404,35040843,10370093,2294965,4513439,4878989,30161854
South Korea,2026,6826180,34691315,10820156,2296236,4529944,4781595,29909720
South Korea,2027,6849255,34336886,11260685,2304533,4544722,4712586,29624300
South Korea,2028,6872830,33976062,11696352,2315668,4557162,4666163,29309899
South Korea,2029,6890083,33604495,12136256,2322678,4567405,4632545,28971950
South Korea,2030,6896868,33218793,12586156,2320501,4576367,4604672,28614121
South Korea,2031,6912334,32842714,13002605,2320034,4592300,4591678,28251036
South Korea,2032,6912319,32467360,13418061,2306249,4606070,4586158,27881202
South Korea,2033,6898939,32089272,13832155,2281596,4617343,4585740,27503532
South Korea,2034,6875699,31703812,14244025,2250457,4625242,4588302,27115510
South Korea,2035,6843271,31308999,14653576,2215466,4627805,4591914,26717085
South Korea,2036,6806159,30945260,15015232,2172787,4633372,4606586,26338674
South Korea,2037,6759941,30577850,15368492,2130433,4629508,4620852,25956998
South Korea,2038,6703774,30212835,15709058,2089200,4614574,4633908,25578927
South Korea,2039,6637098,29860456,16028719,2049725,4587373,4645631,25214825
South Korea,2040,6560740,29525573,16323095,2012140,4548600,4655317,24870256
South Korea,2041,6481864,29252949,16540758,1971783,4510081,4674629,24578320
South Korea,2042,6401550,29001714,16721869,1944696,4456854,4690886,24310828
South Korea,2043,6318394,28759919,16880922,1927060,4391334,4702796,24057123
South Korea,2044,6231604,28507435,17040153,1913924,4317680,4708838,23798597
South Korea,2045,6142333,28229821,17214030,1901760,4240573,4707206,23522615
South Korea,2046,6074816,27966826,17339515,1901772,4173044,4709583,23257243
South Korea,2047,6005980,27685260,17473615,1900317,4105663,4706300,22978960
South Korea,2048,5938996,27392829,17606334,1898030,4040966,4694086,22698743
South Korea,2049,5878212,27106039,17717613,1896969,3981243,4668933,22437106
South Korea,2050,5825829,26833658,17797345,1898636,3927193,4628457,22205201
South Korea,2051,5797032,26608302,17798562,1908125,3888907,4584401,22023901
South Korea,2052,5776024,26409377,17758541,1916312,3859712,4528655,21880722
South Korea,2053,5763178,26217652,17697101,1924113,3839065,4463621,21754031
South Korea,2054,5756192,26000315,17650376,1931625,3824567,4392820,21607495
South Korea,2055,5751922,25732861,17646938,1938513,3813409,4318065,21414796
South Korea,2056,5762391,25461479,17629212,1946818,3815573,4251113,21210366
South Korea,2057,5777788,25160356,17633538,1955681,3822107,4184149,20976207
South Korea,2058,5795021,24835841,17657651,1963962,3831059,4118553,20717288
South Korea,2059,5810764,24505297,17688602,1970208,3840556,4056948,20448349
South Korea,2060,5822724,24180809,17717438,1973195,3849529,4001056,20179753
South Korea,2061,5844384,23904115,17689618,1976145,3868239,3962595,19941520
South Korea,2062,5863816,23644988,17647506,1977891,3885925,3933766,19711222
South Korea,2063,5879134,23403712,17592575,1977499,3901635,3912800,19490912
South Korea,2064,5888250,23180093,17526691,1973817,3914433,3896856,19283237
South Korea,2065,5889060,22971581,17454250,1965620,3923440,3883421,19088160
South Korea,2066,5895045,22820154,17320037,1956406,3938639,3883395,18936759
South Korea,2067,5894473,22699833,17162130,1944727,3949746,3888924,18810909
South Korea,2068,5886356,22600178,16991906,1930449,3955907,3897881,18702297
South Korea,2069,5869688,22505685,16825789,1913464,3956224,3907607,18598078
South Korea,2070,5843194,22403489,16677941,1893300,3949894,3915571,18487918
South Korea,2071,5820263,22342246,16486436,1871980,3948283,3933265,18408981
South Korea,2072,5791356,22285488,16297640,1851486,3939870,3950969,18334519
South Korea,2073,5754786,22224467,16122677,1831167,3923619,3966438,18258029
South Korea,2074,5710539,22154949,15966595,1810867,3899672,3978213,18176736
South Korea,2075,5659925,22076064,15829664,1790562,3869363,3985470,18090594
South Korea,2076,5615694,22029826,15657564,1771950,3843744,3998872,18030954
South Korea,2077,5569483,21979121,15495992,1757535,3811948,4008801,17970320
South Korea,2078,5522138,21924755,15343404,1746512,3775626,4014767,17909988
South Korea,2079,5473504,21861983,15204721,1737469,3736035,4015262,17846721
South Korea,2080,5422579,21780686,15091178,1728900,3693679,4007916,17772770
South Korea,2081,5387309,21726635,14939146,1726919,3660390,4004253,17722382
South Korea,2082,5353135,21665545,14797925,1725871,3627264,3995545,17670000
South Korea,2083,5318489,21585736,14681607,1724844,3593645,3979341,17606395
South Korea,2084,5284126,21484988,14592725,1723874,3560252,3954960,17530028
South Korea,2085,5252233,21368999,14524163,1723582,3528651,3923398,17445601
South Korea,2086,5236970,21275967,14424008,1728721,3508249,3894744,17381223
South Korea,2087,5224195,21173965,14338194,1732965,3491230,3860974,17312991
South Korea,2088,5215559,21067803,14259652,1737045,3478514,3824087,17243716
South Korea,2089,5210155,20954459,14191383,1740952,3469203,3785244,17169215
South Korea,2090,5204893,20823533,14146219,1743899,3460994,3743755,17079778
South Korea,2091,5210268,20709166,14079321,1748548,3461720,3708404,17000762
South Korea,2092,5218023,20592668,14017878,1752853,3465170,3673979,16918689
South Korea,2093,5225415,20467819,13971306,1755924,3469491,3639959,16827860
South Korea,2094,5230061,20332513,13944593,1756942,3473119,3606695,16725818
South Korea,2095,5230711,20187656,13938449,1755414,3475297,3574733,16612923
South Korea,2096,5239177,20074157,13900294,1754324,3484853,3553640,16520517
South Korea,2097,5245693,19964588,13867241,1752097,3493596,3536938,16427650
South Korea,2098,5248992,19858417,13840760,1748205,3500787,3523870,16334547
South Korea,2099,5247185,19753471,13824318,1741829,3505356,3513006,16240465
South Korea,2100,5238320,19647047,13821767,1731881,3506439,3503024,16144023
South Sudan,1950,1128515,1366408,88006,461583,666932,487682,878726
South Sudan,1951,1135194,1379356,87101,457299,677895,494323,885033
South Sudan,1952,1136372,1402628,86126,444223,692149,504610,898018
South Sudan,1953,1138334,1430049,84714,432863,705471,516279,913770
South Sudan,1954,1143583,1459012,82730,428702,714881,528303,930709
South Sudan,1955,1151735,1489619,80190,433528,718207,540674,948945
South Sudan,1956,1163507,1516921,81116,436706,726801,551337,965584
South Sudan,1957,1179899,1543734,81473,449259,730640,561592,982142
South Sudan,1958,1197902,1572738,81376,467319,730583,572405,1000333
South Sudan,1959,1214924,1606266,80893,486921,728003,584614,1021652
South Sudan,1960,1230350,1644787,80015,505992,724358,598328,1046459
South Sudan,1961,1260308,1669838,80964,534102,726206,606764,1063074
South Sudan,1962,1284748,1703417,81748,551067,733681,618368,1085049
South Sudan,1963,1307064,1742157,82336,560722,746342,631196,1110961
South Sudan,1964,1332270,1781188,82655,569656,762614,642390,1138798
South Sudan,1965,1362780,1818167,82691,583393,779387,650555,1167612
South Sudan,1966,1404222,1845297,84672,599541,804681,653158,1192139
South Sudan,1967,1449063,1872326,86411,615656,833407,654001,1218325
South Sudan,1968,1496031,1900573,87933,632612,863419,654325,1246248
South Sudan,1969,1542222,1932945,89298,649781,892441,656320,1276625
South Sudan,1970,1586139,1971034,90536,667414,918725,661379,1309655
South Sudan,1971,1638653,2002448,93317,687976,950677,665344,1337104
South Sudan,1972,1687367,2041388,96007,703901,983466,672982,1368406
South Sudan,1973,1733440,2086863,98619,717254,1016186,684596,1402267
South Sudan,1974,1778775,2137171,101129,731061,1047714,700485,1436686
South Sudan,1975,1824554,2191353,103531,748160,1076394,720809,1470544
South Sudan,1976,1878999,2238223,107307,768158,1110841,741926,1496297
South Sudan,1977,1931329,2289999,110959,786127,1145202,767953,1522046
South Sudan,1978,1983215,2348054,114557,803959,1179256,798120,1549934
South Sudan,1979,2036725,2414490,118208,823671,1213054,831283,1583207
South Sudan,1980,2093270,2489993,121961,847493,1245777,866555,1623438
South Sudan,1981,2163891,2563222,126814,876319,1287572,900591,1662631
South Sudan,1982,2233570,2646426,131730,901732,1331838,937278,1709148
South Sudan,1983,2299903,2734124,136531,924686,1375217,974716,1759408
South Sudan,1984,2359219,2819418,140972,945705,1413514,1010615,1808803
South Sudan,1985,2407591,2897927,144906,964436,1443155,1043466,1854461
South Sudan,1986,2462276,2953142,150127,989973,1472303,1067165,1885977
South Sudan,1987,2512113,2999698,154267,1016697,1495416,1087152,1912546
South Sudan,1988,2549963,3034178,157094,1040025,1509938,1102110,1932068
South Sudan,1989,2565589,3053493,158416,1052004,1513585,1110801,1942692
South Sudan,1990,2552912,3057375,158194,1047253,1505659,1113121,1944254
South Sudan,1991,2533982,3011774,159622,1048016,1485966,1095825,1915949
South Sudan,1992,2487716,2952890,159208,1026300,1461416,1073590,1879300
South Sudan,1993,2434649,2898377,157889,994359,1440290,1052833,1845544
South Sudan,1994,2406426,2868501,156811,974764,1431662,1040817,1827684
South Sudan,1995,2428362,2874628,156529,989871,1438491,1041662,1832966
South Sudan,1996,2493371,2935631,162112,1008593,1484778,1061866,1873765
South Sudan,1997,2598131,3045436,170439,1042279,1555852,1099310,1946126
South Sudan,1998,2732273,3186997,180653,1090854,1641419,1148201,2038796
South Sudan,1999,2873538,3340657,191669,1144694,1728844,1202055,2138602
South Sudan,2000,3003794,3494078,202784,1194049,1809745,1256895,2237183
South Sudan,2001,3130899,3630366,213177,1239692,1891207,1308185,2322181
South Sudan,2002,3244300,3769494,223482,1274399,1969901,1361709,2407785
South Sudan,2003,3350729,3916741,234172,1302679,2048050,1419441,2497300
South Sudan,2004,3463003,4078789,245863,1334295,2128708,1483857,2594932
South Sudan,2005,3590476,4259454,258947,1378092,2212384,1556299,2703155
South Sudan,2006,3739598,4455534,273020,1427444,2312154,1637363,2818171
South Sudan,2007,3899019,4669606,288175,1483848,2415171,1726262,2943344
South Sudan,2008,4062624,4896268,304244,1545136,2517488,1820133,3076135
South Sudan,2009,4220112,5129532,321023,1604939,2615173,1915410,3214122
South Sudan,2010,4363605,5365231,338356,1657580,2706025,2009518,3355713
South Sudan,2011,4511942,5582619,354296,1717031,2794911,2095381,3487238
South Sudan,2012,4647145,5801005,370108,1766962,2880183,2179566,3621439
South Sudan,2013,4771028,6021072,385390,1808624,2962404,2261827,3759245
South Sudan,2014,4887905,6243550,399516,1845946,3041959,2341874,3901676
South Sudan,2015,5000517,6469323,412296,1882433,3118084,2419704,4049619
South Sudan,2016,5122242,6685064,423424,1925048,3197194,2491132,4193932
South Sudan,2017,5240722,6902209,432783,1966243,3274479,2559838,4342371
South Sudan,2018,5355638,7122046,441369,2006100,3349538,2626716,4495330
South Sudan,2019,5466124,7346571,450489,2044100,3422024,2693100,4653471
South Sudan,2020,5572076,7576981,460950,2080532,3491544,2759823,4817158
South Sudan,2021,5687473,7799692,473263,2122495,3564978,2822403,4977289
South Sudan,2022,5798226,8029828,486404,2159249,3638977,2885941,5143887
South Sudan,2023,5904980,8266640,500354,2192164,3712816,2950586,5316054
South Sudan,2024,6008628,8508828,514984,2223184,3785444,3016455,5492373
South Sudan,2025,6109494,8755664,530319,2254124,3855370,3083647,5672017
South Sudan,2026,6217280,8996076,547949,2287924,3929356,3149041,5847035
South Sudan,2027,6321371,9242937,565959,2318080,4003291,3216547,6026390
South Sudan,2028,6421746,9495965,584522,2345757,4075989,3285711,6210254
South Sudan,2029,6518048,9755107,603819,2371981,4146067,3355875,6399232
South Sudan,2030,6610099,10020235,624033,2397904,4212195,3426584,6593651
South Sudan,2031,6706985,10280571,646751,2425880,4281105,3495355,6785216
South Sudan,2032,6799063,10547995,669850,2450956,4348107,3564964,6983031
South Sudan,2033,6886686,10822269,693417,2474136,4412550,3635417,7186852
South Sudan,2034,6970389,11103116,717465,2496563,4473826,3706790,7396326
South Sudan,2035,7050661,11390131,742099,2519426,4531235,3778989,7611142
South Sudan,2036,7136276,11673053,768825,2544877,4591399,3850068,7822985
South Sudan,2037,7217820,11963201,795604,2568124,4649696,3922069,8041132
South Sudan,2038,7295724,12259668,822727,2590046,4705678,3994328,8265340
South Sudan,2039,7370500,12561378,850508,2611592,4758908,4065915,8495463
South Sudan,2040,7442594,12867381,879230,2633769,4808825,4136139,8731242
South Sudan,2041,7521177,13167154,910096,2659188,4861989,4203853,8963301
South Sudan,2042,7596520,13472039,941392,2682527,4913993,4270407,9201632
South Sudan,2043,7668991,13781443,973226,2704492,4964499,4335579,9445864
South Sudan,2044,7738930,14094923,1005544,2725791,5013139,4399163,9695760
South Sudan,2045,7806607,14411887,1038521,2747239,5059368,4461003,9950884
South Sudan,2046,7881265,14721658,1073413,2771933,5109332,4520525,10201133
South Sudan,2047,7952779,15036018,1108338,2793831,5158948,4578546,10457472
South Sudan,2048,8021450,15353443,1144311,2813733,5207717,4635100,10718343
South Sudan,2049,8087528,15672210,1182583,2832523,5255005,4690293,10981917
South Sudan,2050,8151098,15991120,1224003,2851084,5300014,4744220,11246900
South Sudan,2051,8220501,16300081,1270144,2871919,5348582,4797084,11502997
South Sudan,2052,8286616,16610617,1318341,2890307,5396309,4848942,11761675
South Sudan,2053,8349419,16922250,1368774,2906823,5442596,4899944,12022306
South Sudan,2054,8408752,17234725,1421496,2921988,5486764,4950294,12284431
South Sudan,2055,8464485,17547618,1476746,2936372,5528113,5000093,12547525
South Sudan,2056,8524877,17850872,1536057,2952524,5572353,5050153,12800719
South Sudan,2057,8581049,18156002,1596578,2966278,5614771,5099835,13056167
South Sudan,2058,8633073,18462131,1658877,2978175,5654898,5149071,13313060
South Sudan,2059,8681109,18768289,1723555,2988826,5692283,5197702,13570587
South Sudan,2060,8725258,19073687,1791090,2998814,5726444,5245575,13828112
South Sudan,2061,8773588,19368914,1862606,3010477,5763111,5294103,14074811
South Sudan,2062,8817719,19664813,1935407,3020423,5797296,5341885,14322928
South Sudan,2063,8857720,19961058,2009498,3029006,5828714,5388698,14572360
South Sudan,2064,8893713,20257581,2084620,3036569,5857144,5434199,14823382
South Sudan,2065,8925851,20553950,2160813,3043495,5882356,5478087,15075863
South Sudan,2066,8962718,20840670,2238785,3052557,5910161,5522270,15318400
South Sudan,2067,8995548,21128692,2316179,3059948,5935600,5564781,15563911
South Sudan,2068,9024530,21416631,2394016,3065989,5958541,5605467,15811164
South Sudan,2069,9049943,21702940,2473428,3071058,5978885,5644096,16058844
South Sudan,2070,9072024,21986374,2555267,3075558,5996466,5680486,16305888
South Sudan,2071,9099397,22257546,2640119,3082417,6016980,5716904,16540642
South Sudan,2072,9123206,22527730,2725404,3087546,6035660,5751060,16776670
South Sudan,2073,9143609,22796108,2811645,3091261,6052348,5782967,17013141
South Sudan,2074,9160769,23062061,2899196,3093898,6066871,5812619,17249442
South Sudan,2075,9174791,23324902,2988485,3095818,6078973,5840015,17484887
South Sudan,2076,9193938,23574556,3081193,3099872,6094066,5867616,17706940
South Sudan,2077,9209695,23823107,3173576,3102123,6107572,5893013,17930094
South Sudan,2078,9222118,24069349,3266629,3102851,6119267,5916345,18153004
South Sudan,2079,9231195,24312134,3361324,3102305,6128890,5937777,18374357
South Sudan,2080,9236899,24550506,3458457,3100768,6136131,5957410,18593096
South Sudan,2081,9247029,24774357,3560228,3100939,6146090,5977872,18796485
South Sudan,2082,9253490,24996359,3661925,3099176,6154314,5996629,18999730
South Sudan,2083,9256420,25215427,3764325,3095894,6160526,6013750,19201677
South Sudan,2084,9256021,25430546,3868053,3091618,6164403,6029248,19401298
South Sudan,2085,9252439,25640831,3973702,3086801,6165638,6043119,19597712
South Sudan,2086,9252742,25836966,4083414,3083399,6169343,6058415,19778551
South Sudan,2087,9250095,26030710,4192201,3079349,6170746,6072066,19958644
South Sudan,2088,9244334,26221337,4300901,3074592,6169742,6084122,20137215
South Sudan,2089,9235204,26408416,4410165,3068884,6166320,6094591,20313825
South Sudan,2090,9222662,26591358,4520607,3062145,6160517,6103441,20487917
South Sudan,2091,9214461,26759573,4635040,3057409,6157052,6113443,20646130
South Sudan,2092,9202730,26926681,4747699,3050837,6151893,6121885,20804796
South Sudan,2093,9187831,27091392,4859521,3042845,6144986,6128635,20962757
South Sudan,2094,9170332,27252441,4971223,3034073,6136259,6133447,21118994
South Sudan,2095,9150627,27408765,5083490,3025112,6125515,6136139,21272626
South Sudan,2096,9134734,27550592,5200142,3017563,6117171,6139714,21410878
South Sudan,2097,9116975,27690608,5314235,3009750,6107225,6141186,21549422
South Sudan,2098,9097472,27827584,5426965,3001926,6095546,6140638,21686946
South Sudan,2099,9076058,27960757,5539371,2993979,6082079,6138228,21822529
South Sudan,2100,9052504,28089536,5652408,2985601,6066903,6134080,21955456
South-Central Asia,1950,193374685,298945024,18468414,74460463,118914222,98568462,200376562
South-Central Asia,1951,197754265,302713144,18725987,77779551,119974714,99761928,202951216
South-Central Asia,1952,202484436,306645222,19005499,81357951,121126485,101030688,205614534
South-Central Asia,1953,207187569,311161471,19253280,84605858,122581711,102454214,208707257
South-Central Asia,1954,211875728,316327950,19382702,87441663,124434065,103976333,212351617
South-Central Asia,1955,216745715,321986891,19348364,90144850,126600865,105515355,216471536
South-Central Asia,1956,223446599,325998264,19637405,93917557,129529042,106403647,219594617
South-Central Asia,1957,229753338,331009967,19825506,96270706,133482632,107533614,223476353
South-Central Asia,1958,236069460,336579575,19952044,97863040,138206420,108773945,227805630
South-Central Asia,1959,242691373,342350332,20078976,99374201,143317172,110028660,232321672
South-Central Asia,1960,249682325,348227223,20238903,101350975,148331350,111303414,236923809
South-Central Asia,1961,257172745,353649339,20860043,103157651,154015094,112451382,241197957
South-Central Asia,1962,265032932,359199021,21482391,105363282,159669650,113613708,245585313
South-Central Asia,1963,273001373,365156178,22074346,107912626,165088747,115014864,250141314
South-Central Asia,1964,280637266,371978514,22602323,110507605,170129661,117008680,254969834
South-Central Asia,1965,287724158,379881703,23053827,112990640,174733518,119800896,260080807
South-Central Asia,1966,295463987,387316763,23781844,115857526,179606461,122909271,264407492
South-Central Asia,1967,302487815,395993435,24446748,118083282,184404533,126840055,269153380
South-Central Asia,1968,308986226,405678029,25069614,119892309,189093917,131421976,274256053
South-Central Asia,1969,315283590,415992552,25676129,121666661,193616929,136378040,279614512
South-Central Asia,1970,321550866,426736316,26282887,123732265,197818601,141535974,285200342
South-Central Asia,1971,328507590,436829237,27238853,126143334,202364256,146447517,290381720
South-Central Asia,1972,335333512,447484025,28177321,128362300,206971212,151545109,295938916
South-Central Asia,1973,342079874,458730892,29087500,130544561,211535313,156711843,302019049
South-Central Asia,1974,348752276,470670744,29958135,132824971,215927305,161834712,308836032
South-Central Asia,1975,355384507,483342176,30787259,135399264,219985243,166867986,316474190
South-Central Asia,1976,363205993,495254949,31847724,138612384,224593609,171746309,323508640
South-Central Asia,1977,370783164,508105504,32861410,141471137,229312027,176610908,331494596
South-Central Asia,1978,378274642,521740406,33829828,144196717,234077925,181451264,340289142
South-Central Asia,1979,385883848,535955718,34753307,147082887,238800961,186286676,349669042
South-Central Asia,1980,393727870,550618090,35637562,150399432,243328438,191137807,359480283
South-Central Asia,1981,402904521,564334969,36762200,154346339,248558182,195699915,368635054
South-Central Asia,1982,412198982,578598654,37817931,158194329,254004653,200304361,378294293
South-Central Asia,1983,421552566,593399518,38820015,161947283,259605283,204929790,388469728
South-Central Asia,1984,430799169,608810546,39794457,165506274,265292895,209569796,399240750
South-Central Asia,1985,439814478,624867306,40763209,168871082,270943396,214234185,410633121
South-Central Asia,1986,450139502,639683921,42049334,172812629,277326873,218385353,421298568
South-Central Asia,1987,459812886,655514933,43311729,175590739,284222147,222737818,432777115
South-Central Asia,1988,468900494,672168731,44551503,177496217,291404277,227287175,444881556
South-Central Asia,1989,477477910,689415735,45771141,178935023,298542887,232040189,457375546
South-Central Asia,1990,485525283,707153698,46979973,180283042,305242241,237027825,470125873
South-Central Asia,1991,493833665,724003333,48697633,181613367,312220298,241820318,482183015
South-Central Asia,1992,501439637,741465688,50390521,182388902,319050735,246836634,494629054
South-Central Asia,1993,508331825,759607492,52055276,182834243,325497582,252128634,507478858
South-Central Asia,1994,514473375,778560713,53688623,183163945,331309430,257783827,520776886
South-Central Asia,1995,519855415,798389337,55298570,183571507,336283908,263860671,534528666
South-Central Asia,1996,524984456,818119117,57343533,183965548,341018908,270208864,547910253
South-Central Asia,1997,529456483,838617180,59317057,184494326,344962157,276875502,561741678
South-Central Asia,1998,533252979,859851778,61257760,185114302,348138677,283781771,576070007
South-Central Asia,1999,536372821,881757469,63215149,185705313,350667508,290803626,590953843
South-Central Asia,2000,538855045,904241948,65220043,186204936,352650109,297830139,606411809
South-Central Asia,2001,541693000,925954669,67635411,187145048,354547952,304576682,621377987
South-Central Asia,2002,543743504,948412203,70061748,187532481,356211023,311371913,637040290
South-Central Asia,2003,545169827,971399094,72458337,187540774,357629053,317986161,653412933
South-Central Asia,2004,546250553,994580889,74761305,187496263,358754290,324073482,670507407
South-Central Asia,2005,547184168,1017697420,76948621,187701910,359482258,329399006,688298414
South-Central Asia,2006,549194366,1039179841,79315723,188478930,360715436,333526479,705653362
South-Central Asia,2007,551151937,1060493439,81550559,189188677,361963260,336850290,723643149
South-Central Asia,2008,553012342,1081721790,83695244,189817649,363194693,339530928,742190862
South-Central Asia,2009,554572357,1103137468,85802658,190181342,364391015,341853971,761283497
South-Central Asia,2010,555695367,1124909078,87926297,190188773,365506594,344026914,780882164
South-Central Asia,2011,556971065,1145978260,90553086,190414083,366556982,345878497,800099763
South-Central Asia,2012,557494383,1167723405,93169839,189625664,367868719,347593621,820129784
South-Central Asia,2013,557509034,1189756818,95877100,188213230,369295804,349181222,840575596
South-Central Asia,2014,557403506,1211491647,98807238,186808383,370595123,350633724,860857923
South-Central Asia,2015,557367995,1232591534,102053947,185857044,371510951,351977229,880614305
South-Central Asia,2016,557034270,1253002126,106017998,184552494,372481776,353378355,899623771
South-Central Asia,2017,557134010,1272516826,110173396,184276810,372857200,354611022,917905804
South-Central Asia,2018,557299674,1291516405,114498507,184666756,372632918,355797337,935719068
South-Central Asia,2019,556966166,1310597893,118957948,185045558,371920608,357089801,953508092
South-Central Asia,2020,555883802,1330007179,123546048,184967672,370916130,358548796,971458383
South-Central Asia,2021,555413128,1348175509,128458498,185525002,369888126,359965658,988209851
South-Central Asia,2022,553949986,1366947507,133427824,185036438,368913548,361602738,1005344769
South-Central Asia,2023,551845623,1385891333,138493421,183801155,368044468,363270387,1022620946
South-Central Asia,2024,549685722,1404336174,143690678,182403697,367282025,364665990,1039670184
South-Central Asia,2025,547749996,1421925338,149056662,181266733,366483263,365624780,1056300558
South-Central Asia,2026,546030400,1438405497,154829935,180096889,365933511,366327752,1072077745
South-Central Asia,2027,544539312,1454134191,160632363,179162583,365376729,366587952,1087546239
South-Central Asia,2028,543106189,1469264752,166474661,178417748,364688441,366481897,1102782855
South-Central Asia,2029,541383817,1484140796,172360263,177645785,363738032,366146005,1117994791
South-Central Asia,2030,539200627,1498914457,178306636,176715896,362484731,365665847,1133248610
South-Central Asia,2031,537233223,1512708665,184506868,175963157,361270066,365063192,1147645473
South-Central Asia,2032,534873426,1526426355,190655156,175018163,359855263,364257339,1162169016
South-Central Asia,2033,532181886,1539948102,196801940,173918319,358263567,363337254,1176610848
South-Central Asia,2034,529308859,1553075294,202987331,172772144,356536715,362411842,1190663452
South-Central Asia,2035,526341076,1565668183,209258847,171661705,354679371,361550782,1204117401
South-Central Asia,2036,523720322,1577104741,215790113,170742067,352978255,360855442,1216249299
South-Central Asia,2037,520983107,1588146424,222284013,169759097,351224010,360234344,1227912080
South-Central Asia,2038,518140603,1598708423,228825608,168743923,349396680,359603827,1239104596
South-Central Asia,2039,515190986,1608719343,235505008,167717742,347473244,358815776,1249903567
South-Central Asia,2040,512141226,1618104446,242401804,166709109,345432117,357780921,1260323525
South-Central Asia,2041,509455702,1626159349,249758381,165896180,343559522,356621459,1269537890
South-Central Asia,2042,506702390,1633725263,257160226,165040645,341661745,355216555,1278508708
South-Central Asia,2043,503879046,1640676003,264730476,164150371,339728675,353621910,1287054093
South-Central Asia,2044,500981385,1646862795,272613903,163230320,337751065,351923658,1294939137
South-Central Asia,2045,498007563,1652181338,280909705,162294546,335713017,350180458,1302000880
South-Central Asia,2046,495439037,1655935961,289830321,161564724,333874313,348482554,1307453407
South-Central Asia,2047,492777369,1659066460,298933426,160710115,332067254,346722257,1312344203
South-Central Asia,2048,490031093,1661564280,308213573,159759934,330271159,344908823,1316655457
South-Central Asia,2049,487206969,1663452315,317634907,158749302,328457667,343039408,1320412907
South-Central Asia,2050,484299113,1664741389,327187418,157711392,326587721,341118104,1323623285
South-Central Asia,2051,481707521,1664843741,337058262,156805206,324902315,339284395,1325559346
South-Central Asia,2052,479019166,1664583299,346835820,155800511,323218655,337401561,1327181738
South-Central Asia,2053,476226501,1663979928,356503120,154723415,321503086,335490084,1328489844
South-Central Asia,2054,473318012,1663097091,366003016,153599743,319718269,333570275,1329526816
South-Central Asia,2055,470282895,1661959767,375318818,152453454,317829441,331657338,1330302429
South-Central Asia,2056,467479674,1660091140,384569644,151403961,316075713,329898089,1330193051
South-Central Asia,2057,464575680,1658195916,393388664,150323708,314251972,328131360,1330064556
South-Central Asia,2058,461562451,1656182869,401883502,149221872,312340579,326364311,1329818558
South-Central Asia,2059,458438614,1653940773,410177343,148108060,310330554,324595269,1329345504
South-Central Asia,2060,455207643,1651375674,418370976,146993872,308213771,322820744,1328554930
South-Central Asia,2061,452249345,1648089993,426490875,146020158,306229187,321191213,1326898780
South-Central Asia,2062,449222046,1644719464,434250371,145035711,304186335,319543826,1325175638
South-Central Asia,2063,446125273,1641179397,441742660,144043102,302082171,317866859,1323312538
South-Central Asia,2064,442966296,1637389547,449048775,143046129,299920167,316135592,1321253955
South-Central Asia,2065,439753210,1633273249,456247126,142053744,297699466,314333829,1318939420
South-Central Asia,2066,436885490,1628457309,463321456,141238139,295647351,312610452,1315846857
South-Central Asia,2067,433981465,1623586522,470022692,140373970,293607495,310811505,1312775017
South-Central Asia,2068,431050447,1618524426,476497065,139477186,291573261,308938756,1309585670
South-Central Asia,2069,428105931,1613126593,482897459,138569656,289536275,306992596,1306133997
South-Central Asia,2070,425153469,1607301904,489329336,137672888,287480581,304976985,1302324919
South-Central Asia,2071,422516305,1600671194,495864224,136918822,285597483,303024489,1297646705
South-Central Asia,2072,419888016,1593877988,502177511,136129713,283758303,301001158,1292876830
South-Central Asia,2073,417261910,1586962572,508248655,135315453,281946457,298927192,1288035380
South-Central Asia,2074,414623258,1580033333,513996126,134482649,280140609,296825942,1283207391
South-Central Asia,2075,411956327,1573126795,519411868,133639980,278316347,294713925,1278412870
South-Central Asia,2076,409538094,1565802599,524672927,132903854,276634240,292704777,1273097822
South-Central Asia,2077,407110981,1558779224,529333846,132124940,274986041,290692629,1268086595
South-Central Asia,2078,404666896,1551885248,533590669,131313886,273353010,288689426,1263195822
South-Central Asia,2079,402196354,1544900310,537690743,130483292,271713062,286702647,1258197663
South-Central Asia,2080,399684587,1537664152,541825409,129643790,270040797,284735684,1252928468
South-Central Asia,2081,397360928,1529820462,546134880,128882515,268478413,282896399,1246924063
South-Central Asia,2082,395029181,1522049005,550147980,128103907,266925274,281087911,1240961094
South-Central Asia,2083,392669871,1514296985,553951221,127307515,265362356,279308040,1234988945
South-Central Asia,2084,390261071,1506545915,557599023,126488936,263772135,277548177,1228997738
South-Central Asia,2085,387784392,1498756622,561161879,125647257,262137135,275800483,1222956139
South-Central Asia,2086,385482638,1490614953,564724747,124886321,260596317,274170010,1216444943
South-Central Asia,2087,383142217,1482715429,567916863,124087236,259054981,272560283,1210155146
South-Central Asia,2088,380755489,1474938813,570870040,123259902,257495587,270961468,1203977345
South-Central Asia,2089,378324265,1467171572,573698459,122421771,255902494,269359017,1197812555
South-Central Asia,2090,375847028,1459328211,576494030,121587393,254259635,267742924,1191585287
South-Central Asia,2091,373542252,1451266629,579189506,120829061,252713191,266233575,1185033054
South-Central Asia,2092,371237244,1443394840,581562335,120083120,251154124,264713156,1178681684
South-Central Asia,2093,368918593,1435627871,583725971,119346989,249571604,263178834,1172449037
South-Central Asia,2094,366570860,1427890819,585786238,118612653,247958207,261625368,1166265451
South-Central Asia,2095,364181469,1420111440,587842540,117873750,246307719,260047319,1160064121
South-Central Asia,2096,362003563,1412181466,589763233,117240901,244762662,258558490,1153622976
South-Central Asia,2097,359822905,1404464948,591409929,116592514,243230391,257052541,1147412407
South-Central Asia,2098,357634407,1396858387,592900728,115930382,241704025,255524937,1141333450
South-Central Asia,2099,355445402,1389255692,594342221,115269480,240175922,253967097,1135288595
South-Central Asia,2100,353264861,1381555143,595833160,114633047,238631814,252370555,1129184588
South-Eastern Asia,1950,63508735,94801807,6214078,24378671,39130064,32102775,62699032
South-Eastern Asia,1951,65224768,96706197,6372153,25613140,39611628,32779195,63927002
South-Eastern Asia,1952,67171234,98670796,6512402,27039833,40131401,33446900,65223896
South-Eastern Asia,1953,69183983,100838314,6645607,28415404,40768579,34137687,66700627
South-Eastern Asia,1954,71275207,103185621,6772213,29726974,41548233,34823482,68362139
South-Eastern Asia,1955,73521544,105628586,6889320,31063793,42457751,35467975,70160611
South-Eastern Asia,1956,76492291,107527697,7056799,32823354,43668937,35886152,71641545
South-Eastern Asia,1957,79417821,109694549,7222568,34151439,45266382,36338049,73356500
South-Eastern Asia,1958,82420309,112002772,7380749,35230184,47190125,36794229,75208543
South-Eastern Asia,1959,85577411,114368522,7527642,36234095,49343316,37244858,77123664
South-Eastern Asia,1960,88890639,116779617,7664364,37308571,51582068,37706442,79073175
South-Eastern Asia,1961,92474503,119020340,7882815,38355860,54118643,38130193,80890147
South-Eastern Asia,1962,96152571,121352682,8088730,39380130,56772441,38589568,82763114
South-Eastern Asia,1963,99852970,123833976,8288367,40405460,59447510,39158370,84675606
South-Eastern Asia,1964,103454465,126568301,8491007,41408370,62046095,39949269,86619032
South-Eastern Asia,1965,106886803,129612481,8702301,42384251,64502552,41032031,88580450
South-Eastern Asia,1966,110377825,132644496,9004408,43372286,67005539,42304765,90339731
South-Eastern Asia,1967,113686915,135988140,9305362,44295364,69391551,43856423,92131717
South-Eastern Asia,1968,116816826,139638475,9606200,45162146,71654680,45668791,93969684
South-Eastern Asia,1969,119798288,143566057,9907210,45994012,73804276,47700814,95865243
South-Eastern Asia,1970,122652977,147745155,10209260,46818069,75834908,49916174,97828981
South-Eastern Asia,1971,125655252,151886821,10536796,47738301,77916951,52273077,99613744
South-Eastern Asia,1972,128472964,156348272,10851638,48518405,79954559,54821819,101526453
South-Eastern Asia,1973,131113847,161068958,11154510,49190858,81922989,57469152,103599806
South-Eastern Asia,1974,133576402,165981326,11445865,49784839,83791563,60090970,105890356
South-Eastern Asia,1975,135853459,171048219,11726816,50331824,85521635,62607925,108440294
South-Eastern Asia,1976,138183178,175836972,12157477,50913265,87269913,64873790,110963182
South-Eastern Asia,1977,140308361,180793037,12577442,51344002,88964359,67036771,113756266
South-Eastern Asia,1978,142291410,185951650,12984037,51698253,90593157,69124370,116827280
South-Eastern Asia,1979,144223995,191360146,13371636,52086861,92137134,71188177,120171969
South-Eastern Asia,1980,146173998,197043405,13739067,52605257,93568741,73260888,123782517
South-Eastern Asia,1981,148162767,202920672,14172259,53158559,95004208,75263162,127657510
South-Eastern Asia,1982,150197912,209031471,14580767,53836976,96360936,77225725,131805746
South-Eastern Asia,1983,152218614,215360292,14975874,54582155,97636459,79156917,136203375
South-Eastern Asia,1984,154118150,221901859,15372499,55271635,98846515,81071638,140830221
South-Eastern Asia,1985,155828777,228635899,15781116,55826329,100002448,82975126,145660773
South-Eastern Asia,1986,157670931,235159880,16265456,56507027,101163904,84711719,150448161
South-Eastern Asia,1987,159214347,241971280,16758598,56792856,102421491,86468142,155503138
South-Eastern Asia,1988,160529467,248959498,17262845,56800203,103729264,88199965,160759533
South-Eastern Asia,1989,161735805,255964342,17779066,56728861,105006944,89835321,166129021
South-Eastern Asia,1990,162890026,262895335,18311290,56734494,106155532,91339980,171555355
South-Eastern Asia,1991,164087235,269540082,18952938,56689148,107398087,92690584,176849498
South-Eastern Asia,1992,165280756,276057906,19588123,56780793,108499963,93912468,182145438
South-Eastern Asia,1993,166375930,282550672,20227736,56946242,109429688,95077619,187473053
South-Eastern Asia,1994,167205217,289199991,20889474,57016380,110188837,96288513,192911478
South-Eastern Asia,1995,167674829,296109831,21585959,56872968,110801861,97602573,198507258
South-Eastern Asia,1996,168050315,302934620,22401026,56779248,111271067,98679682,204254938
South-Eastern Asia,1997,168001659,310088645,23240182,56318386,111683273,99859283,210229362
South-Eastern Asia,1998,167622175,317479729,24095272,55619985,112002190,101125114,216354615
South-Eastern Asia,1999,167142315,324885548,24947191,54961357,112180958,102396709,222488839
South-Eastern Asia,2000,166743054,332130584,25783479,54581667,112161387,103606792,228523792
South-Eastern Asia,2001,166845768,338825368,26579291,54392208,112453560,104671539,234153829
South-Eastern Asia,2002,167197025,345270763,27294924,54540869,112656156,105558912,239711851
South-Eastern Asia,2003,167695729,351565995,27927971,54954525,112741204,106301013,245264982
South-Eastern Asia,2004,168149920,357883207,28491983,55409262,112740658,106966650,250916557
South-Eastern Asia,2005,168445542,364311596,29013060,55716603,112728939,107632014,256679582
South-Eastern Asia,2006,168215288,370899649,29796122,56051248,112164040,108239202,262660447
South-Eastern Asia,2007,167861542,377565706,30536864,56191096,111670446,108720771,268844935
South-Eastern Asia,2008,167465910,384297102,31233680,56188334,111277576,109057134,275239968
South-Eastern Asia,2009,167232575,390972625,31893059,56203167,111029408,109235237,281737388
South-Eastern Asia,2010,167288954,397503149,32535668,56351748,110937206,109295856,288207293
South-Eastern Asia,2011,167491001,403813465,33408844,56462999,111028002,109689505,294123960
South-Eastern Asia,2012,167983353,409936129,34302723,56788744,111194609,110041002,299895127
South-Eastern Asia,2013,168633773,415883872,35259528,57232475,111401298,110337015,305546857
South-Eastern Asia,2014,169215216,421717958,36334124,57605128,111610088,110561505,311156453
South-Eastern Asia,2015,169596732,427451476,37561638,57783744,111812988,110700249,316751227
South-Eastern Asia,2016,170072525,432684714,39018558,58063589,112008936,110589293,322095421
South-Eastern Asia,2017,170272747,437907957,40599336,57966141,112306606,110386035,327521922
South-Eastern Asia,2018,170289399,443038513,42308664,57607442,112681957,110140864,332897649
South-Eastern Asia,2019,170285909,447940341,44149044,57199954,113085955,109922628,338017713
South-Eastern Asia,2020,170336416,452552300,46127581,56891624,113444792,109783507,342768793
South-Eastern Asia,2021,170269300,456926660,48360478,56447133,113822167,109787265,347139395
South-Eastern Asia,2022,170321656,460974664,50681848,56244956,114076700,109844278,351130386
South-Eastern Asia,2023,170383944,464803288,53083636,56206247,114177697,109966118,354837170
South-Eastern Asia,2024,170286367,468580940,55553405,56167639,114118728,110156859,358424081
South-Eastern Asia,2025,169951883,472378499,58086429,56017939,113933944,110409008,361969491
South-Eastern Asia,2026,169686117,475856276,60712074,55969932,113716185,110714174,365142102
South-Eastern Asia,2027,169177914,479401480,63353335,55764719,113413195,111079351,368322129
South-Eastern Asia,2028,168493069,482933839,66022222,55440554,113052515,111472547,371461292
South-Eastern Asia,2029,167758203,486313868,68730203,55093251,112664952,111838924,374474944
South-Eastern Asia,2030,167040972,489460742,71489305,54790570,112250402,112141912,377318830
South-Eastern Asia,2031,166424256,492285018,74304114,54531601,111892655,112422737,379862281
South-Eastern Asia,2032,165823828,494938953,77105067,54298131,111525697,112632477,382306476
South-Eastern Asia,2033,165224226,497429675,79901099,54089899,111134327,112757955,384671720
South-Eastern Asia,2034,164583487,499790778,82701961,53883353,110700134,112783733,387007045
South-Eastern Asia,2035,163883450,502032747,85516674,53667047,110216403,112700625,389332122
South-Eastern Asia,2036,163306051,504004578,88314121,53519974,109786077,112542799,391461779
South-Eastern Asia,2037,162692326,505885789,91073872,53353798,109338528,112261886,393623903
South-Eastern Asia,2038,162047296,507677039,93792467,53170876,108876420,111893769,395783270
South-Eastern Asia,2039,161384783,509382860,96454432,52980147,108404636,111490242,397892618
South-Eastern Asia,2040,160713015,510998494,99058432,52790029,107922986,111085348,399913146
South-Eastern Asia,2041,160183628,512368455,101609972,52668699,107514929,110707999,401660456
South-Eastern Asia,2042,159638632,513712487,104047456,52514809,107123823,110329816,403382671
South-Eastern Asia,2043,159079364,514973532,106425722,52336675,106742689,109946386,405027146
South-Eastern Asia,2044,158504809,516077159,108818525,52143206,106361603,109541311,406535848
South-Eastern Asia,2045,157911826,516976293,111275248,51943024,105968802,109105705,407870588
South-Eastern Asia,2046,157422793,517518930,113826181,51784696,105638097,108675084,408843846
South-Eastern Asia,2047,156916926,517923697,116375517,51602935,105313991,108221020,409702677
South-Eastern Asia,2048,156388748,518223756,118897883,51401670,104987078,107757419,410466337
South-Eastern Asia,2049,155829977,518474469,121349176,51183149,104646828,107299958,411174511
South-Eastern Asia,2050,155233119,518696332,123719171,50950123,104282996,106857793,411838539
South-Eastern Asia,2051,154704111,518708496,126085065,50745677,103958434,106453446,412255050
South-Eastern Asia,2052,154142904,518766686,128292763,50519205,103623699,106062402,412704284
South-Eastern Asia,2053,153544465,518805887,130413504,50273873,103270592,105686091,413119796
South-Eastern Asia,2054,152905244,518732873,132544962,50013506,102891738,105320761,413412112
South-Eastern Asia,2055,152221657,518486702,134753241,49741700,102479957,104962230,413524472
South-Eastern Asia,2056,151592706,517914686,137094329,49496619,102096087,104634161,413280525
South-Eastern Asia,2057,150930867,517258158,139417791,49238209,101692658,104312076,412946082
South-Eastern Asia,2058,150232359,516554466,141694046,48968797,101263562,103993292,412561174
South-Eastern Asia,2059,149496368,515872269,143859832,48691489,100804879,103670884,412201385
South-Eastern Asia,2060,148723069,515242766,145888215,48409758,100313311,103338726,411904040
South-Eastern Asia,2061,148011022,514496039,147853869,48161903,99849119,103019195,411476844
South-Eastern Asia,2062,147276922,513868974,149606366,47908107,99368815,102686985,411181989
South-Eastern Asia,2063,146519086,513303475,151209830,47649970,98869116,102341271,410962204
South-Eastern Asia,2064,145738510,512719598,152747677,47389962,98348548,101978798,410740800
South-Eastern Asia,2065,144936575,512058012,154282082,47131240,97805335,101596092,410461920
South-Eastern Asia,2066,144213245,511178705,155856593,46915236,97298009,101215854,409962851
South-Eastern Asia,2067,143482905,510304770,157336846,46693789,96789116,100814355,409490415
South-Eastern Asia,2068,142744090,509415696,158748250,46468178,96275912,100393090,409022606
South-Eastern Asia,2069,141995436,508494207,160112605,46239631,95755805,99951676,408542531
South-Eastern Asia,2070,141235072,507514110,161461097,46010355,95224717,99488851,408025259
South-Eastern Asia,2071,140564628,506347577,162823135,45825318,94739310,99030403,407317174
South-Eastern Asia,2072,139891830,505202072,164086375,45626362,94265468,98553340,406648732
South-Eastern Asia,2073,139214174,504021932,165311150,45416814,93797360,98060687,405961245
South-Eastern Asia,2074,138530041,502744989,166563088,45201303,93328738,97555301,405189688
South-Eastern Asia,2075,137836833,501329345,167888711,44984348,92852485,97039051,404290294
South-Eastern Asia,2076,137222678,499682491,169295120,44801208,92421470,96539720,403142771
South-Eastern Asia,2077,136609814,497986878,170680648,44609080,92000734,96033825,401953053
South-Eastern Asia,2078,135993065,496253489,172042026,44409358,91583707,95526051,400727438
South-Eastern Asia,2079,135365117,494507737,173363773,44202332,91162785,95019512,399488225
South-Eastern Asia,2080,134718464,492751487,174654223,43988625,90729839,94514533,398236954
South-Eastern Asia,2081,134138892,490905983,175908799,43803317,90335575,94038871,396867112
South-Eastern Asia,2082,133552648,489139209,177036232,43607192,89945456,93570156,395569053
South-Eastern Asia,2083,132952765,487408922,178089561,43400836,89551929,93108008,394300914
South-Eastern Asia,2084,132334308,485669979,179122971,43185574,89148734,92650705,393019274
South-Eastern Asia,2085,131693010,483889287,180177549,42963072,88729938,92196407,391692880
South-Eastern Asia,2086,131106908,482011615,181233475,42764336,88342572,91771281,390240334
South-Eastern Asia,2087,130511153,480189317,182205418,42556696,87954457,91354042,388835275
South-Eastern Asia,2088,129902909,478406593,183113944,42342121,87560788,90944456,387462137
South-Eastern Asia,2089,129277009,476637317,183991895,42122002,87155007,90537458,386099859
South-Eastern Asia,2090,128625193,474841430,184889306,41896591,86728602,90125663,384715767
South-Eastern Asia,2091,128031121,473011505,185732029,41696521,86334600,89742273,383269232
South-Eastern Asia,2092,127431194,471252669,186480923,41494259,85936935,89360196,381892473
South-Eastern Asia,2093,126815152,469514960,187198744,41287905,85527247,88974280,380540680
South-Eastern Asia,2094,126176795,467759042,187933560,41076271,85100524,88580081,379178961
South-Eastern Asia,2095,125514451,465961956,188712255,40859674,84654777,88175543,377786413
South-Eastern Asia,2096,124926648,464173319,189388748,40676843,84249805,87801776,376371543
South-Eastern Asia,2097,124328210,462419568,190023579,40487567,83840643,87420158,374999410
South-Eastern Asia,2098,123718236,460676762,190642975,40292976,83425260,87030773,373645989
South-Eastern Asia,2099,123098615,458919701,191271474,40096354,83002261,86632366,372287335
South-Eastern Asia,2100,122470326,457118797,191938543,39902156,82568170,86222149,370896648
Southern Africa,1950,5985327,8914284,633570,2330163,3655164,2893051,6021233
Southern Africa,1951,6181006,9070277,645727,2437572,3743434,2939031,6131246
Southern Africa,1952,6403208,9214102,656039,2577112,3826096,2980312,6233790
Southern Africa,1953,6622315,9374133,665828,2709172,3913143,3026795,6347338
Southern Africa,1954,6829919,9559413,674711,2822234,4007685,3082594,6476819
Southern Africa,1955,7031146,9766004,681965,2921152,4109994,3147539,6618465
Southern Africa,1956,7287352,9924347,696531,3061697,4225655,3199212,6725135
Southern Africa,1957,7517239,10124348,710639,3142871,4374368,3267238,6857110
Southern Africa,1958,7741384,10346976,723840,3191695,4549689,3344549,7002427
Southern Africa,1959,7978195,10575004,736130,3236537,4741658,3423936,7151068
Southern Africa,1960,8233899,10803010,747807,3299067,4934832,3503223,7299787
Southern Africa,1961,8490750,11039696,768668,3346680,5144070,3584841,7454855
Southern Africa,1962,8771264,11273380,788264,3421574,5349690,3664014,7609366
Southern Africa,1963,9062858,11516351,806624,3517964,5544894,3747789,7768562
Southern Africa,1964,9344141,11789367,823839,3618387,5725754,3847767,7941600
Southern Africa,1965,9604655,12102587,840003,3711620,5893035,3970582,8132005
Southern Africa,1966,9873629,12419935,861218,3816432,6057197,4106072,8313863
Southern Africa,1967,10118942,12780412,881134,3901985,6216957,4262538,8517874
Southern Africa,1968,10350772,13175344,900834,3976009,6374763,4435837,8739507
Southern Africa,1969,10587546,13588499,921472,4055298,6532248,4618670,8969829
Southern Africa,1970,10840253,14010186,943772,4153553,6686700,4806314,9203872
Southern Africa,1971,11132889,14413909,971869,4269777,6863112,5000384,9413525
Southern Africa,1972,11438937,14831073,998973,4394349,7044588,5200111,9630962
Southern Africa,1973,11754082,15261026,1024273,4525578,7228504,5399681,9861345
Southern Africa,1974,12067998,15706944,1046909,4655719,7412279,5592319,10114625
Southern Africa,1975,12374125,16170019,1066599,4780551,7593574,5774200,10395819
Southern Africa,1976,12719903,16588462,1094279,4927104,7792799,5937607,10650855
Southern Africa,1977,13050588,17030660,1118085,5046515,8004073,6093719,10936941
Southern Africa,1978,13373528,17494591,1138785,5147598,8225930,6246193,11248398
Southern Africa,1979,13700020,17976884,1157544,5245318,8454702,6401005,11575879
Southern Africa,1980,14035618,18477001,1175172,5351845,8683773,6562802,11914199
Southern Africa,1981,14388657,18973800,1208124,5462241,8926416,6726671,12247129
Southern Africa,1982,14749112,19490997,1238988,5575075,9174037,6896333,12594664
Southern Africa,1983,15107280,20028857,1266950,5686440,9420840,7072372,12956485
Southern Africa,1984,15447124,20590079,1290993,5786352,9660772,7255746,13334333
Southern Africa,1985,15758422,21175600,1310819,5869083,9889339,7447113,13728487
Southern Africa,1986,16068173,21728615,1348137,5955192,10112981,7635360,14093255
Southern Africa,1987,16341181,22309947,1381592,6007483,10333698,7833941,14476006
Southern Africa,1988,16588417,22924827,1412570,6035767,10552650,8044418,14880409
Southern Africa,1989,16825658,23580616,1442870,6054602,10771056,8268761,15311855
Southern Africa,1990,17060459,24284101,1473880,6074338,10986121,8508605,15775496
Southern Africa,1991,17243859,25066937,1529670,6068391,11175468,8764459,16302478
Southern Africa,1992,17419271,25895699,1587964,6063457,11355814,9027110,16868589
Southern Africa,1993,17575871,26754966,1648387,6058810,11517061,9289269,17465697
Southern Africa,1994,17698797,27623214,1710261,6052135,11646662,9541974,18081240
Southern Africa,1995,17779400,28482044,1773325,6042259,11737141,9778480,18703564
Southern Africa,1996,17894711,29242988,1840407,6044914,11849797,10019104,19223884
Southern Africa,1997,17975124,29989767,1903210,6055253,11919871,10248860,19740907
Southern Africa,1998,18022077,30725620,1961913,6069418,11952659,10466786,20258834
Southern Africa,1999,18039269,31456613,2016953,6081309,11957960,10672076,20784537
Southern Africa,2000,18031562,32185513,2069004,6087139,11944423,10863039,21322474
Southern Africa,2001,18096018,32800554,2135847,6127072,11968946,11039533,21761021
Southern Africa,2002,18131424,33421476,2198615,6146491,11984933,11213699,22207777
Southern Africa,2003,18145749,34041628,2257713,6152270,11993479,11378980,22662648
Southern Africa,2004,18150601,34650504,2313629,6156074,11994527,11525393,23125111
Southern Africa,2005,18154236,35242831,2366983,6168164,11986072,11646305,23596526
Southern Africa,2006,18189741,35763804,2437185,6197916,11991825,11731169,24032635
Southern Africa,2007,18226112,36271933,2504186,6225930,12000182,11793745,24478188
Southern Africa,2008,18272503,36783126,2568053,6257892,12014611,11840236,24942890
Southern Africa,2009,18338715,37320190,2628719,6300644,12038071,11882019,25438171
Southern Africa,2010,18432710,37896415,2686968,6361128,12071582,11926072,25970343
Southern Africa,2011,18535885,38518301,2765714,6428558,12107327,11942396,26575905
Southern Africa,2012,18666241,39179604,2843703,6506254,12159987,11962665,27216939
Southern Africa,2013,18814275,39862281,2924684,6587786,12226489,11984420,27877861
Southern Africa,2014,18962473,40543781,3013764,6659765,12302708,12006285,28537496
Southern Africa,2015,19097613,41208257,3113769,6712733,12384880,12026797,29181460
Southern Africa,2016,19255668,41804696,3232001,6773698,12481970,12023880,29780816
Southern Africa,2017,19387768,42399986,3355450,6790422,12597346,12025922,30374064
Southern Africa,2018,19500986,42991823,3481009,6775929,12725057,12032025,30959798
Southern Africa,2019,19606020,43579503,3604302,6751102,12854918,12041413,31538090
Southern Africa,2020,19706085,44165550,3723409,6730222,12975863,12055225,32110325
Southern Africa,2021,19789679,44733542,3864918,6686171,13103508,12084310,32649232
Southern Africa,2022,19874180,45291539,3999795,6665737,13208443,12118444,33173095
Southern Africa,2023,19947628,45849518,4129234,6660666,13286962,12162656,33686862
Southern Africa,2024,19993401,46421664,4254982,6654695,13338706,12224091,34197573
Southern Africa,2025,20004469,47013485,4378274,6636284,13368185,12305616,34707869
Southern Africa,2026,20011897,47570949,4521623,6622994,13388903,12402934,35168015
Southern Africa,2027,19986629,48148769,4659974,6599355,13387274,12520987,35627782
Southern Africa,2028,19935502,48741377,4794012,6567359,13368143,12651487,36089890
Southern Africa,2029,19872546,49337170,4924043,6534512,13338034,12781014,36556156
Southern Africa,2030,19806672,49928493,5050872,6506281,13300391,12900118,37028375
Southern Africa,2031,19750913,50479159,5198436,6485816,13265097,13009513,37469646
Southern Africa,2032,19692059,51027999,5341062,6466147,13225912,13109118,37918881
Southern Africa,2033,19631325,51572818,5480128,6448204,13183121,13194610,38378208
Southern Africa,2034,19567907,52113151,5617075,6431469,13136438,13261398,38851753
Southern Africa,2035,19502009,52647526,5753368,6416220,13085789,13306510,39341016
Southern Africa,2036,19450772,53134122,5913924,6409290,13041482,13329557,39804565
Southern Africa,2037,19398893,53615225,6071945,6400561,12998332,13329947,40285278
Southern Africa,2038,19347170,54088709,6228610,6390542,12956628,13312382,40776327
Southern Africa,2039,19296004,54552716,6385145,6379845,12916159,13284848,41267868
Southern Africa,2040,19245447,55005145,6543285,6369208,12876239,13252710,41752435
Southern Africa,2041,19210288,55404284,6729922,6364764,12845524,13217067,42187217
Southern Africa,2042,19174327,55796877,6914313,6355883,12818444,13178370,42618507
Southern Africa,2043,19137467,56177150,7101679,6343431,12794036,13137158,43039992
Southern Africa,2044,19098866,56538001,7299141,6328197,12770669,13093616,43444385
Southern Africa,2045,19057461,56875221,7511323,6310899,12746562,13048185,43827036
Southern Africa,2046,19024614,57149624,7765690,6295075,12729539,13004756,44144868
Southern Africa,2047,18987654,57408327,8027665,6275248,12712406,12962253,44446074
Southern Africa,2048,18946120,57652753,8296113,6252225,12693895,12921328,44731425
Southern Africa,2049,18899250,57884890,8569671,6226803,12672447,12882614,45002276
Southern Africa,2050,18846299,58105502,8848190,6199537,12646762,12846416,45259086
Southern Africa,2051,18796280,58275683,9161406,6171774,12624506,12816545,45459138
Southern Africa,2052,18740797,58439524,9473456,6143615,12597182,12790150,45649374
Southern Africa,2053,18679019,58599677,9782271,6114725,12564294,12766438,45833239
Southern Africa,2054,18610201,58760099,10084399,6084455,12525746,12744196,46015903
Southern Africa,2055,18534170,58922338,10378354,6052380,12481790,12722352,46199986
Southern Africa,2056,18463003,59047904,10690377,6022447,12440556,12704888,46343016
Southern Africa,2057,18385204,59180392,10988432,5991039,12394165,12688318,46492074
Southern Africa,2058,18301524,59317480,11274266,5958606,12342918,12671094,46646386
Southern Africa,2059,18213442,59456262,11549620,5926103,12287339,12651185,46805077
Southern Africa,2060,18122033,59594030,11816342,5894239,12227794,12627050,46966980
Southern Africa,2061,18039001,59698340,12095291,5866078,12172923,12603778,47094562
Southern Africa,2062,17953917,59806173,12359844,5838911,12115006,12576529,47229644
Southern Africa,2063,17866893,59915425,12612076,5812494,12054399,12544770,47370655
Southern Africa,2064,17777816,60024530,12853701,5786325,11991491,12508125,47516405
Southern Africa,2065,17686864,60131045,13087023,5760194,11926670,12466246,47664799
Southern Africa,2066,17608611,60203999,13328565,5739680,11868931,12424837,47779162
Southern Africa,2067,17528872,60279321,13556613,5717733,11811139,12378895,47900426
Southern Africa,2068,17448135,60351687,13775982,5694670,11753465,12328517,48023170
Southern Africa,2069,17366734,60415157,13992143,5670893,11695841,12274070,48141087
Southern Africa,2070,17284673,60464954,14209838,5646793,11637880,12215874,48249080
Southern Africa,2071,17215068,60473351,14443742,5626974,11588094,12160404,48312947
Southern Africa,2072,17144529,60476592,14671144,5605244,11539285,12102434,48374158
Southern Africa,2073,17073063,60469001,14898010,5582107,11490956,12042271,48426730
Southern Africa,2074,17000514,60444137,15131236,5558160,11442354,11980469,48463668
Southern Africa,2075,16926551,60397848,15375652,5533860,11392691,11917458,48480390
Southern Africa,2076,16861786,60304009,15646923,5511929,11349857,11859713,48444296
Southern Africa,2077,16796351,60197846,15919785,5490002,11306349,11801944,48395902
Southern Africa,2078,16729519,60082046,16192382,5467731,11261788,11744376,48337670
Southern Africa,2079,16660098,59961356,16461190,5444357,11215741,11687227,48274129
Southern Africa,2080,16587096,59837389,16725688,5419284,11167812,11630445,48206944
Southern Africa,2081,16522469,59684037,17000162,5396881,11125588,11580104,48103933
Southern Africa,2082,16454654,59537304,17260381,5372442,11082212,11531425,48005879
Southern Africa,2083,16383713,59394029,17509650,5346347,11037366,11483619,47910410
Southern Africa,2084,16309971,59250563,17751566,5319321,10990650,11435570,47814993
Southern Africa,2085,16233303,59103613,17989739,5291806,10941497,11386380,47717233
Southern Africa,2086,16164281,58936359,18230628,5266376,10897905,11343074,47593285
Southern Africa,2087,16093716,58776147,18456245,5241388,10852328,11299626,47476521
Southern Africa,2088,16020913,58619588,18670875,5216548,10804365,11255408,47364180
Southern Africa,2089,15945120,58463874,18878288,5191350,10753770,11209830,47254044
Southern Africa,2090,15865962,58306217,19081874,5165456,10700506,11162391,47143826
Southern Africa,2091,15796461,58134924,19280468,5143141,10653320,11120493,47014431
Southern Africa,2092,15724921,57970925,19465014,5120508,10604413,11077522,46893403
Southern Africa,2093,15651340,57809946,19639997,5097532,10553808,11032935,46777011
Southern Africa,2094,15575863,57647570,19809829,5074289,10501574,10986181,46661389
Southern Africa,2095,15498420,57479947,19978632,5050768,10447652,10936803,46543144
Southern Africa,2096,15432519,57301007,20139127,5031517,10401002,10892777,46408230
Southern Africa,2097,15365674,57126143,20288609,5011812,10353862,10847119,46279024
Southern Africa,2098,15297532,56951148,20431790,4991458,10306074,10799412,46151736
Southern Africa,2099,15227789,56772048,20573148,4970404,10257385,10749292,46022756
Southern Africa,2100,15156413,56585206,20716509,4948980,10207433,10696438,45888768
Southern Asia,1950,187715925,288242368,17380284,72546137,115169788,94968833,193273535
Southern Asia,1951,191944951,291757330,17601256,75586428,116358523,96067791,195689539
Southern Asia,1952,196553903,295332924,17836076,78938056,117615847,97221767,198111157
Southern Asia,1953,201108755,299451098,18038698,81974042,119134713,98530295,200920803
Southern Asia,1954,205575789,304228839,18128270,84602484,120973305,99954563,204274276
Southern Asia,1955,210129950,309536856,18061762,87085333,123044617,101422838,208114018
Southern Asia,1956,216400159,313267473,18320969,90603011,125797148,102271298,210996175
Southern Asia,1957,222212895,318018831,18484729,92741205,129471690,103375504,214643327
Southern Asia,1958,227979314,323346751,18589721,94145166,133834148,104610947,218735804
Southern Asia,1959,234017663,328878691,18693826,95478860,138538803,105888171,222990520
Southern Asia,1960,240409535,334505845,18827189,97275455,143134080,107211958,227293887
Southern Asia,1961,247302880,339661330,19410302,98925087,148377793,108424011,231237319
Southern Asia,1962,254544175,344944798,19996395,100951967,153592208,109682674,235262124
Southern Asia,1963,261899129,350620692,20552416,103318818,158580311,111174573,239446119
Southern Asia,1964,268962984,357125740,21041976,105761237,163201747,113195969,243929771
Southern Asia,1965,275542638,364663650,21450647,108147768,167394870,115916796,248746854
Southern Asia,1966,282796435,371736825,22127748,110935944,171860491,118870154,252866671
Southern Asia,1967,289417008,379990333,22737431,113155921,176261087,122544892,257445441
Southern Asia,1968,295581312,389202137,23304376,115008404,180572908,126792648,262409489
Southern Asia,1969,301584684,399017587,23860170,116827676,184757008,131378004,267639583
Southern Asia,1970,307583448,409247566,24423915,118906428,188677020,136155944,273091622
Southern Asia,1971,314364494,418769472,25320864,121361852,193002642,140629993,278139479
Southern Asia,1972,321003547,428867432,26215693,123522973,197480574,145294325,283573107
Southern Asia,1973,327565140,439557378,27092314,125577750,201987390,150040840,289516538
Southern Asia,1974,334082298,450912232,27931547,127719453,206362845,154758309,296153923
Southern Asia,1975,340598694,462957578,28727588,130183667,210415027,159404754,303552824
Southern Asia,1976,348258158,474299512,29740534,133225528,215032630,163961166,310338346
Southern Asia,1977,355717446,486531288,30704276,135983249,219734197,168528120,318003168
Southern Asia,1978,363103011,499520168,31627329,138654073,224448938,173106293,326413875
Southern Asia,1979,370570258,513094838,32520594,141482418,229087840,177729070,335365768
Southern Asia,1980,378214448,527136339,33393900,144701808,233512640,182419306,344717033
Southern Asia,1981,387165348,540241367,34507829,148539819,238625529,186824347,353417020
Southern Asia,1982,396175401,553920873,35568671,152244405,243930996,191322128,362598745
Southern Asia,1983,405195104,568159940,36583691,155825641,249369463,195884200,372275740
Southern Asia,1984,414084903,583010607,37568163,159203097,254881806,200485512,382525095
Southern Asia,1985,422739041,598495370,38537932,162388094,260350947,205119978,393375392
Southern Asia,1986,432660616,612767708,39811042,166114452,266546164,209272293,403495415
Southern Asia,1987,441925944,628043069,41057680,168696231,273229713,213630346,414412723
Southern Asia,1988,450615152,644149705,42274141,170436752,280178400,218181600,425968105
Southern Asia,1989,458825214,660882779,43455565,171757417,287067797,222921163,437961616
Southern Asia,1990,466557927,678149859,44607863,173040879,293517048,227869246,450280613
Southern Asia,1991,474534209,694663141,46236343,174277625,300256584,232586403,462076738
Southern Asia,1992,481898292,711792479,47823501,175075610,306822682,237486030,474306449
Southern Asia,1993,488622605,729599912,49381643,175630769,312991836,242633596,486966316
Southern Asia,1994,494651063,748203899,50929368,176117236,318533827,248134580,500069319
Southern Asia,1995,499968249,767652664,52485550,176696052,323272197,254055087,513597577
Southern Asia,1996,505112389,786956906,54491987,177320115,327792274,260237874,526719032
Southern Asia,1997,509640027,806996274,56462143,178069176,331570851,266742398,540253876
Southern Asia,1998,513532761,827730254,58415252,178890261,334642500,273475048,554255206
Southern Asia,1999,516789898,849084135,60373916,179659744,337130154,280289741,568794394
Southern Asia,2000,519443022,870958926,62355751,180314245,339128777,287063056,583895870
Southern Asia,2001,522547165,891969903,64683719,181444463,341102702,293505068,598464835
Southern Asia,2002,524862606,913683025,67005926,181938973,342923633,299964639,613718386
Southern Asia,2003,526548608,935868099,69302680,181982972,344565636,306226382,629641717
Southern Asia,2004,527867850,958186370,71538117,181913236,345954614,311969942,646216428
Southern Asia,2005,528999715,980389839,73702817,182042107,346957608,316981303,663408536
Southern Asia,2006,531133712,1000977046,76060656,182680391,348453321,320816430,680160616
Southern Asia,2007,533167554,1021366133,78316276,183199981,349967573,323867047,697499086
Southern Asia,2008,535049191,1041656819,80498581,183604719,351444472,326310056,715346763
Southern Asia,2009,536564660,1062142579,82644225,183727407,352837253,328457946,733684633
Southern Asia,2010,537565979,1083010020,84798296,183481936,354084043,330540331,752469689
Southern Asia,2011,538567543,1103311649,87411004,183356977,355210566,332460513,770851136
Southern Asia,2012,538769446,1124286155,90013019,182301054,356468392,334329244,789956911
Southern Asia,2013,538408150,1145578327,92701590,180687376,357720774,336145383,809432944
Southern Asia,2014,537881777,1166632061,95597604,179133586,358748191,337875066,828756995
Southern Asia,2015,537404349,1187121453,98782669,178077288,359327061,339518169,847603284
Southern Asia,2016,536612287,1207018877,102635470,176718330,359893957,341234190,865784687
Southern Asia,2017,536269948,1226066838,106647771,176462555,359807393,342789608,883277230
Southern Asia,2018,536023081,1244624950,110806090,176925107,359097974,344273367,900351583
Southern Asia,2019,535323899,1263257946,115086647,177401491,357922408,345792539,917465407
Southern Asia,2020,533937146,1282189237,119489523,177427846,356509300,347376974,934812263
Southern Asia,2021,533298555,1299808735,124178464,178182614,355115941,348803828,951004907
Southern Asia,2022,531695622,1318031932,128926639,177810926,353884696,350357982,967673950
Southern Asia,2023,529508038,1336405229,133766496,176640455,352867583,351849945,984555284
Southern Asia,2024,527348565,1354240253,138722978,175300462,352048103,352985113,1001255140
Southern Asia,2025,525502722,1371178340,143828085,174246607,351256115,353610222,1017568118
Southern Asia,2026,523909325,1387026915,149312583,173140636,350768689,353915666,1033111249
Southern Asia,2027,522628185,1402079812,154813209,172291311,350336874,353707825,1048371987
Southern Asia,2028,521463325,1416500920,160351515,171645381,349817944,353104463,1063396457
Southern Asia,2029,520021244,1430657115,165948750,170962244,349059000,352304063,1078353052
Southern Asia,2030,518100390,1444716773,171631855,170093397,348006993,351433736,1093283037
Southern Asia,2031,516361559,1457825405,177585538,169370105,346991454,350512003,1107313402
Southern Asia,2032,514207067,1470864988,183513694,168437917,345769150,349467531,1121397457
Southern Asia,2033,511694162,1483726946,189457036,167334093,344360069,348389540,1135337406
Southern Asia,2034,508978466,1496219849,195440879,166173051,342805415,347378823,1148841026
Southern Asia,2035,506148369,1508210288,201503118,165038822,341109547,346498455,1161711833
Southern Asia,2036,503606203,1519112587,207819635,164060883,339545320,345852498,1173260089
Southern Asia,2037,500926333,1529647770,214095955,163029288,337897045,345352533,1184295237
Southern Asia,2038,498117076,1539733760,220418053,161972346,336144730,344895915,1194837845
Southern Asia,2039,495175533,1549298420,226879302,160906924,334268609,344305613,1204992807
Southern Asia,2040,492110767,1558265649,233560002,159857693,332253074,343471057,1214794592
Southern Asia,2041,489367960,1565957596,240695627,158990960,330377000,342509411,1223448185
Southern Asia,2042,486543040,1573181794,247878330,158096192,328446848,341298440,1231883354
Southern Asia,2043,483637823,1579815179,255226869,157179058,326458765,339888374,1239926805
Southern Asia,2044,480656388,1585709585,262880544,156243790,324412598,338361173,1247348412
Southern Asia,2045,477604946,1590760492,270933600,155303751,322301195,336771269,1253989223
Southern Asia,2046,474957959,1594296583,279582345,154577793,320380166,335202009,1259094574
Southern Asia,2047,472229502,1597219535,288410724,153740232,318489270,333546374,1263673161
Southern Asia,2048,469432186,1599529194,297402336,152818682,316613504,331811354,1267717840
Southern Asia,2049,466576891,1601262073,306505027,151846610,314730281,329992931,1271269142
Southern Asia,2050,463661473,1602436056,315699032,150856452,312805021,328094926,1274341130
Southern Asia,2051,461085899,1602479613,325155972,150011503,311074396,326253183,1276226430
Southern Asia,2052,458434829,1602187174,334496098,149067888,309366941,324336430,1277850744
Southern Asia,2053,455703128,1601564842,343713560,148052676,307650452,322370103,1279194739
Southern Asia,2054,452879517,1600657798,352768540,146992731,305886786,320382487,1280275311
Southern Asia,2055,449951908,1599480337,361655604,145912864,304039044,318395111,1281085226
Southern Asia,2056,447269480,1597577796,370480815,144930052,302339428,316552960,1281024836
Southern Asia,2057,444502796,1595629624,378898720,143912232,300590564,314701015,1280928609
Southern Asia,2058,441641099,1593537444,387024769,142868990,298772109,312851805,1280685639
Southern Asia,2059,438678039,1591181623,394993527,141809339,296868700,311010886,1280170737
Southern Asia,2060,435612488,1588465901,402910868,140744118,294868370,309180145,1279285756
Southern Asia,2061,432807439,1585012904,410799037,139806165,293001274,307507737,1277505167
Southern Asia,2062,429932931,1581439422,418377889,138853246,291079685,305836598,1275602824
Southern Asia,2063,426986210,1577670720,425731598,137888194,289098016,304156081,1273514639
Southern Asia,2064,423972002,1573637131,432931691,136914977,287057025,302441772,1271195359
Southern Asia,2065,420896167,1569271290,440048362,135941910,284954257,300677117,1268594173
Southern Asia,2066,418137837,1564221891,447062951,135128761,283009076,299008040,1265213851
Southern Asia,2067,415335715,1559106962,453732322,134271219,281064496,297283770,1261823192
Southern Asia,2068,412497329,1553813553,460180792,133383545,279113784,295502657,1258310896
Southern Asia,2069,409635629,1548228107,466531012,132485612,277150017,293660086,1254568021
Southern Asia,2070,406757057,1542279406,472867682,131597071,275159986,291755879,1250523527
Southern Asia,2071,404172653,1535605308,479257198,130843122,273329531,289918368,1245686940
Southern Asia,2072,401590035,1528818403,485391537,130059206,271530829,288015868,1240802535
Southern Asia,2073,399004044,1521960495,491247052,129254290,269749754,286064600,1235895895
Southern Asia,2074,396403221,1515138600,496740384,128434653,267968568,284082921,1231055679
Southern Asia,2075,393775017,1508386958,501862633,127608580,266166437,282083500,1226303458
Southern Asia,2076,391390195,1501286349,506775837,126889315,264500880,280176785,1221109564
Southern Asia,2077,388998659,1494522025,511060216,126132416,262866243,278258250,1216263775
Southern Asia,2078,386594119,1487907869,514924733,125347878,261246241,276338772,1211569097
Southern Asia,2079,384168951,1481201496,518636930,124547600,259621351,274425316,1206776180
Southern Asia,2080,381710294,1474228952,522400010,123741820,257968474,272521054,1201707898
Southern Asia,2081,379445358,1466654567,526335662,123017727,256427631,270731765,1195922802
Southern Asia,2082,377178502,1459125802,530004473,122277062,254901440,268962297,1190163505
Southern Asia,2083,374891577,1451591808,533489660,121519595,253371982,267212147,1184379661
Southern Asia,2084,372563790,1444039170,536839453,120741334,251822456,265475878,1178563292
Southern Asia,2085,370177702,1436434186,540117907,119941815,250235887,263748436,1172685750
Southern Asia,2086,367968552,1428469388,543410883,119222152,248746400,262131766,1166337622
Southern Asia,2087,365726858,1420720480,546362376,118463628,247263230,260533294,1160187186
Southern Asia,2088,363445377,1413075174,549096969,117676439,245768938,258945639,1154129535
Southern Asia,2089,361125216,1405427624,551721973,116877944,244247272,257357377,1148070247
Southern Asia,2090,358764051,1397699099,554323460,116082481,242681570,255760824,1141938275
Southern Asia,2091,356565585,1389736434,556860080,115356401,241209184,254269808,1135466626
Southern Asia,2092,354368826,1381951622,559093636,114641869,239726957,252774039,1129177583
Southern Asia,2093,352160081,1374269775,561127795,113936315,238223766,251271681,1122998094
Southern Asia,2094,349923202,1366626902,563058166,113231553,236691649,249758286,1116868616
Southern Asia,2095,347644943,1358958359,564977308,112520917,235124026,248228726,1110729633
Southern Asia,2096,345559658,1351132959,566795265,111906869,233652789,246787826,1104345133
Southern Asia,2097,343470663,1343531709,568339219,111278308,232192355,245338545,1098193164
Southern Asia,2098,341372566,1336056999,569721755,110636788,230735778,243875427,1092181572
Southern Asia,2099,339272093,1328608128,571044792,109996485,229275608,242388338,1086219790
Southern Asia,2100,337177420,1321087528,572403833,109379148,227798272,240867565,1080219963
Southern Europe,1950,30161902,70423448,8151974,10858652,19303250,20101614,50321834
Southern Europe,1951,30267238,71119033,8321127,11082375,19184863,20049590,51069443
Southern Europe,1952,30223137,71964751,8504833,10985317,19237820,20027400,51937351
Southern Europe,1953,30263596,72728676,8674748,10855114,19408482,19966004,52762672
Southern Europe,1954,30441500,73352024,8820038,10776540,19664960,19835600,53516424
Southern Europe,1955,30710214,73870849,8944017,10761376,19948838,19642527,54228322
Southern Europe,1956,30880066,74387901,9136220,10581455,20298611,19429248,54958653
Southern Europe,1957,31231944,74736334,9294727,10613406,20618538,19148190,55588144
Southern Europe,1958,31646192,75036358,9438985,10762511,20883681,18866801,56169557
Southern Europe,1959,32011164,75405493,9588260,10940813,21070351,18665481,56740012
Southern Europe,1960,32289260,75894249,9752130,11092810,21196450,18587855,57306394
Southern Europe,1961,32554002,76400262,9970777,11322520,21231482,18527415,57872847
Southern Europe,1962,32742128,77025687,10198041,11492252,21249876,18568365,58457322
Southern Europe,1963,32881617,77713284,10434251,11602649,21278968,18690012,59023272
Southern Europe,1964,33028685,78367281,10677244,11677979,21350706,18851929,59515352
Southern Europe,1965,33201259,78940210,10928542,11730821,21470438,19030434,59909776
Southern Europe,1966,33404628,79356876,11243928,11789037,21615591,19188156,60168720
Southern Europe,1967,33574633,79751433,11568008,11757309,21817324,19397321,60354112
Southern Europe,1968,33726922,80139639,11904685,11671261,22055661,19639942,60499697
Southern Europe,1969,33882068,80547808,12257563,11581148,22300920,19882394,60665414
Southern Europe,1970,34054350,80994310,12628787,11528370,22525980,20102424,60891886
Southern Europe,1971,34149706,81606517,12993123,11424021,22725685,20313682,61292835
Southern Europe,1972,34292560,82246505,13347143,11403493,22889067,20457871,61788634
Southern Europe,1973,34442909,82927172,13696817,11434399,23008510,20572887,62354285
Southern Europe,1974,34539516,83668912,14051135,11453607,23085909,20717864,62951048
Southern Europe,1975,34546692,84477532,14413592,11414052,23132640,20926658,63550874
Southern Europe,1976,34548362,85229477,14818350,11389202,23159160,21159405,64070072
Southern Europe,1977,34429643,86063530,15238699,11262515,23167128,21454796,64608734
Southern Europe,1978,34207298,86975732,15640774,11053947,23153351,21789275,65186457
Southern Europe,1979,33919512,87958932,15969247,10807933,23111579,22117454,65841478
Southern Europe,1980,33585487,89003874,16196069,10560114,23025373,22408672,66595202
Southern Europe,1981,33206198,90060886,16361005,10300362,22905836,22659065,67401821
Southern Europe,1982,32781095,91174841,16420571,10029368,22751727,22857953,68316888
Southern Europe,1983,32310586,92288041,16436936,9758662,22551924,23007624,69280417
Southern Europe,1984,31788350,93326414,16500673,9492564,22295786,23114614,70211800
Southern Europe,1985,31214476,94245729,16664937,9233672,21980804,23183237,71062492
Southern Europe,1986,30593729,94968731,17004137,8962329,21631400,23208663,71760068
Southern Europe,1987,29953310,95565748,17422426,8740391,21212919,23194003,72371745
Southern Europe,1988,29287871,96071014,17899997,8552895,20734976,23149115,72921899
Southern Europe,1989,28597876,96531243,18400773,8381008,20216868,23082151,73449092
Southern Europe,1990,27893630,96967938,18903064,8214321,19679309,22993024,73974914
Southern Europe,1991,27269771,97285332,19422176,8111217,19158554,22822877,74462455
Southern Europe,1992,26642643,97593341,19939121,7989196,18653447,22630216,74963125
Southern Europe,1993,26026870,97872925,20454521,7857201,18169669,22407848,75465077
Southern Europe,1994,25441591,98094842,20970113,7729876,17711715,22139137,75955705
Southern Europe,1995,24899255,98245315,21487686,7620587,17278668,21814904,76430411
Southern Europe,1996,24428268,98304426,21986183,7547148,16881120,21423551,76880875
Southern Europe,1997,23990326,98322079,22474492,7453539,16536787,20977983,77344096
Southern Europe,1998,23604802,98342001,22961331,7359651,16245151,20502111,77839890
Southern Europe,1999,23292228,98427906,23457301,7291458,16000770,20028274,78399632
Southern Europe,2000,23065199,98621478,23970673,7270096,15795103,19578131,79043347
Southern Europe,2001,22885963,99042232,24439961,7247836,15638127,19233600,79808632
Southern Europe,2002,22786034,99567375,24920084,7272690,15513344,18880696,80686679
Southern Europe,2003,22745056,100165283,25396744,7333458,15411598,18525191,81640092
Southern Europe,2004,22731110,100796204,25845531,7408129,15322981,18175859,82620345
Southern Europe,2005,22722488,101417870,26252154,7479335,15243153,17840484,83577386
Southern Europe,2006,22781593,101921004,26656344,7584973,15196620,17559527,84361477
Southern Europe,2007,22842230,102420194,27006120,7671754,15170476,17302075,85118119
Southern Europe,2008,22889416,102835253,27327485,7728032,15161384,17057015,85778238
Southern Europe,2009,22899082,103066424,27662249,7736590,15162492,16807459,86258965
Southern Europe,2010,22847519,103057399,28038167,7686449,15161070,16546888,86510511
Southern Europe,2011,22828931,102641741,28488279,7658797,15170134,16266828,86374913
Southern Europe,2012,22713859,102026677,28962902,7528410,15185449,16010948,86015729
Southern Europe,2013,22535080,101283365,29458001,7332532,15202548,15784002,85499363
Southern Europe,2014,22346522,100517414,29956777,7131098,15215424,15591451,84925963
Southern Europe,2015,22180442,99806779,30453432,6966403,15214039,15436683,84370096
Southern Europe,2016,21934151,99321739,30916217,6740104,15194047,15351212,83970527
Southern Europe,2017,21750442,98872213,31366635,6621357,15129085,15279949,83592264
Southern Europe,2018,21590397,98452165,31817606,6577149,15013248,15226236,83225929
Southern Europe,2019,21395168,98040866,32292219,6547575,14847593,15196501,82844365
Southern Europe,2020,21137915,97607380,32807759,6489913,14648002,15190636,82416744
Southern Europe,2021,20900343,97116243,33314094,6466385,14433958,15228534,81887709
Southern Europe,2022,20600119,96637758,33841970,6402534,14197585,15288126,81349632
Southern Europe,2023,20265355,96140476,34402408,6310129,13955226,15349176,80791300
Southern Europe,2024,19945461,95579955,35003064,6221014,13724447,15383000,80196955
Southern Europe,2025,19667106,94932146,35650523,6157143,13509963,15371529,79560617
Southern Europe,2026,19427867,94244570,36300947,6105016,13322851,15358126,78886444
Southern Europe,2027,19226655,93489220,36979463,6071994,13154661,15301620,78187600
Southern Europe,2028,19059232,92673293,37680972,6056446,13002786,15200414,77472879
Southern Europe,2029,18907848,91818255,38398177,6047403,12860445,15057931,76760324
Southern Europe,2030,18762122,90933597,39129196,6037549,12724573,14877775,76055822
Southern Europe,2031,18652979,90053774,39807989,6037936,12615043,14697058,75356716
Southern Europe,2032,18554180,89165555,40474613,6039267,12514913,14480662,74684893
Southern Europe,2033,18466592,88255596,41141612,6040662,12425930,14240748,74014848
Southern Europe,2034,18392375,87305081,41826148,6043375,12349000,13997471,73307610
Southern Europe,2035,18331039,86303223,42539555,6047390,12283649,13764787,72538436
Southern Europe,2036,18305150,85325799,43183040,6057011,12248139,13584438,71741361
Southern Europe,2037,18289223,84328101,43825773,6068587,12220636,13422248,70905853
Southern Europe,2038,18280266,83313258,44466453,6079980,12200286,13272697,70040561
Southern Europe,2039,18273395,82292805,45097058,6087947,12185448,13127549,69165256
Southern Europe,2040,18264587,81276302,45710774,6089660,12174927,12982396,68293906
Southern Europe,2041,18279565,80338933,46206066,6091877,12187688,12880975,67457958
Southern Europe,2042,18290420,79428630,46662174,6090301,12200119,12787491,66641139
Southern Europe,2043,18295994,78554035,47070334,6083936,12212058,12700562,65853473
Southern Europe,2044,18293230,77722894,47424374,6071234,12221996,12619590,65103304
Southern Europe,2045,18277493,76933764,47729246,6049817,12227676,12543375,64390389
Southern Europe,2046,18274139,76275684,47870267,6024203,12249936,12514228,63761456
Southern Europe,2047,18258727,75685100,47935210,5996206,12262521,12493550,63191550
Southern Europe,2048,18228674,75142812,47945011,5964647,12264027,12476255,62666557
Southern Europe,2049,18181993,74627260,47922137,5928613,12253380,12458012,62169248
Southern Europe,2050,18117213,74123035,47883072,5886610,12230603,12436054,61686981
Southern Europe,2051,18061731,73734002,47696862,5841299,12220432,12453551,61280451
Southern Europe,2052,17994853,73377719,47467752,5801554,12193299,12471003,60906716
Southern Europe,2053,17915377,73040086,47212603,5764926,12150451,12483927,60556159
Southern Europe,2054,17822199,72702510,46953129,5728501,12093698,12488182,60214328
Southern Europe,2055,17714431,72346242,46711096,5689311,12025120,12480175,59866067
Southern Europe,2056,17625866,72071385,46354148,5655134,11970732,12501960,59569425
Southern Europe,2057,17531650,71800696,45986213,5626981,11904669,12516633,59284063
Southern Europe,2058,17431998,71523867,45620320,5602555,11829443,12519311,59004556
Southern Europe,2059,17327010,71229242,45271382,5579536,11747474,12505185,58724057
Southern Europe,2060,17215760,70901501,44958781,5555479,11660281,12470419,58431082
Southern Europe,2061,17136338,70646297,44541027,5541981,11594357,12457659,58188638
Southern Europe,2062,17058518,70390385,44123785,5531096,11527422,12432124,57958261
Southern Europe,2063,16981590,70115326,43729278,5521402,11460188,12390405,57724921
Southern Europe,2064,16904424,69803102,43379880,5511642,11392782,12330735,57472367
Southern Europe,2065,16825176,69438568,43095505,5500410,11324766,12252276,57186292
Southern Europe,2066,16778877,69131832,42733096,5497751,11281126,12196711,56935121
Southern Europe,2067,16737711,68814636,42390569,5496721,11240990,12131548,56683088
Southern Europe,2068,16699998,68472496,42086445,5496031,11203967,12055926,56416570
Southern Europe,2069,16662026,68087370,41844803,5493774,11168252,11970361,56117009
Southern Europe,2070,16619114,67642411,41689122,5487710,11131404,11874802,55767609
Southern Europe,2071,16603564,67247445,41478395,5486465,11117099,11809071,55438374
Southern Europe,2072,16590848,66836131,41304299,5486236,11104612,11743388,55092743
Southern Europe,2073,16577245,66408330,41171651,5484938,11092307,11675377,54732953
Southern Europe,2074,16557978,65971226,41078798,5480107,11077871,11603498,54367728
Southern Europe,2075,16528267,65524881,41030769,5469162,11059105,11526517,53998364
Southern Europe,2076,16522868,65188707,40873519,5461580,11061288,11484707,53704000
Southern Europe,2077,16514248,64884023,40712695,5453512,11060736,11446975,53437048
Southern Europe,2078,16498185,64589531,40572180,5442885,11055300,11409003,53180528
Southern Europe,2079,16470893,64283203,40475737,5427742,11043151,11367391,52915812
Southern Europe,2080,16429544,63950681,40438463,5406262,11023282,11320213,52630468
Southern Europe,2081,16410796,63725673,40289055,5387898,11022898,11307979,52417694
Southern Europe,2082,16384437,63507394,40157157,5369521,11014916,11296862,52210532
Southern Europe,2083,16347950,63284294,40054479,5349545,10998405,11283034,52001260
Southern Europe,2084,16299050,63045958,39990753,5326405,10972645,11263198,51782760
Southern Europe,2085,16235582,62782343,39975683,5298345,10937237,11234841,51547502
Southern Europe,2086,16195150,62627037,39836600,5274917,10920233,11237615,51389422
Southern Europe,2087,16147567,62471743,39710845,5253409,10894158,11237418,51234325
Southern Europe,2088,16091268,62305461,39609378,5232157,10859111,11230871,51074590
Southern Europe,2089,16024324,62114642,39546092,5209246,10815078,11214685,50899957
Southern Europe,2090,15944405,61884254,39536997,5182592,10761813,11185875,50698379
Southern Europe,2091,15893586,61758767,39394640,5164208,10729378,11184933,50573834
Southern Europe,2092,15838255,61623806,39266177,5147677,10690578,11177870,50445936
Southern Europe,2093,15776457,61465203,39167276,5131283,10645174,11161019,50304184
Southern Europe,2094,15706277,61269135,39113320,5113333,10592944,11131398,50137737
Southern Europe,2095,15625522,61022622,39119312,5091994,10533528,11086678,49935944
Southern Europe,2096,15579449,60880917,38984617,5081186,10498263,11068303,49812614
Southern Europe,2097,15531423,60723497,38866373,5071142,10460281,11042498,49680999
Southern Europe,2098,15479532,60538926,38777979,5060347,10419185,11006863,49532063
Southern Europe,2099,15421260,60314235,38735069,5047391,10373869,10959512,49354723
Southern Europe,2100,15353645,60033963,38756335,5031103,10322542,10898310,49135653
Spain,1950,7436106,18605454,2028175,2663502,4772604,5385639,13219815
Spain,1951,7451733,18712960,2078942,2660688,4791045,5321713,13391247
Spain,1952,7493105,18818810,2130458,2645290,4847815,5241194,13577616
Spain,1953,7569687,18909154,2179828,2645699,4923988,5147280,13761874
Spain,1954,7671189,18991002,2225158,2671934,4999255,5051377,13939625
Spain,1955,7780832,19077811,2266711,2717873,5062959,4963904,14113907
Spain,1956,7882616,19171469,2317736,2743376,5139240,4888003,14283466
Spain,1957,8003442,19260953,2363617,2805367,5198075,4816739,14444214
Spain,1958,8125865,19363552,2407511,2882626,5243239,4762640,14600912
Spain,1959,8239561,19491351,2451870,2957198,5282363,4739941,14751410
Spain,1960,8345164,19646405,2497673,3021944,5323220,4755335,14891070
Spain,1961,8479650,19782922,2554998,3124568,5355082,4753295,15029627
Spain,1962,8590997,19960522,2613556,3176449,5414548,4792622,15167900
Spain,1963,8693767,20156001,2674617,3193138,5500629,4858425,15297576
Spain,1964,8807087,20338282,2740035,3198861,5608226,4926082,15412200
Spain,1965,8936151,20493335,2811555,3209839,5726312,4981097,15512238
Spain,1966,9053550,20635343,2898351,3200433,5853117,5030156,15605187
Spain,1967,9182173,20754950,2989183,3200213,5981960,5069960,15684990
Spain,1968,9314831,20867738,3082603,3209462,6105369,5108914,15758824
Spain,1969,9440171,20997851,3176172,3223565,6216606,5160467,15837384
Spain,1970,9553278,21158481,3268517,3238233,6315045,5231730,15926751
Spain,1971,9627618,21377587,3358712,3235704,6391914,5305265,16072322
Spain,1972,9703399,21614439,3442684,3255453,6447946,5383926,16230513
Spain,1973,9771987,21870045,3523525,3285758,6486229,5471678,16398367
Spain,1974,9826330,22141345,3604801,3312699,6513631,5571805,16569540
Spain,1975,9862889,22424191,3688237,3326069,6536820,5685004,16739187
Spain,1976,9906289,22674924,3791887,3351025,6555264,5801272,16873652
Spain,1977,9920341,22944804,3898384,3346766,6573575,5936051,17008753
Spain,1978,9905963,23228058,4003683,3314789,6591174,6079079,17148979
Spain,1979,9864660,23518703,4101386,3258261,6606399,6213587,17305116
Spain,1980,9795256,23812937,4188602,3181326,6613930,6328121,17484816
Spain,1981,9713013,24083695,4274554,3099300,6613713,6403695,17680000
Spain,1982,9592510,24365937,4351264,2977250,6615260,6456579,17909358
Spain,1983,9441364,24647218,4425479,2831944,6609420,6491461,18155757
Spain,1984,9269876,24911365,4506879,2686067,6583809,6516178,18395187
Spain,1985,9083458,25150660,4601766,2554173,6529285,6536270,18614390
Spain,1986,8841545,25395575,4720954,2387802,6453743,6559364,18836211
Spain,1987,8610490,25599907,4846816,2279452,6331038,6571025,19028882
Spain,1988,8377561,25783765,4980279,2212650,6164911,6579033,19204732
Spain,1989,8127457,25972895,5121388,2161220,5966237,6591998,19380897
Spain,1990,7858990,26177400,5269712,2108083,5750907,6612062,19565338
Spain,1991,7616179,26375150,5411871,2087685,5528494,6618137,19757013
Spain,1992,7360981,26595869,5558661,2056355,5304626,6629730,19966139
Spain,1993,7105006,26822540,5711089,2017515,5087491,6635512,20187028
Spain,1994,6866240,27028326,5869996,1980554,4885686,6617046,20411280
Spain,1995,6654026,27200298,6036174,1952525,4701501,6563802,20636496
Spain,1996,6479437,27343138,6186749,1942392,4537045,6486329,20856809
Spain,1997,6317482,27468237,6345841,1916636,4400846,6377304,21090933
Spain,1998,6180908,27601967,6509767,1888368,4292540,6244128,21357839
Spain,1999,6083249,27783901,6672573,1875134,4208115,6098153,21685748
Spain,2000,6033534,28038079,6832098,1891422,4142112,5947166,22090913
Spain,2001,6015725,28439234,6937144,1908890,4106835,5831483,22607751
Spain,2002,6048891,28901276,7035353,1959355,4089536,5688898,23212378
Spain,2003,6119796,29400497,7133113,2033622,4086174,5527769,23872728
Spain,2004,6206923,29905139,7239606,2115069,4091854,5363538,24541601
Spain,2005,6297081,30386749,7358802,2192540,4104541,5208579,25178170
Spain,2006,6425977,30803347,7496208,2297886,4128091,5104118,25699229
Spain,2007,6549457,31202890,7641511,2380849,4168608,5012032,26190858
Spain,2008,6665371,31544977,7787458,2439582,4225789,4922647,26622330
Spain,2009,6765928,31785337,7924807,2469927,4296001,4822422,26962915
Spain,2010,6837217,31902240,8049173,2466520,4370697,4706857,27195383
Spain,2011,6917947,31784945,8206246,2458133,4459814,4597361,27187584
Spain,2012,6950697,31558353,8348354,2405548,4545149,4502247,27056106
Spain,2013,6947876,31267360,8482317,2324035,4623841,4423880,26843480
Spain,2014,6931560,30973876,8616391,2239196,4692364,4367016,26606860
Spain,2015,6916923,30722010,8758731,2169476,4747447,4334649,26387361
Spain,2016,6849181,30614943,8883452,2064767,4784414,4321131,26293812
Spain,2017,6808282,30536430,9009609,2016949,4791333,4322033,26214397
Spain,2018,6773438,30479417,9144597,2007102,4766336,4338768,26140649
Spain,2019,6715580,30427146,9298323,2003316,4712264,4373894,26053252
Spain,2020,6621753,30361086,9476380,1982664,4639089,4426582,25934504
Spain,2021,6535594,30262140,9651840,1980647,4554947,4501622,25760518
Spain,2022,6410792,30165447,9847716,1952165,4458627,4593558,25571889
Spain,2023,6263895,30059499,10063491,1905149,4358746,4688570,25370929
Spain,2024,6122743,29927545,10295698,1858641,4264102,4766627,25160918
Spain,2025,6002152,29761320,10543348,1825854,4176298,4815120,24946200
Spain,2026,5894306,29585552,10790251,1796017,4098289,4852398,24733154
Spain,2027,5806277,29379701,11047631,1778064,4028213,4860141,24519560
Spain,2028,5735304,29147595,11313637,1770964,3964340,4839635,24307960
Spain,2029,5671086,28899104,11587218,1768231,3902855,4796204,24102900
Spain,2030,5608083,28637920,11869122,1765605,3842478,4733888,23904032
Spain,2031,5559275,28380230,12129972,1767969,3791306,4666930,23713300
Spain,2032,5515508,28115168,12390244,1772454,3743054,4580629,23534539
Spain,2033,5477364,27835164,12657154,1778174,3699190,4481224,23353940
Spain,2034,5446935,27531063,12938259,1785611,3661324,4378951,23152112
Spain,2035,5425165,27198852,13236798,1794847,3630318,4281162,22917690
Spain,2036,5421088,26869107,13512992,1808654,3612434,4204516,22664591
Spain,2037,5423300,26522934,13796600,1822648,3600652,4136179,22386755
Spain,2038,5431575,26161331,14086227,1836441,3595134,4073495,22087836
Spain,2039,5444292,25785664,14381311,1849165,3595127,4011678,21773986
Spain,2040,5459469,25397281,14681752,1859935,3599534,3948026,21449255
Spain,2041,5485991,25028594,14945812,1871248,3614743,3900456,21128138
Spain,2042,5513204,24656031,15207236,1880511,3632693,3854910,20801121
Spain,2043,5539925,24289248,15456580,1887189,3652736,3811594,20477654
Spain,2044,5563960,23942672,15680498,1890343,3673617,3771799,20170873
Spain,2045,5582885,23624543,15872255,1888888,3693997,3736378,19888165
Spain,2046,5605920,23373031,15984092,1884652,3721268,3722309,19650722
Spain,2047,5622900,23157878,16056135,1877793,3745107,3713806,19444072
Spain,2048,5632851,22971565,16096168,1868169,3764682,3709146,19262419
Spain,2049,5635024,22803650,16114616,1855852,3779172,3706848,19096802
Spain,2050,5628608,22646738,16119212,1840455,3788153,3705917,18940821
Spain,2051,5621572,22543986,16058710,1821335,3800237,3723350,18820636
Spain,2052,5608457,22459822,15974472,1804842,3803615,3743284,18716538
Spain,2053,5588526,22388180,15873834,1789791,3798735,3763605,18624575
Spain,2054,5561019,22320031,15767397,1774646,3786373,3782068,18537963
Spain,2055,5525471,22246451,15665372,1757893,3767578,3796718,18449733
Spain,2056,5494432,22208452,15514766,1742207,3752225,3824213,18384239
Spain,2057,5459202,22170851,15360123,1729282,3729920,3849406,18321445
Spain,2058,5419993,22130613,15205344,1718048,3701945,3869681,18260932
Spain,2059,5377366,22085519,15053342,1707560,3669806,3882390,18203129
Spain,2060,5331591,22031135,14909491,1696888,3634703,3885600,18145535
Spain,2061,5297964,22011765,14715158,1690827,3607137,3896675,18115090
Spain,2062,5264220,21992893,14518089,1685980,3578240,3900831,18092062
Spain,2063,5230622,21964213,14329620,1681919,3548703,3896520,18067693
Spain,2064,5197345,21913905,14162773,1678364,3518981,3882948,18030957
Spain,2065,5164200,21833247,14027764,1674964,3489236,3859806,17973441
Spain,2066,5144626,21768127,13866266,1675580,3469046,3843948,17924179
Spain,2067,5128008,21687941,13720479,1677379,3450629,3821901,17866040
Spain,2068,5113954,21588594,13596157,1679849,3434105,3793697,17794897
Spain,2069,5101177,21465593,13500390,1682213,3418964,3760154,17705439
Spain,2070,5087960,21314215,13440767,1683578,3404382,3721738,17592477
Spain,2071,5085778,21174695,13366247,1687209,3398569,3693779,17480916
Spain,2072,5086083,21023399,13309651,1691323,3394760,3665125,17358274
Spain,2073,5087865,20864001,13269336,1695233,3392632,3635350,17228651
Spain,2074,5089121,20702264,13242598,1697924,3391197,3604172,17098092
Spain,2075,5087308,20538403,13232492,1698195,3389113,3571069,16967334
Spain,2076,5094491,20416296,13183346,1699488,3395003,3551476,16864820
Spain,2077,5101567,20310931,13129123,1700313,3401254,3534258,16776673
Spain,2078,5106308,20211177,13082836,1699770,3406538,3517476,16693701
Spain,2079,5106897,20106226,13056513,1697143,3409754,3499853,16606373
Spain,2080,5102218,19990667,13055980,1691842,3410376,3480951,16509716
Spain,2081,5105167,19916946,13015583,1686951,3418216,3476625,16440321
Spain,2082,5105281,19845954,12984208,1682088,3423193,3473746,16372208
Spain,2083,5101291,19773910,12965490,1676493,3424798,3470829,16303081
Spain,2084,5092007,19698180,12961427,1669339,3422668,3466659,16231521
Spain,2085,5076466,19616148,12974029,1659796,3416670,3460379,16155769
Spain,2086,5067878,19576825,12940258,1651188,3416690,3466912,16109913
Spain,2087,5055465,19539291,12911154,1642917,3412548,3473216,16066075
Spain,2088,5038909,19500049,12889456,1634492,3404417,3477881,16022168
Spain,2089,5017785,19453914,12879674,1625415,3392370,3479382,15974532
Spain,2090,4991298,19394694,12887839,1614988,3376310,3476318,15918376
Spain,2091,4974308,19377521,12843268,1607049,3367259,3484267,15893254
Spain,2092,4955231,19357156,12802245,1600408,3354823,3489809,15867347
Spain,2093,4933139,19327436,12771542,1594208,3338931,3491276,15836160
Spain,2094,4907274,19282867,12757135,1587545,3319729,3487377,15795490
Spain,2095,4877016,19219037,12763835,1579525,3297491,3477278,15741759
Spain,2096,4859801,19195718,12714249,1575777,3284024,3477033,15718685
Spain,2097,4841158,19164140,12671414,1572157,3269001,3473111,15691029
Spain,2098,4820853,19120972,12638727,1568160,3252693,3464724,15656248
Spain,2099,4798591,19061654,12620873,1563571,3235020,3451213,15610441
Spain,2100,4773595,18979175,12625472,1558341,3215254,3431600,15547575
Sri Lanka,1950,3083220,4187447,700431,1263415,1819805,1418478,2768969
Sri Lanka,1951,3176680,4264460,667294,1302272,1874408,1437970,2826490
Sri Lanka,1952,3260860,4361589,634112,1319211,1941649,1463572,2898017
Sri Lanka,1953,3349876,4467699,599544,1333742,2016134,1492156,2975543
Sri Lanka,1954,3451120,4576510,563398,1358018,2093102,1522335,3054175
Sri Lanka,1955,3564300,4687972,526177,1396276,2168024,1554651,3133321
Sri Lanka,1956,3671674,4795072,512027,1423431,2248243,1587633,3207439
Sri Lanka,1957,3794365,4899933,496364,1471547,2322818,1621368,3278565
Sri Lanka,1958,3921872,5010330,479953,1529681,2392191,1659152,3351178
Sri Lanka,1959,4042535,5135020,463281,1584538,2457997,1704803,3430217
Sri Lanka,1960,4150412,5277595,446474,1627211,2523201,1759965,3517630
Sri Lanka,1961,4265548,5405077,441021,1678962,2586586,1813512,3591565
Sri Lanka,1962,4358221,5558122,435845,1699348,2658873,1878967,3679155
Sri Lanka,1963,4437495,5729060,430965,1698592,2738903,1952612,3776448
Sri Lanka,1964,4518249,5905388,426342,1695582,2822667,2028262,3877126
Sri Lanka,1965,4607785,6080882,422161,1704131,2903654,2102381,3978501
Sri Lanka,1966,4690978,6260378,429327,1703041,2987937,2176715,4083663
Sri Lanka,1967,4786204,6434967,436489,1722059,3064145,2247636,4187331
Sri Lanka,1968,4883844,6609895,443872,1754100,3129744,2316920,4292975
Sri Lanka,1969,4967720,6795536,451712,1783327,3184393,2388334,4407202
Sri Lanka,1970,5029245,6996464,460047,1798859,3230386,2463502,4532962
Sri Lanka,1971,5090093,7181439,476310,1820683,3269410,2533174,4648265
Sri Lanka,1972,5124883,7384374,493018,1818971,3305912,2606996,4777378
Sri Lanka,1973,5142909,7598977,510201,1802196,3340713,2682963,4916014
Sri Lanka,1974,5160850,7813487,527649,1787617,3373233,2757233,5056254
Sri Lanka,1975,5188414,8021462,545285,1787536,3400878,2827462,5194000
Sri Lanka,1976,5218489,8226535,567793,1785086,3433403,2894695,5331840
Sri Lanka,1977,5264259,8419161,589852,1807194,3457065,2957136,5462025
Sri Lanka,1978,5317450,8604302,611624,1845461,3471989,3014860,5589442
Sri Lanka,1979,5364032,8791066,633509,1883607,3480425,3068390,5722676
Sri Lanka,1980,5397065,8983053,655738,1910566,3486499,3117233,5865820
Sri Lanka,1981,5444308,9147606,681477,1951512,3492796,3147720,5999886
Sri Lanka,1982,5474405,9320699,707411,1968512,3505893,3176260,6144439
Sri Lanka,1983,5493852,9499031,733919,1966379,3527473,3203243,6295788
Sri Lanka,1984,5512559,9677463,761400,1954477,3558082,3228990,6448473
Sri Lanka,1985,5534545,9855003,790248,1939906,3594639,3254293,6600710
Sri Lanka,1986,5551524,10040781,820406,1916754,3634770,3275087,6765694
Sri Lanka,1987,5564586,10231704,851655,1883703,3680883,3296309,6935395
Sri Lanka,1988,5572362,10426111,883716,1846125,3726237,3318392,7107719
Sri Lanka,1989,5572355,10622325,916033,1810171,3762184,3341614,7280711
Sri Lanka,1990,5563184,10818342,948187,1779977,3783207,3365814,7452528
Sri Lanka,1991,5536669,11020712,982252,1738522,3798147,3388922,7631790
Sri Lanka,1992,5513423,11212704,1014510,1722845,3790578,3410229,7802475
Sri Lanka,1993,5485892,11397448,1045236,1723845,3762047,3432772,7964676
Sri Lanka,1994,5444076,11579506,1074766,1725866,3718210,3460215,8119291
Sri Lanka,1995,5383414,11760321,1103386,1716653,3666761,3493538,8266783
Sri Lanka,1996,5327437,11924031,1120652,1717686,3609751,3499144,8424887
Sri Lanka,1997,5251304,12090436,1134765,1701079,3550225,3517823,8572613
Sri Lanka,1998,5164257,12259686,1146758,1672996,3491261,3545789,8713897
Sri Lanka,1999,5084517,12427022,1157564,1648804,3435713,3573133,8853889
Sri Lanka,2000,5024746,12589080,1168112,1641607,3383139,3592122,8996958
Sri Lanka,2001,4986384,12724985,1201685,1646087,3340297,3590559,9134426
Sri Lanka,2002,4971760,12852717,1234823,1663332,3308428,3572631,9280086
Sri Lanka,2003,4975473,12972122,1267712,1690687,3284786,3541920,9430202
Sri Lanka,2004,4986043,13085370,1301125,1719340,3266703,3504343,9581027
Sri Lanka,2005,4996345,13192115,1336098,1743175,3253170,3463905,9728210
Sri Lanka,2006,5034923,13275410,1359818,1778596,3256327,3396549,9878861
Sri Lanka,2007,5067489,13360533,1382767,1797145,3270344,3333290,10027243
Sri Lanka,2008,5094056,13443955,1407821,1801749,3292307,3280985,10162970
Sri Lanka,2009,5117024,13519599,1438463,1797296,3319728,3242524,10277075
Sri Lanka,2010,5136604,13584246,1477503,1787443,3349161,3217405,10366841
Sri Lanka,2011,5140126,13617053,1557838,1770866,3369260,3177308,10439745
Sri Lanka,2012,5138127,13639502,1646926,1743692,3394435,3146877,10492625
Sri Lanka,2013,5129412,13656633,1741188,1709981,3419431,3127628,10529005
Sri Lanka,2014,5113476,13674842,1835246,1675097,3438379,3119093,10555749
Sri Lanka,2015,5090491,13697357,1926192,1643016,3447475,3119582,10577775
Sri Lanka,2016,5051147,13730666,2016679,1601546,3449601,3112742,10617924
Sri Lanka,2017,5013071,13761818,2102028,1575178,3437893,3110569,10651249
Sri Lanka,2018,4970875,13793498,2185668,1558790,3412085,3116454,10677044
Sri Lanka,2019,4918961,13827343,2272555,1544029,3374932,3133071,10694272
Sri Lanka,2020,4856129,13862332,2365581,1525245,3330884,3159977,10702355
Sri Lanka,2021,4797927,13888695,2459377,1515251,3282676,3179576,10709119
Sri Lanka,2022,4727924,13919416,2557161,1495241,3232683,3206781,10712635
Sri Lanka,2023,4650643,13950289,2657800,1468638,3182005,3237775,10712514
Sri Lanka,2024,4574260,13974227,2759000,1442374,3131886,3264885,10709342
Sri Lanka,2025,4503448,13986888,2859606,1421484,3081964,3282297,10704591
Sri Lanka,2026,4438978,13990910,2955953,1403762,3035216,3276383,10714527
Sri Lanka,2027,4381481,13983878,3050190,1389565,2991916,3259857,10724021
Sri Lanka,2028,4329182,13967490,3143018,1378814,2950368,3235773,10731717
Sri Lanka,2029,4278648,13945089,3235448,1369729,2908919,3207702,10737387
Sri Lanka,2030,4228628,13917979,3328094,1361504,2867124,3177080,10740899
Sri Lanka,2031,4187249,13885030,3414084,1358277,2828972,3128743,10756287
Sri Lanka,2032,4148149,13846892,3498938,1354084,2794065,3076431,10770461
Sri Lanka,2033,4110806,13804251,3582459,1349018,2761788,3024024,10780227
Sri Lanka,2034,4075534,13757569,3663764,1343603,2731931,2975114,10782455
Sri Lanka,2035,4042585,13706662,3742648,1338401,2704184,2931163,10775499
Sri Lanka,2036,4018191,13651139,3813300,1337047,2681144,2877613,10773526
Sri Lanka,2037,3995057,13594451,3879495,1332019,2663038,2829494,10764957
Sri Lanka,2038,3972352,13533542,3944739,1324163,2648189,2787730,10745812
Sri Lanka,2039,3949182,13463553,4014266,1314286,2634896,2751309,10712244
Sri Lanka,2040,3924781,13381524,4091411,1303131,2621650,2718701,10662823
Sri Lanka,2041,3902510,13288864,4171370,1291995,2610515,2675681,10613183
Sri Lanka,2042,3878894,13187524,4255716,1277933,2600961,2636534,10550990
Sri Lanka,2043,3852705,13081360,4341670,1261703,2591002,2603314,10478046
Sri Lanka,2044,3823018,12975364,4425009,1244073,2578945,2577165,10398199
Sri Lanka,2045,3789360,12872054,4503666,1225647,2563713,2557668,10314386
Sri Lanka,2046,3753823,12773457,4573510,1206178,2547645,2530122,10243335
Sri Lanka,2047,3716073,12678189,4636533,1186892,2529181,2508064,10170125
Sri Lanka,2048,3674794,12587289,4693518,1167711,2507083,2492337,10094952
Sri Lanka,2049,3629575,12501664,4744679,1148545,2481030,2482347,10019317
Sri Lanka,2050,3580889,12421251,4790212,1129506,2451383,2476527,9944724
Sri Lanka,2051,3533149,12348531,4823518,1112264,2420885,2461111,9887420
Sri Lanka,2052,3483702,12282618,4848325,1094975,2388727,2448532,9834086
Sri Lanka,2053,3432406,12221057,4867562,1077929,2354477,2439116,9781941
Sri Lanka,2054,3379953,12159211,4885525,1061647,2318306,2431664,9727547
Sri Lanka,2055,3327210,12093148,4905586,1046679,2280531,2424290,9668858
Sri Lanka,2056,3279203,12025468,4920385,1035234,2243969,2404083,9621385
Sri Lanka,2057,3232300,11955050,4934928,1023563,2208737,2382892,9572158
Sri Lanka,2058,3186206,11881928,4949700,1012053,2174153,2361789,9520139
Sri Lanka,2059,3141007,11806509,4964436,1001142,2139865,2341006,9465503
Sri Lanka,2060,3097062,11728172,4979597,991385,2105677,2319835,9408337
Sri Lanka,2061,3059788,11650352,4986499,985272,2074516,2286544,9363808
Sri Lanka,2062,3024557,11571307,4991636,978129,2046428,2252189,9319118
Sri Lanka,2063,2990926,11488795,4997878,970478,2020448,2218556,9270239
Sri Lanka,2064,2958623,11399273,5009150,962897,1995726,2186782,9212491
Sri Lanka,2065,2927553,11299944,5028449,955978,1971575,2156824,9143120
Sri Lanka,2066,2902335,11197062,5044998,951565,1950770,2118161,9078901
Sri Lanka,2067,2878905,11087729,5065804,946088,1932817,2081007,9006722
Sri Lanka,2068,2856222,10971908,5091862,939760,1916462,2046864,8925044
Sri Lanka,2069,2833364,10850101,5123471,932673,1900691,2016499,8833602
Sri Lanka,2070,2809867,10722612,5160702,925058,1884809,1989676,8732936
Sri Lanka,2071,2790062,10595035,5193624,918836,1871226,1956537,8638498
Sri Lanka,2072,2769845,10464868,5228862,910557,1859288,1926722,8538146
Sri Lanka,2073,2748640,10334509,5264555,900797,1847843,1901340,8433169
Sri Lanka,2074,2726071,10206324,5298658,890231,1835840,1880424,8325900
Sri Lanka,2075,2701725,10080645,5331202,879353,1822372,1863080,8217565
Sri Lanka,2076,2678848,9965734,5350675,868835,1810013,1840534,8125200
Sri Lanka,2077,2655374,9856915,5363846,857874,1797500,1821132,8035783
Sri Lanka,2078,2630208,9752390,5373646,846543,1783665,1805473,7946917
Sri Lanka,2079,2602653,9649455,5383525,834865,1767788,1793296,7856159
Sri Lanka,2080,2572580,9545970,5395818,822965,1749615,1783644,7762326
Sri Lanka,2081,2544955,9453562,5393946,812458,1732497,1768927,7684635
Sri Lanka,2082,2516183,9363530,5390254,801591,1714592,1756062,7607468
Sri Lanka,2083,2485703,9274875,5386358,790507,1695196,1745395,7529480
Sri Lanka,2084,2453632,9186698,5383098,779532,1674100,1736498,7450200
Sri Lanka,2085,2420429,9098122,5380965,769042,1651387,1728415,7369707
Sri Lanka,2086,2391427,9020890,5362948,760899,1630528,1714491,7306399
Sri Lanka,2087,2362396,8944758,5343565,752585,1609811,1700713,7244045
Sri Lanka,2088,2333100,8868967,5323860,744313,1588787,1687700,7181267
Sri Lanka,2089,2303509,8791940,5305495,736297,1567212,1675333,7116607
Sri Lanka,2090,2273740,8711689,5290385,728802,1544938,1662845,7048844
Sri Lanka,2091,2249471,8640387,5260757,724056,1525415,1644466,6995921
Sri Lanka,2092,2225846,8568128,5231441,718662,1507184,1625580,6942548
Sri Lanka,2093,2202475,8493495,5204352,712876,1489599,1607011,6886484
Sri Lanka,2094,2179252,8414966,5181218,707063,1472189,1589157,6825809
Sri Lanka,2095,2156257,8331295,5163286,701639,1454618,1571787,6759508
Sri Lanka,2096,2138514,8255008,5133120,698410,1440104,1549966,6705042
Sri Lanka,2097,2121530,8176148,5105261,694391,1427139,1528438,6647710
Sri Lanka,2098,2104835,8094733,5080262,689789,1415046,1508169,6586564
Sri Lanka,2099,2087922,8010506,5058978,684720,1403202,1489608,6520898
Sri Lanka,2100,2070278,7922477,5042994,679250,1391028,1472474,6450003
Sub-Saharan Africa,1950,74949182,98858291,5813603,30453684,44495498,33920451,64937840
Sub-Saharan Africa,1951,76795077,100361441,5882662,31316522,45478555,34429318,65932123
Sub-Saharan Africa,1952,78629334,102065817,5930368,32109621,46519713,35008882,67056935
Sub-Saharan Africa,1953,80426593,103990427,5960630,32849609,47576984,35663981,68326446
Sub-Saharan Africa,1954,82191483,106128835,5975033,33600597,48590886,36393169,69735666
Sub-Saharan Africa,1955,83943629,108462525,5973771,34457531,49486098,37195479,71267046
Sub-Saharan Africa,1956,86272409,110260353,6102291,35591084,50681325,37813688,72446665
Sub-Saharan Africa,1957,88483032,112364247,6218798,36483450,51999582,38547971,73816276
Sub-Saharan Africa,1958,90645836,114712381,6321892,37259079,53386757,39374738,75337643
Sub-Saharan Africa,1959,92829592,117245154,6410614,38058769,54770823,40269466,76975688
Sub-Saharan Africa,1960,95071363,119933314,6485441,39025446,56045917,41223955,78709359
Sub-Saharan Africa,1961,97870459,122159809,6670479,40212299,57658160,42014879,80144930
Sub-Saharan Africa,1962,100658568,124621195,6841407,41296292,59362276,42901899,81719296
Sub-Saharan Africa,1963,103444009,127308718,6998839,42351087,61092922,43881776,83426942
Sub-Saharan Africa,1964,106212107,130234234,7144092,43431568,62780539,44958221,85276013
Sub-Saharan Africa,1965,108957055,133403458,7278449,44614380,64342675,46137839,87265619
Sub-Saharan Africa,1966,112269777,136129240,7503841,46051240,66218537,47177127,88952113
Sub-Saharan Africa,1967,115471435,139202274,7717862,47270249,68201186,48356505,90845769
Sub-Saharan Africa,1968,118619608,142573643,7921640,48389052,70230556,49659323,92914320
Sub-Saharan Africa,1969,121787743,146180507,8115638,49559980,72227763,51064528,95115979
Sub-Saharan Africa,1970,125020923,149988051,8301143,50931619,74089304,52563646,97424405
Sub-Saharan Africa,1971,128874180,153347279,8576428,52571322,76302858,53928752,99418527
Sub-Saharan Africa,1972,132736061,156982418,8837804,54140637,78595424,55415671,101566747
Sub-Saharan Africa,1973,136629182,160891646,9085947,55711944,80917238,57012564,103879082
Sub-Saharan Africa,1974,140562775,165090808,9321702,57345605,83217170,58709234,106381574
Sub-Saharan Africa,1975,144549765,169584786,9546320,59126356,85423409,60502403,109082383
Sub-Saharan Africa,1976,149161148,173704682,9868388,61231993,87929155,62141746,111562936
Sub-Saharan Africa,1977,153746392,178206996,10180699,63125152,90621240,63888676,114318320
Sub-Saharan Africa,1978,158357744,183028777,10485817,64911028,93446716,65718752,117310025
Sub-Saharan Africa,1979,163042110,188107267,10785087,66715618,96326492,67611799,120495468
Sub-Saharan Africa,1980,167813219,193417125,11079183,68668120,99145099,69569277,123847848
Sub-Saharan Africa,1981,173389237,198171808,11433746,70898364,102490873,71422839,126748969
Sub-Saharan Africa,1982,178912945,203306339,11774375,72915772,105997173,73431031,129875308
Sub-Saharan Africa,1983,184396533,208808641,12103321,74819237,109577296,75595364,133213277
Sub-Saharan Africa,1984,189839052,214681280,12422974,76712018,113127034,77923293,136757987
Sub-Saharan Africa,1985,195236811,220927171,12735715,78715692,116521119,80424027,140503144
Sub-Saharan Africa,1986,201296371,226722407,13163799,80996211,120300160,82786111,143936296
Sub-Saharan Africa,1987,207212718,232993645,13580949,83021359,124191359,85347194,147646451
Sub-Saharan Africa,1988,213000860,239706621,13987690,84899684,128101176,88093715,151612906
Sub-Saharan Africa,1989,218659990,246836265,14384786,86734888,131925102,91016890,155819375
Sub-Saharan Africa,1990,224177533,254376866,14774621,88639406,135538127,94121491,160255375
Sub-Saharan Africa,1991,230240204,261552395,15246941,90789367,139450837,97096511,164455884
Sub-Saharan Africa,1992,236084661,269238005,15703120,92664796,143419865,100265045,168972960
Sub-Saharan Africa,1993,241766678,277388586,16146878,94414737,147351941,103591368,173797218
Sub-Saharan Africa,1994,247363562,285942245,16583205,96238574,151124988,107036041,178906204
Sub-Saharan Africa,1995,252933837,294856136,17016679,98342753,154591084,110585752,184270384
Sub-Saharan Africa,1996,259505415,303026569,17540842,100970611,158534804,114032775,188993794
Sub-Saharan Africa,1997,266019915,311638542,18045763,103550746,162469169,117635517,194003025
Sub-Saharan Africa,1998,272524124,320666300,18531239,106163751,166360373,121356745,199309555
Sub-Saharan Africa,1999,279048705,330106316,18992472,108853272,170195433,125161081,204945235
Sub-Saharan Africa,2000,285623863,339956386,19426885,111698340,173925523,129031045,210925341
Sub-Saharan Africa,2001,293244742,349080505,19986833,115110963,178133779,132544071,216536434
Sub-Saharan Africa,2002,300796031,358778701,20515700,118115513,182680518,136193942,222584759
Sub-Saharan Africa,2003,308397053,368984469,21023210,120895295,187501758,139940481,229043988
Sub-Saharan Africa,2004,316188377,379621372,21521074,123698652,192489725,143737222,235884150
Sub-Saharan Africa,2005,324242100,390665277,22018076,126762939,197479161,147576721,243088556
Sub-Saharan Africa,2006,333096730,401393861,22722281,130145515,202951215,151100128,250293733
Sub-Saharan Africa,2007,342083640,412685986,23419943,133356032,208727608,154739127,257946859
Sub-Saharan Africa,2008,351186113,424552592,24109971,136499086,214687027,158538689,266013903
Sub-Saharan Africa,2009,360350394,437029307,24790724,139653645,220696749,162570104,274459203
Sub-Saharan Africa,2010,369543254,450127251,25465649,142921924,226621330,166880813,283246438
Sub-Saharan Africa,2011,379272234,463212401,26263305,146430355,232841879,171109430,292102971
Sub-Saharan Africa,2012,388939725,477009539,27052221,149701380,239238345,175627307,301382232
Sub-Saharan Africa,2013,398542840,491475821,27843466,152818777,245724063,180425824,311049997
Sub-Saharan Africa,2014,408069498,506565492,28649918,155863881,252205617,185489374,321076118
Sub-Saharan Africa,2015,417500194,522251336,29482721,158928358,258571836,190808033,331443303
Sub-Saharan Africa,2016,427340526,537877621,30476760,162140649,265199877,196120671,341756950
Sub-Saharan Africa,2017,436948243,554236455,31479753,165045851,271902392,201723094,352513361
Sub-Saharan Africa,2018,446353121,571285616,32497104,167768444,278584677,207577257,363708359
Sub-Saharan Africa,2019,455601374,588972236,33532583,170463177,285138197,213624742,375347494
Sub-Saharan Africa,2020,464719950,607259814,34593117,173269315,291450635,219823278,387436536
Sub-Saharan Africa,2021,474160212,625537362,35829577,176179440,297980772,225966643,399570719
Sub-Saharan Africa,2022,483450240,644444662,37068799,179068191,304382049,232247508,412197154
Sub-Saharan Africa,2023,492574551,663992860,38321118,181966623,310607928,238660976,425331884
Sub-Saharan Africa,2024,501514998,684200549,39596105,184880727,316634271,245200294,439000255
Sub-Saharan Africa,2025,510282263,705052903,40904578,187843531,322438732,251846538,453206365
Sub-Saharan Africa,2026,519531220,725754544,42383414,191080972,328450248,258335864,467418680
Sub-Saharan Africa,2027,528550112,747166186,43877151,194106966,334443146,264933589,482232597
Sub-Saharan Africa,2028,537391886,769222028,45398677,197000762,340391124,271592876,497629152
Sub-Saharan Africa,2029,546138770,791829100,46958866,199872396,346266374,278241111,513587989
Sub-Saharan Africa,2030,554842594,814917834,48572722,202829966,352012628,284827992,530089842
Sub-Saharan Africa,2031,564094608,837761408,50369698,206041625,358052983,291146352,546615056
Sub-Saharan Africa,2032,573228132,861167958,52197738,209061939,364166193,297422224,563745734
Sub-Saharan Africa,2033,582249791,885088893,54084623,211960663,370289128,303655824,581433069
Sub-Saharan Africa,2034,591150956,909484123,56062043,214803282,376347674,309852581,599631542
Sub-Saharan Africa,2035,599925313,934315914,58157288,217665000,382260313,316015447,618300467
Sub-Saharan Africa,2036,609179377,958857568,60476870,220726898,388452479,321972582,636884986
Sub-Saharan Africa,2037,618236545,983914471,62878415,223570385,394666160,327906571,656007900
Sub-Saharan Africa,2038,627097961,1009445784,65383428,226261068,400836893,333846020,675599764
Sub-Saharan Africa,2039,635764372,1035409249,68013865,228870209,406894163,339827729,695581520
Sub-Saharan Africa,2040,644233227,1061764734,70793223,231471156,412762071,345872250,715892484
Sub-Saharan Africa,2041,653090622,1087818771,73812510,234225675,418864947,351852448,735966323
Sub-Saharan Africa,2042,661688779,1114345239,76928559,236786262,424902517,357905765,756439474
Sub-Saharan Africa,2043,670020874,1141298973,80172476,239203636,430817238,364025781,777273192
Sub-Saharan Africa,2044,678080566,1168628611,83579477,241527794,436552772,370191468,798437143
Sub-Saharan Africa,2045,685865701,1196285656,87179673,243814661,442051040,376383019,819902637
Sub-Saharan Africa,2046,693994564,1223582609,91023076,246252697,447741867,382510620,841071989
Sub-Saharan Africa,2047,701796238,1251287943,94996128,248487981,453308257,388669263,862618680
Sub-Saharan Africa,2048,709280144,1279371566,99105619,250574990,458705154,394844159,884527407
Sub-Saharan Africa,2049,716467997,1307802271,103348837,252577842,463890155,401006692,906795579
Sub-Saharan Africa,2050,723377442,1336538014,107736423,254560935,468816507,407130858,929407156
Sub-Saharan Africa,2051,730636571,1364917023,112286627,256707282,473929289,413168704,951748319
Sub-Saharan Africa,2052,737587942,1393658429,116919285,258698786,478889156,419157852,974500577
Sub-Saharan Africa,2053,744232507,1422711333,121664098,260571520,483660987,425087272,997624061
Sub-Saharan Africa,2054,750572457,1452024653,126548073,262357151,488215306,430937498,1021087155
Sub-Saharan Africa,2055,756615403,1481538797,131603278,264096032,492519371,436689161,1044849636
Sub-Saharan Africa,2056,763047374,1510577536,136801214,266027426,497019948,442324670,1068252866
Sub-Saharan Africa,2057,769145057,1539897545,142093777,267756669,501388388,447856419,1092041126
Sub-Saharan Africa,2058,774930781,1569406343,147538821,269338571,505592210,453278199,1116128144
Sub-Saharan Africa,2059,780440576,1598993568,153200314,270842982,509597594,458576066,1140417502
Sub-Saharan Africa,2060,785699518,1628566284,159133975,272335268,513364250,463737361,1164828923
Sub-Saharan Africa,2061,791365817,1657531712,165257802,274009649,517356168,468803727,1188727985
Sub-Saharan Africa,2062,796767702,1686558897,171555510,275562563,521205139,473726871,1212832026
Sub-Saharan Africa,2063,801898314,1715591294,178072932,277016606,524881708,478515633,1237075661
Sub-Saharan Africa,2064,806745296,1744578811,184854029,278385131,528360165,483176744,1261402067
Sub-Saharan Africa,2065,811307119,1773458986,191943902,279693438,531613681,487709813,1285749173
Sub-Saharan Africa,2066,816329409,1801608818,199202274,281218132,535111277,492181076,1309427742
Sub-Saharan Africa,2067,821031376,1829769099,206649738,282538670,538492706,496528674,1333240425
Sub-Saharan Africa,2068,825425363,1857852714,214338580,283696508,541728855,500754053,1357098661
Sub-Saharan Africa,2069,829530452,1885763288,222321795,284743053,544787399,504850894,1380912394
Sub-Saharan Africa,2070,833355149,1913418068,230650787,285728168,547626981,508813167,1404604901
Sub-Saharan Africa,2071,837615748,1940287819,239119227,286890966,550724782,512759524,1427528295
Sub-Saharan Africa,2072,841563118,1967052954,247777554,287874380,553688738,516577825,1450475129
Sub-Saharan Africa,2073,845193967,1993645881,256676367,288714010,556479957,520274520,1473371361
Sub-Saharan Africa,2074,848503108,2020003285,265863614,289445560,559057548,523851356,1496151929
Sub-Saharan Africa,2075,851488248,2046060024,275387471,290106388,561381860,527305681,1518754343
Sub-Saharan Africa,2076,854882967,2071361813,284950594,290933330,563949637,530794368,1540567445
Sub-Saharan Africa,2077,857946146,2096515919,294670145,291612888,566333258,534159654,1562356265
Sub-Saharan Africa,2078,860672914,2121474447,304583007,292167824,568505090,537407762,1584066685
Sub-Saharan Africa,2079,863061728,2146197773,314715152,292619766,570441962,540538626,1605659147
Sub-Saharan Africa,2080,865114888,2170627326,325108082,292994409,572120479,543546130,1627081196
Sub-Saharan Africa,2081,867599207,2194347023,335396195,293556562,574042645,546608136,1647738887
Sub-Saharan Africa,2082,869739998,2217945638,345750780,293959113,575780885,549549237,1668396401
Sub-Saharan Africa,2083,871544508,2241326134,356247886,294231444,577313064,552359733,1688966401
Sub-Saharan Africa,2084,873029513,2264383163,366962692,294410193,578619320,555017037,1709366126
Sub-Saharan Africa,2085,874207925,2287018286,377967834,294531354,579676571,557501578,1729516708
Sub-Saharan Africa,2086,875850423,2308931863,388780127,294849965,581000458,560028996,1748902867
Sub-Saharan Africa,2087,877192392,2330615840,399660407,295042345,582150047,562386406,1768229434
Sub-Saharan Africa,2088,878231627,2351975975,410693747,295126629,583104998,564574988,1787400987
Sub-Saharan Africa,2089,878966104,2372920314,421963346,295118393,583847711,566591402,1806328912
Sub-Saharan Africa,2090,879397837,2393355787,433549851,295038910,584358927,568428880,1824926907
Sub-Saharan Africa,2091,880328176,2413033162,444891512,295173550,585154626,570319008,1842714154
Sub-Saharan Africa,2092,880956651,2432428612,456303291,295153751,585802900,572038273,1860390339
Sub-Saharan Africa,2093,881289457,2451439134,467873481,295006418,586283039,573590269,1877848865
Sub-Saharan Africa,2094,881337557,2469958183,479689529,294764779,586572778,574972961,1894985222
Sub-Saharan Africa,2095,881107368,2487882654,491840485,294462737,586644631,576180879,1911701775
Sub-Saharan Africa,2096,881367199,2505059732,503703730,294355641,587011558,577471756,1927587976
Sub-Saharan Africa,2097,881358828,2521900433,515619887,294122844,587235984,578602170,1943298263
Sub-Saharan Africa,2098,881077302,2538308946,527683606,293784605,587292697,579577462,1958731484
Sub-Saharan Africa,2099,880511983,2554198628,539986517,293354790,587157193,580399265,1973799363
Sub-Saharan Africa,2100,879650794,2569481807,552623200,292845337,586805457,581064901,1988416906
Sudan,1950,2506377,3034886,192526,1030239,1476138,1074271,1960615
Sudan,1951,2585900,3100728,198036,1067038,1518862,1098960,2001768
Sudan,1952,2664331,3173710,203284,1099472,1564859,1126348,2047362
Sudan,1953,2742817,3253018,208264,1129869,1612948,1156000,2097018
Sudan,1954,2822277,3338082,212949,1160654,1661623,1187526,2150556
Sudan,1955,2903361,3428613,217324,1194779,1708582,1220829,2207784
Sudan,1956,2999664,3509449,223324,1235420,1764244,1250720,2258729
Sudan,1957,3095979,3598068,229068,1272504,1823475,1283438,2314630
Sudan,1958,3193389,3693851,234501,1308747,1884642,1318817,2375034
Sudan,1959,3292751,3796455,239512,1347005,1945746,1356831,2439624
Sudan,1960,3394612,3905801,244078,1390109,2004503,1397635,2508166
Sudan,1961,3511956,4007533,249993,1439642,2072314,1436384,2571149
Sudan,1962,3630771,4117895,255455,1488016,2142755,1478726,2639169
Sudan,1963,3751793,4236357,260662,1537048,2214745,1524503,2711854
Sudan,1964,3875666,4362490,265838,1588516,2287150,1573613,2788877
Sudan,1965,4002932,4496037,271128,1644562,2358370,1626079,2869958
Sudan,1966,4148583,4620926,278289,1708926,2439657,1676458,2944468
Sudan,1967,4296032,4756160,285465,1770188,2525844,1731397,3024763
Sudan,1968,4446373,4900728,292739,1830616,2615757,1790199,3110529
Sudan,1969,4600712,5053505,300193,1892903,2707809,1851975,3201530
Sudan,1970,4759761,5214019,307920,1960054,2799707,1916373,3297646
Sudan,1971,4937662,5365930,317880,2035218,2902444,1977973,3387957
Sudan,1972,5117701,5528898,328023,2106231,3011470,2043526,3485372
Sudan,1973,5302040,5703509,338377,2176282,3125758,2113285,3590224
Sudan,1974,5493216,5890781,348961,2249319,3243897,2187741,3703040
Sudan,1975,5692916,6091397,359822,2329350,3363566,2267343,3824054
Sudan,1976,5914070,6292029,372308,2415990,3498080,2348104,3943925
Sudan,1977,6140139,6509473,385013,2500549,3639590,2435307,4074166
Sudan,1978,6369998,6742438,397985,2584396,3785602,2528701,4213737
Sudan,1979,6601111,6989918,411274,2667891,3933220,2628245,4361673
Sudan,1980,6831163,7251323,424982,2751919,4079244,2734004,4517319
Sudan,1981,7079441,7508114,439715,2842549,4236892,2840259,4667855
Sudan,1982,7324014,7783551,454629,2924855,4399159,2954398,4829153
Sudan,1983,7563427,8074550,469753,3001122,4562305,3074976,4999574
Sudan,1984,7795367,8377565,485122,3073625,4721742,3200225,5177340
Sudan,1985,8018109,8691214,500864,3144992,4873117,3329354,5361860
Sudan,1986,8248775,8990731,517663,3219639,5029136,3454229,5536502
Sudan,1987,8466572,9301748,534267,3285601,5180971,3582958,5718790
Sudan,1988,8682505,9632545,551269,3351368,5331137,3718264,5914281
Sudan,1989,8913258,9993024,569327,3430321,5482937,3863404,6129620
Sudan,1990,9170564,10388150,588876,3533681,5636883,4019933,6368217
Sudan,1991,9453973,10825678,613974,3646784,5807189,4176295,6649383
Sudan,1992,9765329,11295277,640870,3781131,5984198,4340994,6954283
Sudan,1993,10085869,11781060,669008,3926716,6159153,4507844,7273216
Sudan,1994,10387148,12263067,697670,4064174,6322974,4669086,7593981
Sudan,1995,10649025,12727493,726468,4178804,6470221,4819942,7907551
Sudan,1996,10948574,13087104,750512,4325860,6622714,4945890,8141214
Sudan,1997,11206179,13431737,772535,4431375,6774804,5066178,8365559
Sudan,1998,11439549,13770710,793283,4507836,6931713,5183281,8587429
Sudan,1999,11677158,14116214,813670,4578987,7098171,5299567,8816647
Sudan,2000,11937590,14478443,834502,4665118,7272472,5417573,9060870
Sudan,2001,12227174,14856967,860864,4758377,7468797,5529662,9327305
Sudan,2002,12537237,15254884,887444,4858998,7678239,5643330,9611554
Sudan,2003,12854913,15667024,914007,4964226,7890687,5759947,9907077
Sudan,2004,13158270,16087914,940157,5064004,8094266,5881908,10206006
Sudan,2005,13433284,16512938,965692,5152019,8281265,6010371,10502567
Sudan,2006,13731612,16877954,997498,5253891,8477721,6106112,10771842
Sudan,2007,14006000,17247991,1028535,5333321,8672679,6212393,11035598
Sudan,2008,14264960,17630845,1059691,5397977,8866983,6333447,11297398
Sudan,2009,14522853,18035735,1092031,5460067,9062786,6474453,11561282
Sudan,2010,14788805,18470703,1126455,5529780,9259025,6639935,11830768
Sudan,2011,15039967,18962683,1164664,5592930,9447037,6836924,12125759
Sudan,2012,15291250,19494438,1204504,5654263,9636987,7055130,12439308
Sudan,2013,15541703,20061997,1246218,5716964,9824739,7289219,12772778
Sudan,2014,15789355,20658679,1289879,5783862,10005493,7530338,13128341
Sudan,2015,16034059,21278203,1335541,5858974,10175085,7771618,13506585
Sudan,2016,16292154,21900668,1386006,5940322,10351832,8001761,13898907
Sudan,2017,16546691,22548482,1438157,6021321,10525370,8231530,14316952
Sudan,2018,16799452,23219921,1492153,6104622,10694830,8460573,14759348
Sudan,2019,17052495,23913590,1548009,6192139,10860356,8688988,15224602
Sudan,2020,17307341,24627915,1605947,6285708,11021633,8916321,15711594
Sudan,2021,17575311,25352499,1664630,6388260,11187051,9135991,16216508
Sudan,2022,17842121,26099737,1724434,6486298,11355823,9351674,16748063
Sudan,2023,18109061,26865389,1786095,6582178,11526883,9562055,17303334
Sudan,2024,18377582,27644497,1850351,6679052,11698530,9765500,17878997
Sudan,2025,18648464,28433400,1917847,6780211,11868253,9961050,18472350
Sudan,2026,18944333,29209048,1987670,6892601,12051732,10144984,19064064
Sudan,2027,19239956,29997144,2058928,6999829,12240127,10322120,19675024
Sudan,2028,19535301,30796496,2132687,7103544,12431757,10494240,20302256
Sudan,2029,19829497,31606940,2210211,7205041,12624456,10664087,20942853
Sudan,2030,20121760,32428283,2292435,7306206,12815554,10833627,21594656
Sudan,2031,20436946,33235888,2378482,7416383,13020563,10999926,22235962
Sudan,2032,20746204,34058631,2467260,7516549,13229655,11167521,22891110
Sudan,2033,21049461,34895844,2558547,7609169,13440292,11337446,23558398
Sudan,2034,21346380,35747468,2651677,7697094,13649286,11510820,24236648
Sudan,2035,21636140,36613391,2746579,7783064,13853076,11688446,24924945
Sudan,2036,21939965,37471264,2843734,7872957,14067008,11869217,25602047
Sudan,2037,22233591,38347036,2940811,7954939,14278652,12055347,26291689
Sudan,2038,22516302,39239243,3039083,8030895,14485407,12246693,26992550
Sudan,2039,22787183,40146485,3139901,8102592,14684591,12442670,27703815
Sudan,2040,23045619,41067445,3244400,8171839,14873780,12642622,28424823
Sudan,2041,23313201,41979643,3352829,8244291,15068910,12846274,29133369
Sudan,2042,23567261,42908310,3462216,8311317,15255944,13053676,29854634
Sudan,2043,23807970,43851590,3573947,8374307,15433663,13263845,30587745
Sudan,2044,24036121,44807121,3689373,8434851,15601270,13475124,31331997
Sudan,2045,24252620,45772652,3809645,8494600,15758020,13686002,32086650
Sudan,2046,24480860,46723416,3935751,8560553,15920307,13896837,32826579
Sudan,2047,24697340,47685633,4064649,8622677,16074663,14106504,33579129
Sudan,2048,24902966,48658478,4196253,8682141,16220825,14313655,34344823
Sudan,2049,25099163,49641613,4329580,8740274,16358889,14516330,35125283
Sudan,2050,25287268,50633512,4464827,8798613,16488655,14712980,35920532
Sudan,2051,25492407,51606162,4604623,8866016,16626391,14904878,36701284
Sudan,2052,25689044,52589915,4743819,8928847,16760197,15090321,37499594
Sudan,2053,25878261,53578747,4887128,8988544,16889717,15269062,38309685
Sudan,2054,26061307,54565201,5040538,9046794,17014513,15440831,39124370
Sudan,2055,26239114,55544021,5208086,9105398,17133716,15605427,39938594
Sudan,2056,26437083,56487664,5391514,9173333,17263750,15765877,40721787
Sudan,2057,26628821,57428683,5584200,9236325,17392496,15919244,41509439
Sudan,2058,26814790,58365318,5787074,9295712,17519078,16066324,42298994
Sudan,2059,26995297,59296387,6000582,9352973,17642324,16208124,43088263
Sudan,2060,27170489,60220435,6225515,9409682,17760807,16345339,43875096
Sudan,2061,27365966,61110128,6463072,9474696,17891270,16482887,44627241
Sudan,2062,27554846,61998198,6706694,9534553,18020293,16616278,45381920
Sudan,2063,27736658,62882937,6957729,9589895,18146763,16746365,46136572
Sudan,2064,27910426,63763229,7217330,9641039,18269387,16874049,46889180
Sudan,2065,28075303,64637939,7486549,9688635,18386668,16999905,47638034
Sudan,2066,28257534,65479200,7766344,9742834,18514700,17129508,48349692
Sudan,2067,28428463,66322257,8049348,9788420,18640043,17257917,49064340
Sudan,2068,28588110,67165164,8336369,9826992,18761118,17385210,49779954
Sudan,2069,28736591,68006431,8627505,9860562,18876029,17511126,50495305
Sudan,2070,28873632,68844752,8923260,9890846,18982786,17635446,51209306
Sudan,2071,29023039,69657698,9221559,9924796,19098243,17765826,51891872
Sudan,2072,29160266,70473851,9517808,9953866,19206400,17894416,52579435
Sudan,2073,29284649,71291533,9813688,9978680,19305969,18021269,53270264
Sudan,2074,29395459,72109697,10110324,9999589,19395870,18146194,53963503
Sudan,2075,29492500,72926728,10409010,10017115,19475385,18268792,54657936
Sudan,2076,29601538,73720224,10705897,10039665,19561873,18397239,55322985
Sudan,2077,29697109,74518491,10997864,10057924,19639185,18522671,55995820
Sudan,2078,29779684,75317872,11288043,10072602,19707082,18644473,56673399
Sudan,2079,29850434,76114366,11579406,10084729,19765705,18761481,57352885
Sudan,2080,29910424,76904400,11874502,10095310,19815114,18872690,58031710
Sudan,2081,29985002,77664572,12171178,10112749,19872253,18986761,58677811
Sudan,2082,30049336,78424817,12464168,10127055,19922281,19094501,59330316
Sudan,2083,30104033,79181209,12757004,10138783,19965250,19195436,59985773
Sudan,2084,30150021,79929980,13052880,10148643,20001378,19288781,60641199
Sudan,2085,30188201,80667736,13354498,10157476,20030725,19373938,61293798
Sudan,2086,30243317,81367026,13664607,10174201,20069116,19459352,61907674
Sudan,2087,30291003,82062938,13972226,10187442,20103561,19536391,62526547
Sudan,2088,30331184,82751437,14280986,10197256,20133928,19605555,63145882
Sudan,2089,30363191,83429030,14594400,10203190,20160001,19667508,63761522
Sudan,2090,30386475,84092732,14915496,10205255,20181220,19722705,64370027
Sudan,2091,30425211,84710016,15252401,10213927,20211284,19778779,64931237
Sudan,2092,30453776,85323747,15587870,10214377,20239399,19828630,65495117
Sudan,2093,30473030,85930043,15925038,10208470,20264560,19872898,66057145
Sudan,2094,30484126,86525450,16266368,10198888,20285238,19912231,66613219
Sudan,2095,30487946,87106906,16614132,10188350,20299596,19947034,67159872
Sudan,2096,30500537,87648688,16978006,10179533,20321004,19986537,67662151
Sudan,2097,30507250,88185337,17337973,10170925,20336325,20021557,68163780
Sudan,2098,30508243,88713389,17697104,10163816,20344427,20052631,68660758
Sudan,2099,30501910,89231496,18057990,10157110,20344800,20080570,69150926
Sudan,2100,30485521,89739207,18423345,10147533,20337988,20106023,69633184
Suriname,1950,86000,116003,12999,37000,49000,39002,77001
Suriname,1951,90434,119322,12923,39650,50784,39949,79373
Suriname,1952,94497,122384,12771,41589,52908,40735,81649
Suriname,1953,98669,125136,12542,43322,55347,41313,83823
Suriname,1954,103188,127626,12274,45158,58030,41696,85930
Suriname,1955,108093,129991,12004,47293,60800,41997,87994
Suriname,1956,113563,131721,12201,49729,63834,42656,89065
Suriname,1957,119490,133453,12330,52264,67226,43193,90260
Suriname,1958,125732,135322,12328,54782,70950,43647,91675
Suriname,1959,131992,137477,12199,57106,74886,44183,93294
Suriname,1960,137994,139977,11995,59085,78909,44970,95007
Suriname,1961,142963,143082,12143,60862,82101,46429,96653
Suriname,1962,147506,146461,12361,62085,85421,48082,98379
Suriname,1963,151757,150124,12647,62829,88928,49851,100273
Suriname,1964,155911,154115,12971,63326,92585,51729,102386
Suriname,1965,160032,158471,13290,63834,96198,53769,104702
Suriname,1966,165538,161980,13615,64740,100798,55540,106440
Suriname,1967,170724,166106,13921,65195,105529,57904,108202
Suriname,1968,175109,170443,14181,65161,109948,60729,109714
Suriname,1969,178046,174460,14342,64518,113528,63788,110672
Suriname,1970,179117,177766,14390,63241,115876,66874,110892
Suriname,1971,178739,179318,14566,62358,116381,68079,111239
Suriname,1972,177351,179394,14579,61017,116334,68541,110853
Suriname,1973,175408,178484,14452,59406,116002,68543,109941
Suriname,1974,173534,177301,14264,57681,115853,68477,108824
Suriname,1975,172091,176475,14088,55794,116297,68758,107717
Suriname,1976,165830,181014,14520,51937,113893,71938,109076
Suriname,1977,159919,186157,14967,49127,110792,75189,110968
Suriname,1978,154184,191889,15384,47120,107064,78388,113501
Suriname,1979,148638,197768,15719,45748,102890,81173,116595
Suriname,1980,143548,203273,15956,44852,98696,83225,120048
Suriname,1981,138908,208323,16094,43642,95266,84714,123609
Suriname,1982,135551,212316,16165,43878,91673,85241,127075
Suriname,1983,133299,215756,16245,45072,88227,85020,130736
Suriname,1984,131835,219395,16430,46597,85238,84378,135017
Suriname,1985,131024,223668,16778,48100,82924,83557,140111
Suriname,1986,132286,227521,17060,50570,81716,83521,144000
Suriname,1987,133211,232932,17511,51636,81575,83721,149211
Suriname,1988,134175,239139,18077,51781,82394,83941,155198
Suriname,1989,135701,245118,18673,51771,83930,83903,161215
Suriname,1990,137940,250288,19244,52157,85783,83494,166794
Suriname,1991,140173,255091,19952,52139,88034,82941,172150
Suriname,1992,143046,259105,20612,52563,90483,82091,177014
Suriname,1993,146219,262583,21237,53316,92903,81120,181463
Suriname,1994,149088,266066,21883,54003,95085,80299,185767
Suriname,1995,151297,269860,22567,54304,96993,79782,190078
Suriname,1996,152362,274315,23359,54223,98139,80155,194160
Suriname,1997,152938,278930,24086,54139,98799,80588,198342
Suriname,1998,153097,283729,24734,53961,99136,81066,202663
Suriname,1999,153031,288654,25318,53702,99329,81667,206987
Suriname,2000,152873,293653,25864,53393,99480,82455,211198
Suriname,2001,153325,297789,26626,53230,100095,83296,214493
Suriname,2002,153590,302047,27407,52863,100727,84520,217527
Suriname,2003,153753,306401,28178,52384,101369,85937,220464
Suriname,2004,153861,310875,28894,51909,101952,87304,223571
Suriname,2005,153891,315522,29533,51509,102382,88514,227008
Suriname,2006,153487,320610,30210,51002,102485,89713,230897
Suriname,2007,152970,325917,30818,50623,102347,90828,235089
Suriname,2008,152360,331394,31394,50357,102003,91883,239511
Suriname,2009,151689,336930,32000,50168,101521,92921,244009
Suriname,2010,151016,342419,32668,50043,100973,93945,248474
Suriname,2011,150545,347586,33458,50062,100483,94904,252682
Suriname,2012,150117,352673,34287,50113,100004,95795,256878
Suriname,2013,149738,357657,35145,50184,99554,96572,261085
Suriname,2014,149387,362505,36036,50229,99158,97155,265350
Suriname,2015,149043,367212,36953,50219,98824,97511,269701
Suriname,2016,149033,371347,37988,50314,98719,97667,273680
Suriname,2017,148934,375407,39061,50196,98738,97655,277752
Suriname,2018,148773,379355,40173,49927,98846,97518,281837
Suriname,2019,148598,383153,41334,49618,98980,97326,285827
Suriname,2020,148405,386784,42563,49341,99064,97141,289643
Suriname,2021,148142,390164,43990,49015,99127,96908,293256
Suriname,2022,147911,393391,45405,48771,99140,96650,296741
Suriname,2023,147655,396395,46927,48579,99076,96403,299992
Suriname,2024,147295,399106,48707,48376,98919,96228,302878
Suriname,2025,146788,401466,50841,48120,98668,96152,305314
Suriname,2026,146283,403267,53376,47934,98349,96101,307166
Suriname,2027,145649,404766,56196,47668,97981,96135,308631
Suriname,2028,144905,406107,59129,47336,97569,96232,309875
Suriname,2029,144101,407479,61934,46981,97120,96341,311138
Suriname,2030,143265,408985,64478,46630,96635,96427,312558
Suriname,2031,142467,410460,66855,46346,96121,96439,314021
Suriname,2032,141637,412109,68931,46021,95616,96418,315691
Suriname,2033,140772,413783,70852,45670,95102,96354,317429
Suriname,2034,139870,415304,72807,45306,94564,96236,319068
Suriname,2035,138924,416550,74911,44942,93982,96062,320488
Suriname,2036,138009,417458,77166,44637,93372,95773,321685
Suriname,2037,137074,418139,79498,44309,92765,95397,322742
Suriname,2038,136112,418726,81794,43962,92150,94964,323762
Suriname,2039,135129,419413,83860,43614,91515,94510,324903
Suriname,2040,134127,420297,85594,43274,90853,94061,326236
Suriname,2041,133177,421240,87065,43003,90174,93558,327682
Suriname,2042,132223,422378,88205,42713,89510,93041,329337
Suriname,2043,131269,423568,89153,42411,88858,92517,331051
Suriname,2044,130306,424604,90106,42103,88203,91980,332624
Suriname,2045,129340,425379,91189,41799,87541,91439,333940
Suriname,2046,128430,425778,92447,41566,86864,90834,334944
Suriname,2047,127525,425980,93768,41295,86230,90214,335766
Suriname,2048,126617,426009,95127,40996,85621,89584,336425
Suriname,2049,125718,425937,96474,40689,85029,88959,336978
Suriname,2050,124831,425794,97774,40396,84435,88348,337446
Suriname,2051,123971,425416,99180,40151,83820,87691,337725
Suriname,2052,123135,424997,100509,39890,83245,87032,337965
Suriname,2053,122308,424502,101813,39615,82693,86376,338126
Suriname,2054,121484,423873,103163,39333,82151,85744,338129
Suriname,2055,120650,423078,104599,39046,81604,85142,337936
Suriname,2056,119827,421920,106294,38806,81021,84507,337413
Suriname,2057,119002,420678,107994,38529,80473,83888,336790
Suriname,2058,118181,419360,109688,38233,79948,83293,336067
Suriname,2059,117358,417999,111344,37928,79430,82719,335280
Suriname,2060,116531,416599,112971,37631,78900,82174,334425
Suriname,2061,115707,415007,114707,37367,78340,81609,333398
Suriname,2062,114892,413437,116341,37094,77798,81057,332380
Suriname,2063,114078,411857,117911,36812,77266,80513,331344
Suriname,2064,113258,410275,119420,36526,76732,79987,330288
Suriname,2065,112425,408685,120881,36242,76183,79480,329205
Suriname,2066,111606,406990,122352,36003,75603,78954,328036
Suriname,2067,110792,405342,123714,35746,75046,78430,326912
Suriname,2068,109979,403727,124977,35477,74502,77916,325811
Suriname,2069,109168,402092,126183,35204,73964,77408,324684
Suriname,2070,108350,400408,127379,34933,73417,76914,323494
Suriname,2071,107564,398616,128577,34709,72855,76399,322217
Suriname,2072,106783,396838,129696,34463,72320,75882,320956
Suriname,2073,106001,395022,130778,34204,71797,75360,319662
Suriname,2074,105219,393130,131882,33942,71277,74840,318290
Suriname,2075,104445,391150,133012,33690,70755,74328,316822
Suriname,2076,103701,389061,134169,33479,70222,73800,315261
Suriname,2077,102977,386929,135291,33266,69711,73264,313665
Suriname,2078,102264,384776,136383,33049,69215,72731,312045
Suriname,2079,101558,382602,137432,32829,68729,72205,310397
Suriname,2080,100848,380401,138458,32609,68239,71694,308707
Suriname,2081,100169,378157,139447,32431,67738,71176,306981
Suriname,2082,99499,375948,140350,32229,67270,70660,305288
Suriname,2083,98831,373759,141194,32009,66822,70153,303606
Suriname,2084,98168,371552,142010,31781,66387,69652,301900
Suriname,2085,97506,369315,142831,31560,65946,69161,300154
Suriname,2086,96870,367054,143627,31371,65499,68669,298385
Suriname,2087,96248,364831,144338,31175,65073,68179,296652
Suriname,2088,95641,362627,144995,30976,64665,67695,294932
Suriname,2089,95030,360438,145629,30771,64259,67226,293212
Suriname,2090,94411,358222,146270,30564,63847,66767,291455
Suriname,2091,93812,356023,146866,30390,63422,66318,289705
Suriname,2092,93217,353873,147394,30198,63019,65875,287998
Suriname,2093,92623,351745,147887,29997,62626,65440,286305
Suriname,2094,92021,349622,148371,29788,62233,65015,284607
Suriname,2095,91416,347480,148878,29582,61834,64600,282880
Suriname,2096,90837,345396,149279,29407,61430,64198,281198
Suriname,2097,90266,343352,149626,29225,61041,63798,279554
Suriname,2098,89699,341329,149942,29039,60660,63405,277924
Suriname,2099,89128,339297,150260,28851,60277,63012,276285
Suriname,2100,88546,337242,150604,28661,59885,62622,274620
Swaziland,1950,117389,148304,7310,48673,68716,51932,96372
Swaziland,1951,120961,150414,7577,50443,70518,52645,97769
Swaziland,1952,124410,153093,7831,51644,72766,53594,99499
Swaziland,1953,128006,156101,8071,52700,75306,54693,101408
Swaziland,1954,131845,159362,8279,53842,78003,55904,103458
Swaziland,1955,135886,162871,8469,55228,80658,57233,105638
Swaziland,1956,140317,166265,8759,56663,83654,58460,107805
Swaziland,1957,144888,169807,9017,58206,86682,59752,110055
Swaziland,1958,149443,173536,9242,59820,89623,61157,112379
Swaziland,1959,153795,177510,9443,61456,92339,62743,114767
Swaziland,1960,157834,181731,9609,63100,94734,64550,117181
Swaziland,1961,162740,184826,9887,65273,97467,65684,119142
Swaziland,1962,167365,188144,10127,67125,100240,67098,121046
Swaziland,1963,171826,191727,10344,68801,103025,68818,122909
Swaziland,1964,176368,195565,10536,70549,105819,70838,124727
Swaziland,1965,181142,199689,10715,72587,108555,73163,126526
Swaziland,1966,186516,203639,11028,75030,111486,75006,128633
Swaziland,1967,192095,207938,11319,77388,114707,77160,130778
Swaziland,1968,197909,212632,11599,79780,118129,79633,132999
Swaziland,1969,203988,217735,11865,82324,121664,82357,135378
Swaziland,1970,210362,223241,12126,85170,125192,85281,137960
Swaziland,1971,217358,228716,12531,88487,128871,87206,141510
Swaziland,1972,224686,234618,12926,91649,133037,89259,145359
Swaziland,1973,232311,240939,13311,94752,137559,91568,149371
Swaziland,1974,240182,247646,13684,97893,142289,94209,153437
Swaziland,1975,248271,254709,14044,101204,147067,97214,157495
Swaziland,1976,257299,261357,14558,105059,152240,100239,161118
Swaziland,1977,266454,268593,15071,108524,157930,103559,165034
Swaziland,1978,275709,276292,15558,111781,163928,107167,169125
Swaziland,1979,285023,284289,16032,115037,169986,111010,173279
Swaziland,1980,294348,292534,16490,118475,175873,115070,177464
Swaziland,1981,303263,300904,17109,121951,181312,118150,182754
Swaziland,1982,312157,309372,17708,125380,186777,121328,188044
Swaziland,1983,321462,318541,18317,128993,192469,124964,193577
Swaziland,1984,331929,329088,18959,133209,198720,129363,199725
Swaziland,1985,344131,341303,19651,138457,205674,134629,206674
Swaziland,1986,357568,356282,20393,144092,213476,141097,215185
Swaziland,1987,372352,373168,21187,150080,222272,148219,224949
Swaziland,1988,387444,391020,21992,155948,231496,155614,235406
Swaziland,1989,401192,408745,22745,160713,240479,162781,245964
Swaziland,1990,412295,425660,23418,163565,248730,169393,256267
Swaziland,1991,424550,436818,24255,166968,257582,172635,264183
Swaziland,1992,434006,447047,24981,167627,266379,175654,271393
Swaziland,1993,441282,457095,25648,166290,274992,179004,278091
Swaziland,1994,447574,467881,26319,164303,283271,183270,284611
Swaziland,1995,453690,480069,27033,162796,290894,188838,291231
Swaziland,1996,459497,494366,27901,160992,298505,195709,298657
Swaziland,1997,465197,510015,28783,159893,305304,203498,306517
Swaziland,1998,469888,526470,29651,159266,310622,212049,314421
Swaziland,1999,472337,542829,30463,158523,313814,220964,321865
Swaziland,2000,471915,558361,31192,157286,314629,229832,328529
Swaziland,2001,471626,569258,32043,157324,314302,236326,332932
Swaziland,2002,469696,578561,32673,157038,312658,242277,336284
Swaziland,2003,467200,587099,33093,156750,310450,247888,339211
Swaziland,2004,465661,596061,33331,157026,308635,253405,342656
Swaziland,2005,466054,606398,33421,158278,307776,259098,347300
Swaziland,2006,465697,620756,34061,159558,306139,266264,354492
Swaziland,2007,466745,636996,34693,161518,305227,273575,363421
Swaziland,2008,468919,654654,35324,163950,304969,280720,373934
Swaziland,2009,471713,673003,35959,166508,305205,287235,385768
Swaziland,2010,474810,691443,36590,169062,305748,292738,398705
Swaziland,2011,478692,709080,37486,172392,306300,295409,413671
Swaziland,2012,482598,727167,38393,174480,308118,297190,429977
Swaziland,2013,486749,745409,39298,175766,310983,298205,447204
Swaziland,2014,491391,763530,40176,176879,314512,298704,464826
Swaziland,2015,496562,781435,41014,178311,318251,298906,482529
Swaziland,2016,502234,798701,42163,179605,322629,298143,500558
Swaziland,2017,508424,815578,43252,181136,327288,297116,518462
Swaziland,2018,514770,832316,44299,182788,331982,296197,536119
Swaziland,2019,520687,849404,45323,184194,336493,295900,553504
Swaziland,2020,525827,867126,46342,185100,340727,296524,570602
Swaziland,2021,530818,884478,47658,185936,344882,297404,587074
Swaziland,2022,534904,902530,48946,186087,348817,299287,603243
Swaziland,2023,538171,921195,50201,185715,352456,302091,619104
Swaziland,2024,540879,940237,51424,185147,355732,305584,634653
Swaziland,2025,543173,959539,52620,184623,358550,309585,649954
Swaziland,2026,544950,978803,54147,183870,361080,313597,665206
Swaziland,2027,546389,998267,55621,183327,363062,318129,680138
Swaziland,2028,547406,1018018,57042,182952,364454,323037,694981
Swaziland,2029,547907,1038176,58426,182622,365285,328081,710095
Swaziland,2030,547911,1058748,59776,182272,365639,333044,725704
Swaziland,2031,547824,1078978,61450,182146,365678,337201,741777
Swaziland,2032,547369,1099506,63092,181951,365418,341186,758320
Swaziland,2033,546631,1120289,64678,181720,364911,344968,775321
Swaziland,2034,545784,1141228,66148,181532,364252,348498,792730
Swaziland,2035,544954,1162241,67490,181465,363489,351719,810522
Swaziland,2036,544470,1182572,69122,181735,362735,353940,828632
Swaziland,2037,544022,1202885,70689,181883,362139,355797,847088
Swaziland,2038,543613,1223102,72244,181948,361665,357319,865783
Swaziland,2039,543229,1243125,73869,181961,361268,358516,884609
Swaziland,2040,542860,1262884,75626,181968,360892,359398,903486
Swaziland,2041,542820,1281604,77960,182181,360639,359383,922221
Swaziland,2042,542761,1300047,80447,182149,360612,359067,940980
Swaziland,2043,542658,1318076,83209,181928,360730,358593,959483
Swaziland,2044,542478,1335508,86416,181589,360889,358117,977391
Swaziland,2045,542168,1352246,90194,181184,360984,357739,994507
Swaziland,2046,541900,1367649,94981,180778,361122,356968,1010681
Swaziland,2047,541502,1382422,100221,180232,361270,356303,1026119
Swaziland,2048,540913,1396539,105995,179572,361341,355816,1040723
Swaziland,2049,540077,1409928,112411,178814,361263,355539,1054389
Swaziland,2050,538957,1422565,119514,177971,360986,355475,1067090
Swaziland,2051,537750,1433886,127659,177116,360634,355221,1078665
Swaziland,2052,536296,1444539,136329,176184,360112,355169,1089370
Swaziland,2053,534566,1454654,145411,175190,359376,355305,1099349
Swaziland,2054,532558,1464393,154715,174147,358411,355580,1108813
Swaziland,2055,530291,1473844,164140,173074,357217,355926,1117918
Swaziland,2056,528076,1482510,173840,172097,355979,356012,1126498
Swaziland,2057,525658,1490911,183549,171081,354577,356128,1134783
Swaziland,2058,523029,1499139,193180,170035,352994,356255,1142884
Swaziland,2059,520229,1507296,202589,168986,351243,356334,1150962
Swaziland,2060,517284,1515430,211700,167954,349330,356303,1159127
Swaziland,2061,514601,1523220,220428,167115,347486,355900,1167320
Swaziland,2062,511824,1530999,228790,166234,345590,355344,1175655
Swaziland,2063,508967,1538708,236831,165333,343634,354656,1184052
Swaziland,2064,506039,1546276,244607,164426,341613,353848,1192428
Swaziland,2065,503068,1553630,252169,163544,339524,352904,1200726
Swaziland,2066,500484,1560574,259280,162880,337604,351628,1208946
Swaziland,2067,497877,1567378,266076,162144,335733,350192,1217186
Swaziland,2068,495254,1573849,272751,161363,333891,348651,1225198
Swaziland,2069,492599,1579754,279553,160552,332047,347042,1232712
Swaziland,2070,489919,1584919,286638,159738,330181,345383,1239536
Swaziland,2071,487596,1589174,293813,159091,328505,343511,1245663
Swaziland,2072,485254,1592841,301130,158355,326899,341586,1251255
Swaziland,2073,482876,1595906,308624,157555,325321,339659,1256247
Swaziland,2074,480461,1598370,316288,156718,323743,337766,1260604
Swaziland,2075,477998,1600241,324149,155875,322123,335921,1264320
Swaziland,2076,475769,1601234,332204,155130,320639,333974,1267260
Swaziland,2077,473518,1601781,340280,154346,319172,332068,1269713
Swaziland,2078,471214,1601885,348420,153528,317686,330244,1271641
Swaziland,2079,468829,1601535,356669,152672,316157,328515,1273020
Swaziland,2080,466333,1600739,365055,151771,314562,326872,1273867
Swaziland,2081,464012,1599082,373707,150959,313053,325154,1273928
Swaziland,2082,461602,1597196,382273,150068,311534,323518,1273678
Swaziland,2083,459098,1595090,390745,149120,309978,321975,1273115
Swaziland,2084,456529,1592816,399092,148162,308367,320503,1272313
Swaziland,2085,453897,1590363,407301,147217,306680,319070,1271293
Swaziland,2086,451410,1587463,415455,146347,305063,317555,1269908
Swaziland,2087,448921,1584567,423240,145508,303413,316065,1268502
Swaziland,2088,446399,1581640,430748,144690,301709,314611,1267029
Swaziland,2089,443806,1578623,438053,143868,299938,313182,1265441
Swaziland,2090,441136,1575464,445234,143033,298103,311759,1263705
Swaziland,2091,438719,1571988,452133,142341,296378,310246,1261742
Swaziland,2092,436252,1568574,458683,141593,294659,308726,1259848
Swaziland,2093,433742,1565117,464985,140803,292939,307207,1257910
Swaziland,2094,431207,1561480,471159,140002,291205,305676,1255804
Swaziland,2095,428666,1557576,477303,139220,289446,304115,1253461
Swaziland,2096,426403,1553418,483099,138564,287839,302487,1250931
Swaziland,2097,424159,1549193,488633,137894,286265,300823,1248370
Swaziland,2098,421918,1544797,494015,137216,284702,299142,1245655
Swaziland,2099,419651,1540166,499358,136526,283125,297461,1242705
Swaziland,2100,417334,1535228,504739,135813,281521,295776,1239452
Sweden,1950,1634389,4661282,714241,617946,1016443,882675,3778607
Sweden,1951,1661962,4679475,731790,600300,1061662,871655,3807820
Sweden,1952,1682628,4696077,748815,577616,1105012,865212,3830865
Sweden,1953,1701730,4709205,764732,559102,1142628,863790,3845415
Sweden,1954,1718082,4722448,779534,546418,1171664,868812,3853636
Sweden,1955,1728304,4740553,793766,536541,1191763,881329,3859224
Sweden,1956,1721252,4771356,812171,515391,1205861,903499,3867857
Sweden,1957,1715986,4802648,828845,509562,1206424,931205,3871443
Sweden,1958,1707996,4838159,845093,512297,1195699,963751,3874408
Sweden,1959,1695230,4879069,861963,517784,1177446,999618,3879451
Sweden,1960,1678522,4924131,879890,522440,1156082,1037147,3886984
Sweden,1961,1670072,4961163,898946,536542,1133530,1079158,3882005
Sweden,1962,1655011,5005804,918751,544176,1110835,1123658,3882146
Sweden,1963,1638031,5054093,939333,547228,1090803,1166214,3887879
Sweden,1964,1625761,5100465,960504,550031,1075730,1200695,3899770
Sweden,1965,1621480,5141898,982295,555820,1065660,1223336,3918562
Sweden,1966,1626861,5175644,1006581,564330,1062531,1239988,3935656
Sweden,1967,1637325,5207582,1031000,571501,1065824,1246221,3961361
Sweden,1968,1652021,5234944,1055357,577719,1074302,1242863,3992081
Sweden,1969,1666893,5256721,1079571,581747,1085146,1232667,4024054
Sweden,1970,1678496,5272831,1103589,582466,1096030,1217631,4055200
Sweden,1971,1688296,5274447,1133050,580155,1108141,1194392,4080055
Sweden,1972,1695319,5270545,1161170,575973,1119346,1167233,4103312
Sweden,1973,1699046,5264290,1188262,569712,1129334,1139660,4124630
Sweden,1974,1699270,5259969,1214729,561378,1137892,1116538,4143431
Sweden,1975,1696023,5260394,1240923,551131,1144892,1100836,4159558
Sweden,1976,1689307,5266591,1267351,538259,1151048,1096814,4169777
Sweden,1977,1678709,5279095,1292891,524675,1154034,1100092,4179003
Sweden,1978,1664755,5295654,1317005,511154,1153601,1108162,4187492
Sweden,1979,1648138,5313206,1338659,498744,1149394,1117432,4195774
Sweden,1980,1629116,5329890,1357332,487696,1141420,1125657,4204233
Sweden,1981,1603581,5343131,1378781,473753,1129828,1134190,4208941
Sweden,1982,1578700,5354877,1395848,466288,1112412,1142864,4212013
Sweden,1983,1554940,5366839,1410664,464118,1090822,1151110,4215729
Sweden,1984,1533755,5380652,1426033,466337,1067418,1158418,4222234
Sweden,1985,1517307,5396818,1443527,472702,1044605,1164245,4232573
Sweden,1986,1509876,5413645,1461468,484920,1024956,1173149,4240496
Sweden,1987,1507735,5432975,1480346,500327,1007408,1179472,4253503
Sweden,1988,1511441,5454516,1498830,517772,993669,1181964,4272552
Sweden,1989,1520951,5478452,1514803,535729,985222,1179630,4298822
Sweden,1990,1535697,5504659,1527028,553121,982576,1172215,4332444
Sweden,1991,1562635,5525171,1537331,575603,987032,1161766,4363405
Sweden,1992,1591401,5550802,1544535,591682,999719,1147985,4402817
Sweden,1993,1620814,5577578,1548384,601260,1019554,1131057,4446521
Sweden,1994,1646802,5602381,1549051,602644,1044158,1112141,4490240
Sweden,1995,1664905,5624398,1547117,594427,1070478,1092719,4531679
Sweden,1996,1675121,5636875,1547195,580131,1094990,1073486,4563389
Sweden,1997,1672070,5651197,1545586,551962,1120108,1055313,4595884
Sweden,1998,1659860,5668010,1542978,516379,1143481,1039886,4628124
Sweden,1999,1646214,5687080,1539806,484369,1161845,1029464,4657616
Sweden,2000,1636202,5708587,1536851,463548,1172654,1025624,4682963
Sweden,2001,1609311,5748802,1539680,431681,1177630,1035379,4713423
Sweden,2002,1597731,5783023,1539940,430044,1167687,1048865,4734158
Sweden,2003,1593804,5816306,1541312,449019,1144785,1066089,4750217
Sweden,2004,1586840,5855197,1548602,472935,1113905,1087235,4767962
Sweden,2005,1573134,5901210,1564279,491224,1081910,1111843,4789367
Sweden,2006,1577665,5936217,1582382,524796,1052869,1146287,4789930
Sweden,2007,1568653,5986561,1608029,541851,1026802,1185981,4800580
Sweden,2008,1553857,6043618,1639415,546902,1006955,1225096,4818522
Sweden,2009,1545644,6093818,1674016,549339,996305,1255009,4838809
Sweden,2010,1550122,6129292,1710754,555835,994287,1270424,4858868
Sweden,2011,1563039,6151729,1751124,561780,1001259,1278339,4873390
Sweden,2012,1586049,6160537,1794321,567186,1018863,1272808,4887729
Sweden,2013,1618250,6158936,1838061,573764,1044486,1255628,4903308
Sweden,2014,1654030,6156723,1878623,580940,1073090,1231386,4925337
Sweden,2015,1688811,6161315,1913439,587405,1101406,1203550,4957765
Sweden,2016,1711691,6174682,1951160,583699,1127992,1176380,4998302
Sweden,2017,1737836,6192201,1980664,589973,1147863,1145734,5046467
Sweden,2018,1763120,6214418,2005171,601644,1161476,1116421,5097997
Sweden,2019,1783847,6239881,2029407,613100,1170747,1095025,5144856
Sweden,2020,1798932,6266448,2056306,620463,1178469,1085098,5181350
Sweden,2021,1819189,6285426,2083504,630795,1188394,1087024,5198402
Sweden,2022,1831725,6308481,2112216,635280,1196445,1102708,5205773
Sweden,2023,1838970,6333330,2142525,635171,1203799,1127087,5206243
Sweden,2024,1845000,6356798,2173912,633410,1211590,1151942,5204856
Sweden,2025,1851708,6377246,2206388,631851,1219857,1171874,5205372
Sweden,2026,1859907,6397995,2235943,628419,1231488,1191926,5206069
Sweden,2027,1867821,6417299,2265987,625511,1242310,1208553,5208746
Sweden,2028,1874814,6434632,2297364,623170,1251644,1221835,5212797
Sweden,2029,1879220,6449959,2331360,620626,1258594,1232940,5217019
Sweden,2030,1880264,6463049,2368728,617247,1263017,1242409,5220640
Sweden,2031,1880936,6477627,2402728,612004,1268932,1253846,5223781
Sweden,2032,1879545,6490358,2438629,608683,1270862,1263012,5227346
Sweden,2033,1876086,6502343,2475713,606755,1269331,1270472,5231871
Sweden,2034,1871082,6514982,2512566,605807,1265275,1277295,5237687
Sweden,2035,1865246,6528838,2548386,605393,1259853,1283910,5244928
Sweden,2036,1862556,6546003,2577229,605622,1256934,1294207,5251796
Sweden,2037,1859667,6565208,2603812,607714,1251953,1305079,5260129
Sweden,2038,1856862,6586264,2628338,611117,1245745,1315304,5270960
Sweden,2039,1854462,6608784,2651197,615179,1239283,1323100,5285684
Sweden,2040,1852813,6631958,2673121,619364,1233449,1327144,5304814
Sweden,2041,1857007,6656029,2688865,625196,1231811,1331359,5324670
Sweden,2042,1861507,6682850,2702176,630498,1231009,1333177,5349673
Sweden,2043,1866788,6710736,2714335,635414,1231374,1332496,5378240
Sweden,2044,1873120,6737391,2727434,640173,1232947,1329471,5407920
Sweden,2045,1880409,6760769,2743603,644803,1235606,1324092,5436677
Sweden,2046,1892332,6784367,2755715,649378,1242954,1320627,5463740
Sweden,2047,1904841,6806828,2769078,653957,1250884,1315893,5490935
Sweden,2048,1917451,6826404,2785592,658369,1259082,1310111,5516293
Sweden,2049,1929447,6841844,2806792,662288,1267159,1303953,5537891
Sweden,2050,1940421,6852480,2833400,665377,1275044,1297818,5554662
Sweden,2051,1954298,6864060,2855617,667590,1286708,1295955,5568105
Sweden,2052,1967151,6873129,2880809,670097,1297054,1295179,5577950
Sweden,2053,1978656,6878989,2909842,672555,1306101,1295369,5583620
Sweden,2054,1988417,6880410,2944222,674507,1313910,1296358,5584052
Sweden,2055,1996151,6876500,2985026,675442,1320709,1297787,5578713
Sweden,2056,2006068,6872998,3022236,675671,1330397,1303677,5569321
Sweden,2057,2014070,6865746,3064098,675998,1338072,1311037,5554709
Sweden,2058,2020037,6858346,3107188,676182,1343855,1319131,5539215
Sweden,2059,2023982,6856499,3145887,676001,1347981,1327054,5529445
Sweden,2060,2025954,6863252,3177191,675152,1350802,1334006,5529246
Sweden,2061,2030022,6883528,3192108,673850,1356172,1343816,5539712
Sweden,2062,2032585,6914256,3197366,673037,1359548,1353503,5560753
Sweden,2063,2033642,6951357,3197208,672505,1361137,1362541,5588816
Sweden,2064,2033210,6988196,3198491,672024,1361186,1370393,5617803
Sweden,2065,2031313,7019778,3206343,671278,1360035,1376446,5643332
Sweden,2066,2032371,7053487,3209031,670666,1361705,1384551,5668936
Sweden,2067,2032733,7084904,3214601,670904,1361829,1391685,5693219
Sweden,2068,2032266,7112735,3224555,671661,1360605,1397418,5715317
Sweden,2069,2030886,7136055,3239924,672573,1358313,1401423,5734632
Sweden,2070,2028629,7153911,3261638,673289,1355340,1403327,5750584
Sweden,2071,2030962,7175128,3275437,674895,1356067,1407377,5767751
Sweden,2072,2032929,7192423,3293520,676894,1356035,1410298,5782125
Sweden,2073,2034435,7205686,3315945,679046,1355389,1411756,5793930
Sweden,2074,2035385,7215563,3341974,681098,1354287,1411523,5804040
Sweden,2075,2035734,7222210,3371322,682790,1352944,1409358,5812852
Sweden,2076,2041177,7236494,3387416,685376,1355801,1409728,5826766
Sweden,2077,2046269,7250005,3404102,687936,1358333,1409227,5840778
Sweden,2078,2050880,7261429,3422734,690319,1360561,1407729,5853700
Sweden,2079,2054753,7268956,3445285,692322,1362431,1405196,5863760
Sweden,2080,2057602,7271014,3473540,693688,1363914,1401464,5869550
Sweden,2081,2064640,7279183,3490706,695413,1369227,1400831,5878352
Sweden,2082,2071076,7285297,3509789,697093,1373983,1400131,5885166
Sweden,2083,2076621,7288794,3531744,698541,1378080,1399184,5889610
Sweden,2084,2080876,7289217,3557587,699510,1381366,1397855,5891362
Sweden,2085,2083456,7285721,3588683,699688,1383768,1395868,5889853
Sweden,2086,2089027,7288901,3609774,699832,1389195,1397154,5891747
Sweden,2087,2093738,7291935,3631603,700133,1393605,1398957,5892978
Sweden,2088,2097397,7294725,3654674,700400,1396997,1400997,5893728
Sweden,2089,2099555,7296300,3680722,700315,1399240,1402785,5893515
Sweden,2090,2099554,7294479,3712758,699430,1400124,1403622,5890857
Sweden,2091,2102909,7302955,3731642,698846,1404063,1407825,5895130
Sweden,2092,2105344,7312650,3750674,698562,1406782,1412320,5900330
Sweden,2093,2106040,7320563,3773510,698156,1407884,1416253,5904310
Sweden,2094,2104593,7324908,3802166,697304,1407289,1419003,5905905
Sweden,2095,2101109,7325386,3836656,695795,1405314,1420259,5905127
Sweden,2096,2102288,7339480,3852663,695266,1407022,1424910,5914570
Sweden,2097,2101970,7351485,3871918,694814,1407156,1428718,5922767
Sweden,2098,2100360,7361283,3894252,694376,1405984,1431522,5929761
Sweden,2099,2097749,7368640,3919577,693913,1403836,1433202,5935438
Sweden,2100,2094168,7372186,3949193,693299,1400869,1433392,5938794
Switzerland,1950,1097700,3129899,440487,421700,676000,682000,2447899
Switzerland,1951,1117908,3157493,450887,418776,699132,685265,2472228
Switzerland,1952,1138195,3189621,461141,412943,725252,689143,2500478
Switzerland,1953,1162227,3219407,470348,410687,751540,692160,2527247
Switzerland,1954,1187327,3247084,478475,411937,775390,694707,2552377
Switzerland,1955,1209457,3275355,485994,413822,795635,697394,2577961
Switzerland,1956,1223039,3306862,496766,406548,816491,708069,2598793
Switzerland,1957,1237630,3338983,506386,409061,828569,721165,2617818
Switzerland,1958,1251628,3376019,516026,417344,834284,737592,2638427
Switzerland,1959,1264873,3421720,526803,428534,836339,758264,2663456
Switzerland,1960,1278831,3477922,539365,441111,837720,782609,2695313
Switzerland,1961,1312034,3529278,552095,458639,853395,812302,2716976
Switzerland,1962,1341117,3595759,566122,474404,866713,849675,2746084
Switzerland,1963,1366257,3671074,580827,487981,878276,891205,2779869
Switzerland,1964,1387587,3746558,595319,499159,888428,931401,2815157
Switzerland,1965,1404493,3816401,609062,507638,896855,965636,2850765
Switzerland,1966,1423996,3865708,627205,519739,904257,978134,2887574
Switzerland,1967,1439035,3908171,644473,523735,915300,983096,2925075
Switzerland,1968,1450552,3944763,661046,521285,929267,981325,2963438
Switzerland,1969,1458955,3978509,677258,514688,944267,975270,3003239
Switzerland,1970,1464023,4011950,693385,506143,957880,967146,3044804
Switzerland,1971,1470585,4036861,714189,496227,974358,959468,3077393
Switzerland,1972,1472690,4063054,734377,483799,988891,951230,3111824
Switzerland,1973,1469408,4088483,753587,469714,999694,943187,3145296
Switzerland,1974,1458943,4110753,771366,454037,1004906,937031,3173722
Switzerland,1975,1439914,4128844,787427,436201,1003713,934017,3194827
Switzerland,1976,1411453,4135494,808283,413291,998162,932983,3202511
Switzerland,1977,1377489,4136735,826957,393867,983622,935650,3201085
Switzerland,1978,1338886,4139035,843614,377342,961544,941715,3197320
Switzerland,1979,1298743,4149608,858188,364166,934577,950230,3199378
Switzerland,1980,1260895,4171874,870841,355518,905377,960272,3211602
Switzerland,1981,1230865,4206853,878163,352587,878278,974755,3232098
Switzerland,1982,1204809,4253423,883316,353668,851141,989107,3264316
Switzerland,1983,1183021,4306281,887793,358022,824999,1000930,3305351
Switzerland,1984,1164766,4358147,893792,363646,801120,1007438,3350709
Switzerland,1985,1149245,4404408,902571,368792,780453,1007212,3397196
Switzerland,1986,1142985,4437109,913992,377957,765028,1005055,3432054
Switzerland,1987,1135892,4468139,927858,381038,754854,997034,3471105
Switzerland,1988,1130462,4498691,943113,380513,749949,983820,3514871
Switzerland,1989,1130365,4530657,958133,380726,749639,966716,3563941
Switzerland,1990,1137714,4565100,972076,385100,752614,947004,3618096
Switzerland,1991,1151204,4603042,986823,388660,762544,932450,3670592
Switzerland,1992,1172609,4642643,1000124,397503,775106,913889,3728754
Switzerland,1993,1198274,4681614,1011712,409642,788632,892984,3788630
Switzerland,1994,1221863,4717723,1021677,420248,801615,872286,3845437
Switzerland,1995,1238967,4749431,1030127,425144,813823,853882,3895549
Switzerland,1996,1251684,4764326,1045163,427894,823790,841255,3923071
Switzerland,1997,1257223,4775641,1058901,425346,831877,832726,3942915
Switzerland,1998,1256846,4786548,1071733,418337,838509,828035,3958513
Switzerland,1999,1253928,4800496,1084040,409615,844313,826309,3974187
Switzerland,2000,1250643,4820200,1096407,401331,849312,827153,3993047
Switzerland,2001,1242433,4850999,1109253,390268,852165,837418,4013581
Switzerland,2002,1234007,4887883,1122024,381036,852971,848084,4039799
Switzerland,2003,1225280,4930773,1135840,373780,851500,858355,4072418
Switzerland,2004,1216079,4979002,1152166,368541,847538,867684,4111318
Switzerland,2005,1206969,5031460,1171879,365676,841293,876040,4155420
Switzerland,2006,1198088,5087663,1195656,364200,833888,894215,4193448
Switzerland,2007,1190272,5147322,1222764,366024,824248,909745,4237577
Switzerland,2008,1184128,5208743,1253242,370547,813581,921514,4287229
Switzerland,2009,1180176,5269967,1287018,376776,803400,929031,4340936
Switzerland,2010,1178819,5329215,1323937,383995,794824,932500,4396715
Switzerland,2011,1185579,5388024,1356818,395095,790484,947835,4440189
Switzerland,2012,1193412,5445874,1392384,404393,789019,957737,4488137
Switzerland,2013,1203419,5499918,1429337,412453,790966,960839,4539079
Switzerland,2014,1215921,5548723,1464985,420010,795911,956443,4592280
Switzerland,2015,1230059,5592436,1497274,427271,802788,945266,4647170
Switzerland,2016,1245688,5624326,1531725,433657,812031,939619,4684707
Switzerland,2017,1260780,5652594,1562631,440445,820335,932606,4719988
Switzerland,2018,1275133,5677008,1591893,447012,828121,924608,4752400
Switzerland,2019,1288163,5697424,1622672,452298,835865,916448,4780976
Switzerland,2020,1299685,5713557,1657293,455593,844092,908441,4805116
Switzerland,2021,1314793,5722183,1694135,457880,856913,903061,4819122
Switzerland,2022,1327630,5728279,1733600,458740,868890,899446,4828833
Switzerland,2023,1338391,5731306,1776375,458451,879940,897274,4834032
Switzerland,2024,1347475,5730458,1823088,457602,889873,896163,4834295
Switzerland,2025,1355044,5725294,1874240,456335,898709,895674,4829620
Switzerland,2026,1362558,5718838,1925622,452299,910259,900701,4818137
Switzerland,2027,1368957,5709461,1980018,450475,918482,907274,4802187
Switzerland,2028,1373558,5697851,2037208,450018,923540,914825,4783026
Switzerland,2029,1375495,5684983,2096707,449604,925891,922790,4762193
Switzerland,2030,1374608,5671266,2158034,448133,926475,930477,4740789
Switzerland,2031,1375669,5658472,2214629,446049,929620,942497,4715975
Switzerland,2032,1373889,5646119,2271922,444196,929693,955032,4691087
Switzerland,2033,1369827,5635128,2328511,442439,927388,967070,4668058
Switzerland,2034,1364496,5626777,2382219,440929,923567,977438,4649339
Switzerland,2035,1358671,5621586,2431858,439604,919067,985134,4636452
Switzerland,2036,1356212,5622225,2470927,438029,918183,995099,4627126
Switzerland,2037,1353266,5627148,2504890,437667,915599,1003297,4623851
Switzerland,2038,1350009,5635015,2535069,438243,911766,1009236,4625779
Switzerland,2039,1346451,5643896,2563577,439299,907152,1012591,4631305
Switzerland,2040,1342772,5652007,2592159,440389,902383,1012963,4639044
Switzerland,2041,1343476,5662360,2613342,441591,901885,1015327,4647033
Switzerland,2042,1344092,5673807,2632764,443659,900433,1015757,4658050
Switzerland,2043,1344801,5684415,2652271,446331,898470,1014193,4670222
Switzerland,2044,1345701,5691540,2674514,449307,896394,1010846,4680694
Switzerland,2045,1346888,5693087,2701526,452211,894677,1005646,4687441
Switzerland,2046,1353073,5694114,2723624,455185,897888,1003973,4690141
Switzerland,2047,1359299,5691318,2748990,458748,900551,1001776,4689542
Switzerland,2048,1365426,5685020,2777174,462565,902861,998714,4686306
Switzerland,2049,1371195,5676659,2806621,466195,905000,994563,4682096
Switzerland,2050,1376488,5667089,2836324,469174,907314,989055,4678034
Switzerland,2051,1386211,5661648,2855963,471806,914405,987199,4674449
Switzerland,2052,1395139,5656868,2874328,474486,920653,985406,4671462
Switzerland,2053,1403206,5652257,2891995,477011,926195,983458,4668799
Switzerland,2054,1410250,5646941,2910079,479130,931120,981219,4665722
Switzerland,2055,1416105,5639990,2929775,480465,935640,978372,4661618
Switzerland,2056,1424810,5636702,2941754,480797,944013,979501,4657201
Switzerland,2057,1432392,5634415,2952720,481571,950821,981313,4653102
Switzerland,2058,1438623,5632992,2963220,482458,956165,983404,4649588
Switzerland,2059,1443180,5632298,2973942,483005,960175,985377,4646921
Switzerland,2060,1445862,5631599,2986044,482700,963162,986696,4644903
Switzerland,2061,1450722,5635618,2990803,481451,969271,991625,4643993
Switzerland,2062,1454107,5642253,2994030,480722,973385,997122,4645131
Switzerland,2063,1455891,5650458,2997068,480210,975681,1002578,4647880
Switzerland,2064,1456000,5658750,3001599,479592,976408,1007338,4651412
Switzerland,2065,1454419,5665510,3009406,478458,975961,1010700,4654810
Switzerland,2066,1455630,5677653,3009158,476886,978744,1017095,4660558
Switzerland,2067,1455767,5690839,3009040,476146,979621,1023243,4667596
Switzerland,2068,1454596,5703372,3010895,475843,978753,1028471,4674901
Switzerland,2069,1452003,5713751,3016189,475555,976448,1032199,4681552
Switzerland,2070,1448095,5720824,3025842,474868,973227,1033895,4686929
Switzerland,2071,1448224,5733817,3025262,474436,973788,1038246,4695571
Switzerland,2072,1447479,5745650,3026469,474549,972930,1041651,4703999
Switzerland,2073,1445853,5755157,3030543,474944,970909,1043687,4711470
Switzerland,2074,1443375,5761185,3038494,475347,968028,1044050,4717135
Switzerland,2075,1440104,5762622,3051320,475435,964669,1042370,4720252
Switzerland,2076,1441099,5768650,3054751,475852,965247,1043126,4725524
Switzerland,2077,1441698,5772736,3060027,476698,965000,1043029,4729707
Switzerland,2078,1441895,5774330,3067766,477769,964126,1041860,4732470
Switzerland,2079,1441493,5772397,3079334,478766,962727,1039421,4732976
Switzerland,2080,1440220,5765309,3096703,479308,960912,1035313,4729996
Switzerland,2081,1443038,5763233,3104779,480049,962989,1033966,4729267
Switzerland,2082,1445565,5759668,3114455,481150,964415,1032316,4727352
Switzerland,2083,1447455,5753569,3127260,482305,965150,1030009,4723560
Switzerland,2084,1448340,5744275,3144342,483163,965177,1026812,4717463
Switzerland,2085,1447970,5731104,3166743,483350,964620,1022438,4708666
Switzerland,2086,1451438,5725503,3177956,483646,967792,1021295,4704208
Switzerland,2087,1454231,5719821,3190133,484105,970126,1020293,4699528
Switzerland,2088,1456074,5713041,3204538,484487,971587,1019059,4693982
Switzerland,2089,1456638,5703949,3222666,484503,972135,1017232,4686717
Switzerland,2090,1455599,5691131,3246195,483795,971804,1014357,4676774
Switzerland,2091,1457991,5687055,3257583,483102,974889,1014763,4672292
Switzerland,2092,1459510,5683099,3269724,482661,976849,1015359,4667740
Switzerland,2093,1459793,5677955,3284248,482187,977606,1015675,4662280
Switzerland,2094,1458490,5670408,3302685,481355,977135,1015287,4655121
Switzerland,2095,1455368,5659209,3326444,479812,975556,1013735,4645474
Switzerland,2096,1455722,5658018,3336498,478474,977248,1015345,4642673
Switzerland,2097,1455074,5656703,3347352,477413,977661,1016904,4639799
Switzerland,2098,1453164,5653914,3360483,476389,976775,1017948,4635966
Switzerland,2099,1449750,5648139,3377485,475137,974613,1018010,4630129
Switzerland,2100,1444618,5637749,3400049,473336,971282,1016585,4621164
Syria,1950,1325719,1934481,153131,545959,779760,683510,1250971
Syria,1951,1386111,1956091,156324,589515,796596,685425,1270666
Syria,1952,1460221,1972043,158742,643935,816286,684613,1287430
Syria,1953,1536878,1992638,161219,694556,842322,685069,1307569
Syria,1954,1612332,2021263,164029,736891,875441,688329,1332934
Syria,1955,1687927,2056512,167062,772813,915114,694274,1362238
Syria,1956,1778993,2082883,170193,820370,958623,696268,1386615
Syria,1957,1862542,2122546,173888,846324,1016218,702796,1419750
Syria,1958,1945252,2169022,177529,860604,1084648,712360,1456662
Syria,1959,2032527,2217022,180552,873443,1159084,724190,1492832
Syria,1960,2125591,2265147,182774,892382,1233209,738666,1526481
Syria,1961,2216521,2318606,186769,903589,1312932,757162,1561444
Syria,1962,2315820,2369895,189707,927862,1387958,777410,1592485
Syria,1963,2418626,2424080,191940,962265,1456361,802052,1622028
Syria,1964,2517430,2488958,193948,999275,1518155,835037,1653921
Syria,1965,2608964,2568223,195950,1033747,1575217,878387,1689836
Syria,1966,2703340,2650524,199382,1073003,1630337,927553,1722971
Syria,1967,2790213,2747792,202705,1106705,1683508,986714,1761078
Syria,1968,2873312,2856638,205910,1137225,1736087,1053347,1803291
Syria,1969,2959448,2970721,208879,1170213,1789235,1123090,1847631
Syria,1970,3052648,3086294,211599,1209993,1842655,1192993,1893301
Syria,1971,3159190,3195099,216568,1256249,1902941,1259266,1935833
Syria,1972,3273106,3305801,221234,1307020,1966086,1326734,1979067
Syria,1973,3393157,3419051,225643,1361579,2031578,1393798,2025253
Syria,1974,3516545,3536738,229894,1417476,2099069,1458522,2078216
Syria,1975,3641843,3659819,234052,1473480,2168363,1519683,2140136
Syria,1976,3781668,3772936,240058,1537513,2244155,1568593,2204343
Syria,1977,3922323,3892318,246008,1595256,2327067,1615029,2277289
Syria,1978,4065797,4018593,252028,1648812,2416985,1661542,2357051
Syria,1979,4215152,4152298,258240,1701760,2513392,1711665,2440633
Syria,1980,4371813,4294188,264773,1757100,2614713,1767769,2526419
Syria,1981,4531193,4448901,272757,1812208,2718985,1826039,2622862
Syria,1982,4695531,4613731,280965,1865386,2830145,1889429,2724302
Syria,1983,4861498,4787762,289587,1916208,2945290,1957892,2829870
Syria,1984,5023915,4970245,298889,1963031,3060884,2031103,2939142
Syria,1985,5178869,5160731,309032,2004854,3174015,2108818,3051913
Syria,1986,5332687,5350272,321313,2045197,3287490,2184921,3165351
Syria,1987,5478120,5548557,334175,2078833,3399287,2266329,3282228
Syria,1988,5614634,5756834,347603,2106437,3508197,2353932,3402902
Syria,1989,5741854,5977050,361540,2128304,3613550,2448768,3528282
Syria,1990,5859392,6210746,376033,2144860,3714532,2551297,3659449
Syria,1991,5962479,6461414,391326,2154800,3807679,2658164,3803250
Syria,1992,6053076,6727159,406850,2157139,3895937,2771187,3955972
Syria,1993,6134877,7006486,422804,2157302,3977575,2888705,4117781
Syria,1994,6214914,7295452,439331,2164797,4050117,3007471,4287981
Syria,1995,6298076,7590951,456465,2185908,4112168,3124854,4466097
Syria,1996,6380232,7899007,476047,2206139,4174093,3241711,4657296
Syria,1997,6476630,8205347,495479,2256804,4219826,3353622,4851725
Syria,1998,6576581,8511288,514341,2324725,4251856,3460345,5050943
Syria,1999,6663942,8820106,532044,2387948,4275994,3562046,5258060
Syria,2000,6730774,9131862,548212,2432026,4298748,3657797,5474065
Syria,2001,6829704,9377309,559886,2498158,4331546,3728049,5649260
Syria,2002,6889033,9628088,570780,2514122,4374911,3803168,5824920
Syria,2003,6938174,9894697,582395,2501181,4436993,3884516,6010181
Syria,2004,7019483,10190304,596851,2495663,4523820,3973536,6216768
Syria,2005,7154765,10523980,615866,2522729,4632036,4070644,6453336
Syria,2006,7272364,11002425,640188,2532363,4740001,4184751,6817674
Syria,2007,7449359,11515508,667939,2590279,4859080,4290651,7224857
Syria,2008,7625406,12004837,695200,2666730,4958676,4370490,7634347
Syria,2009,7709758,12398439,716696,2706049,5003709,4407134,7991305
Syria,2010,7643826,12645812,729196,2665475,4978351,4391366,8254446
Syria,2011,7688719,12430359,744915,2677727,5010992,4196437,8233922
Syria,2012,7608391,12063020,749290,2609548,4998843,3998566,8064454
Syria,2013,7441343,11620088,747710,2483687,4957656,3833261,7786827
Syria,2014,7264086,11190794,748210,2346754,4917332,3731262,7459532
Syria,2015,7136468,10841580,756939,2237553,4898915,3712066,7129514
Syria,2016,6886362,10773905,770186,2099545,4786817,3735497,7038408
Syria,2017,6682423,10793823,793622,1979332,4703091,3804811,6989012
Syria,2018,6535959,10920624,827824,1887454,4648505,3921618,6999006
Syria,2019,6460870,11165932,872379,1839670,4621200,4080691,7085241
Syria,2020,6473054,11524762,926626,1857367,4615687,4273642,7251120
Syria,2021,6465591,12144184,976332,1893789,4571802,4421503,7722681
Syria,2022,6558919,12869557,1038007,1977728,4581191,4571311,8298246
Syria,2023,6725890,13640801,1108586,2100121,4625769,4706985,8933816
Syria,2024,6916811,14386328,1184497,2229079,4687732,4813238,9573090
Syria,2025,7085425,15062118,1263363,2328023,4757402,4885189,10176929
Syria,2026,7218339,15647899,1345690,2416575,4801764,4974523,10673376
Syria,2027,7316003,16162985,1428233,2476448,4839555,5033428,11129557
Syria,2028,7382776,16620987,1511205,2506314,4876462,5068987,11552000
Syria,2029,7436102,17041684,1594929,2518787,4917315,5088705,11952979
Syria,2030,7488038,17440265,1680186,2526833,4961205,5098819,12341446
Syria,2031,7517608,17840866,1762361,2537619,4979989,5125915,12714951
Syria,2032,7547688,18206335,1843696,2551687,4996001,5130716,13075619
Syria,2033,7576305,18544071,1925361,2566589,5009716,5118488,13425583
Syria,2034,7598269,18865621,2008917,2577261,5021008,5097180,13768441
Syria,2035,7611567,19178020,2095637,2581036,5030531,5072378,14105642
Syria,2036,7637671,19467615,2181055,2589783,5047888,5044190,14423425
Syria,2037,7658274,19750189,2268865,2594123,5064151,5016764,14733425
Syria,2038,7673535,20024762,2361203,2594160,5079375,4992506,15032256
Syria,2039,7684002,20288412,2460843,2590341,5093661,4973670,15314742
Syria,2040,7689258,20539884,2569802,2582577,5106681,4961757,15578127
Syria,2041,7695019,20783807,2679277,2573630,5121389,4959058,15824749
Syria,2042,7693909,21021313,2796489,2559335,5134574,4965120,16056193
Syria,2043,7685899,21250721,2921980,2541024,5144875,4977576,16273145
Syria,2044,7671040,21469707,3056048,2520383,5150657,4992357,16477350
Syria,2045,7649161,21677014,3198695,2498506,5150655,5006708,16670306
Syria,2046,7621949,21880945,3339830,2473147,5148802,5023637,16857308
Syria,2047,7589844,22073715,3487431,2450453,5139391,5039523,17034192
Syria,2048,7551920,22258547,3639424,2429544,5122376,5054578,17203969
Syria,2049,7507300,22439785,3792713,2408903,5098397,5069295,17370490
Syria,2050,7456135,22619362,3945554,2387461,5068674,5083550,17535812
Syria,2051,7406149,22801345,4086191,2368344,5037805,5098871,17702474
Syria,2052,7351237,22980860,4225628,2349488,5001749,5112498,17868362
Syria,2053,7292512,23157442,4363552,2330920,4961592,5123160,18034282
Syria,2054,7232050,23330489,4498889,2313248,4918802,5128962,18201527
Syria,2055,7171445,23498671,4631692,2297009,4874436,5128570,18370101
Syria,2056,7118633,23668357,4747779,2285453,4833180,5124694,18543663
Syria,2057,7066276,23834958,4859119,2274036,4792240,5114612,18720346
Syria,2058,7014944,23991110,4972588,2262951,4751993,5098344,18892766
Syria,2059,6964871,24126623,5098159,2252291,4712580,5076058,19050565
Syria,2060,6916178,24234820,5242432,2242278,4673900,5047974,19186846
Syria,2061,6877312,24325223,5387469,2236561,4640751,5017352,19307871
Syria,2062,6839773,24391498,5548089,2229610,4610163,4981293,19410205
Syria,2063,6803596,24435112,5722649,2221739,4581857,4941089,19494023
Syria,2064,6768477,24459739,5907618,2213250,4555227,4898592,19561147
Syria,2065,6733960,24467669,6100980,2204424,4529536,4855145,19612524
Syria,2066,6707212,24470138,6284281,2197881,4509331,4814526,19655612
Syria,2067,6680666,24459019,6473180,2189929,4490737,4773659,19685360
Syria,2068,6653853,24434192,6668115,2180742,4473111,4733217,19700975
Syria,2069,6626057,24395829,6869487,2170413,4455644,4693843,19701986
Syria,2070,6596602,24344259,7077514,2158999,4437603,4655965,19688294
Syria,2071,6571718,24293200,7272166,2148393,4423325,4623401,19669799
Syria,2072,6545200,24234113,7468162,2136807,4408393,4592952,19641161
Syria,2073,6516567,24167673,7665248,2124267,4392300,4564592,19603081
Syria,2074,6485345,24094783,7862974,2110760,4374585,4538006,19556777
Syria,2075,6451101,24015781,8061404,2096231,4354870,4512816,19502965
Syria,2076,6420237,23945570,8239229,2082524,4337713,4492758,19452812
Syria,2077,6387039,23873505,8412807,2068501,4318538,4474314,19399191
Syria,2078,6351193,23800158,8581865,2054072,4297121,4456947,19343211
Syria,2079,6312491,23726387,8745718,2039129,4273362,4439771,19286616
Syria,2080,6270780,23651840,8904888,2023570,4247210,4421975,19229865
Syria,2081,6233957,23595203,9032853,2009956,4224001,4407850,19187353
Syria,2082,6195105,23542002,9151084,1996185,4198920,4393165,19148837
Syria,2083,6154167,23488012,9263985,1982271,4171896,4377402,19110610
Syria,2084,6111340,23427633,9377085,1968347,4142993,4359939,19067694
Syria,2085,6066842,23356870,9494301,1954542,4112300,4340250,19016620
Syria,2086,6029594,23299314,9583340,1943728,4085866,4323404,18975910
Syria,2087,5991747,23235163,9672044,1933234,4058513,4304416,18930747
Syria,2088,5953087,23162549,9762577,1922895,4030192,4283116,18879433
Syria,2089,5913565,23080698,9855873,1912554,4001011,4259488,18821210
Syria,2090,5873307,22989065,9952502,1902189,3971118,4233557,18755508
Syria,2091,5841361,22908981,10022398,1895226,3946135,4210083,18698898
Syria,2092,5809263,22822982,10091890,1887624,3921639,4184743,18638239
Syria,2093,5777243,22730199,10162112,1879567,3897676,4157819,18572380
Syria,2094,5745328,22628810,10235416,1871291,3874037,4129473,18499337
Syria,2095,5713155,22516327,10315189,1862947,3850208,4099609,18416718
Syria,2096,5687758,22411435,10376285,1856886,3830872,4072411,18339024
Syria,2097,5663092,22302825,10436627,1850416,3812676,4044755,18258070
Syria,2098,5638500,22188460,10499472,1843422,3795078,4016685,18171775
Syria,2099,5612977,22066342,10568364,1835577,3777400,3988245,18078097
Syria,2100,5585561,21935031,10646278,1826528,3759033,3959436,17975595
Taiwan,1950,3200589,4257584,165187,1256631,1943958,1493249,2764335
Taiwan,1951,3335959,4380764,176337,1310322,2025637,1513221,2867543
Taiwan,1952,3510063,4467934,185936,1431963,2078100,1519237,2948697
Taiwan,1953,3678958,4565942,195360,1561466,2117492,1532440,3033502
Taiwan,1954,3829318,4690992,205157,1671161,2158157,1561139,3129853
Taiwan,1955,3972562,4834372,215249,1753567,2218995,1601058,3233314
Taiwan,1956,4165399,4941665,224834,1852318,2313081,1627474,3314191
Taiwan,1957,4336649,5082826,235762,1898327,2438322,1670563,3412263
Taiwan,1958,4502130,5242487,247368,1914416,2587714,1725153,3517334
Taiwan,1959,4677503,5404638,259074,1922889,2754614,1782870,3621768
Taiwan,1960,4866756,5564034,270923,1933493,2933263,1838580,3725454
Taiwan,1961,5048775,5741851,281712,1872874,3175901,1871034,3870817
Taiwan,1962,5236813,5923510,292153,1862964,3373849,1906393,4017117
Taiwan,1963,5394691,6144017,303432,1884390,3510301,1968781,4175236
Taiwan,1964,5498070,6426890,316575,1906214,3591856,2079343,4347547
Taiwan,1965,5553018,6765167,331541,1911678,3641340,2243865,4521302
Taiwan,1966,5707493,7015083,345230,1949597,3757896,2362612,4652471
Taiwan,1967,5821134,7311855,359510,1947428,3873706,2523632,4788223
Taiwan,1968,5888986,7650085,374274,1918491,3970495,2720736,4929349
Taiwan,1969,5926921,8000696,389097,1885593,4041328,2930285,5070411
Taiwan,1970,5951209,8338320,403624,1861565,4089644,3136021,5202299
Taiwan,1971,5924984,8685807,427204,1820450,4104534,3360292,5325515
Taiwan,1972,5915090,8990355,449142,1805901,4109189,3552213,5438142
Taiwan,1973,5916800,9264693,469829,1813754,4103046,3709824,5554869
Taiwan,1974,5919226,9531158,490513,1832260,4086966,3833687,5697471
Taiwan,1975,5916818,9803614,512240,1848538,4068280,3925518,5878096
Taiwan,1976,5859785,10116664,552258,1846843,4012942,3960528,6156136
Taiwan,1977,5819152,10411052,596261,1875860,3943292,3963822,6447230
Taiwan,1978,5786586,10694892,643691,1917689,3868897,3953628,6741264
Taiwan,1979,5753936,10975203,693578,1954541,3799395,3947091,7028112
Taiwan,1980,5718751,11252486,746135,1978083,3740668,3948524,7303962
Taiwan,1981,5739499,11486089,783851,2036268,3703231,3949367,7536722
Taiwan,1982,5736928,11740170,822059,2044174,3692754,3953276,7786894
Taiwan,1983,5723140,11999385,861781,2016864,3706276,3954763,8044622
Taiwan,1984,5711807,12245604,904616,1974457,3737350,3945480,8300124
Taiwan,1985,5705233,12472942,951918,1929747,3775486,3922536,8550406
Taiwan,1986,5683123,12702152,1002149,1859933,3823190,3890002,8812150
Taiwan,1987,5664796,12913665,1055553,1789932,3874864,3841854,9071811
Taiwan,1988,5643535,13113589,1112823,1723837,3919698,3786274,9327315
Taiwan,1989,5610109,13311120,1174518,1666318,3943791,3736983,9574137
Taiwan,1990,5561216,13510167,1240315,1621927,3939289,3703700,9806467
Taiwan,1991,5481082,13727041,1310677,1572956,3908126,3693126,10033915
Taiwan,1992,5404924,13929231,1382529,1565327,3839597,3694500,10234731
Taiwan,1993,5325786,14122901,1454197,1583028,3742758,3707976,10414925
Taiwan,1994,5235794,14314976,1523283,1602147,3633647,3730898,10584078
Taiwan,1995,5133251,14506835,1588426,1606388,3526863,3759285,10747550
Taiwan,1996,5060412,14658047,1645671,1641759,3418653,3783886,10874161
Taiwan,1997,4960992,14823852,1698664,1632389,3328603,3817008,11006844
Taiwan,1998,4851869,14994485,1749018,1591296,3260573,3846929,11147556
Taiwan,1999,4755481,15156894,1799198,1540612,3214869,3856522,11300372
Taiwan,2000,4680862,15308134,1851239,1495783,3185079,3836924,11471210
Taiwan,2001,4600632,15469800,1914850,1433577,3167055,3796094,11673706
Taiwan,2002,4537483,15624452,1981402,1377165,3160318,3727267,11897185
Taiwan,2003,4482133,15775673,2048532,1326611,3155522,3640659,12135014
Taiwan,2004,4417261,15931660,2113453,1275741,3141520,3553468,12378192
Taiwan,2005,4332991,16094524,2175371,1219770,3113221,3476555,12617969
Taiwan,2006,4222228,16268453,2234797,1149531,3072697,3409771,12858682
Taiwan,2007,4102250,16438845,2291918,1090083,3012167,3346118,13092727
Taiwan,2008,3973222,16606799,2348505,1039855,2933367,3289439,13317360
Taiwan,2009,3841962,16768601,2406492,1000957,2841005,3242314,13526287
Taiwan,2010,3715586,16918956,2467864,974967,2740619,3205641,13713315
Taiwan,2011,3596587,17056791,2531632,960106,2636481,3187287,13869504
Taiwan,2012,3490651,17176936,2596310,965767,2524884,3180102,13996834
Taiwan,2013,3396445,17274024,2669389,984856,2411589,3175942,14098082
Taiwan,2014,3310901,17341157,2761594,1006613,2304288,3161830,14179327
Taiwan,2015,3233433,17373101,2879221,1024492,2208941,3129339,14243762
Taiwan,2016,3195130,17349036,3012540,1066782,2128348,3080725,14268311
Taiwan,2017,3153015,17303084,3170357,1081865,2071150,3017072,14286012
Taiwan,2018,3116606,17231719,3345764,1079061,2037545,2938685,14293034
Taiwan,2019,3096911,17133219,3528117,1072618,2024293,2847584,14285635
Taiwan,2020,3096728,17009766,3711411,1072095,2024633,2746572,14263194
Taiwan,2021,3096401,16881514,3894765,1061259,2035142,2642553,14238961
Taiwan,2022,3115878,16730355,4076494,1060296,2055582,2527756,14202599
Taiwan,2023,3147322,16562640,4258097,1066566,2080756,2410710,14151930
Taiwan,2024,3177977,16387893,4443002,1072966,2105011,2303447,14084446
Taiwan,2025,3200873,16211123,4633242,1074296,2126577,2213627,13997496
Taiwan,2026,3216053,16042114,4818717,1070034,2146019,2144918,13897196
Taiwan,2027,3226787,15872798,5003863,1068154,2158633,2093381,13779417
Taiwan,2028,3231472,15704731,5188543,1066215,2165257,2058470,13646261
Taiwan,2029,3231432,15537808,5371347,1062948,2168484,2037595,13500213
Taiwan,2030,3227636,15371839,5551233,1057056,2170580,2028525,13343314
Taiwan,2031,3223215,15217140,5714702,1051447,2171768,2035420,13181720
Taiwan,2032,3213083,15066190,5873959,1042679,2170404,2055002,13011188
Taiwan,2033,3197814,14918938,6027528,1031051,2166763,2082074,12836864
Taiwan,2034,3178243,14775401,6173368,1017084,2161159,2108783,12666618
Taiwan,2035,3154522,14634595,6311417,1001011,2153511,2129808,12504787
Taiwan,2036,3128220,14512700,6423713,983164,2145056,2149807,12362893
Taiwan,2037,3098045,14396588,6524856,964122,2133923,2162670,12233918
Taiwan,2038,3064155,14278378,6622661,944527,2119628,2169465,12108913
Taiwan,2039,3026980,14146889,6728166,925224,2101756,2172749,11974140
Taiwan,2040,2987054,13995342,6847938,906644,2080410,2174027,11821315
Taiwan,2041,2944136,13846338,6959755,886352,2057784,2177939,11668399
Taiwan,2042,2901928,13679337,7080800,871390,2030538,2177754,11501583
Taiwan,2043,2859807,13499105,7207863,860571,1999236,2173943,11325162
Taiwan,2044,2817614,13313361,7334547,852428,1965186,2167037,11146324
Taiwan,2045,2776074,13126583,7456636,845857,1930217,2157244,10969339
Taiwan,2046,2739361,12952505,7556756,842846,1896515,2149377,10803128
Taiwan,2047,2705709,12778769,7649377,842789,1862920,2138893,10639876
Taiwan,2048,2675648,12608583,7731318,844905,1830743,2125370,10483213
Taiwan,2049,2649698,12444541,7800040,848401,1801297,2107559,10336982
Taiwan,2050,2627858,12285881,7856798,852579,1775279,2084459,10201422
Taiwan,2051,2615605,12147395,7881734,861201,1754404,2061245,10086150
Taiwan,2052,2607416,12022076,7887699,868382,1739034,2034084,9987992
Taiwan,2053,2603213,11901166,7883895,874369,1728844,2003393,9897773
Taiwan,2054,2602611,11773406,7882206,879554,1723057,1969941,9803465
Taiwan,2055,2604830,11632024,7890432,884147,1720683,1934498,9697526
Taiwan,2056,2612056,11497478,7886144,888940,1723116,1902538,9594940
Taiwan,2057,2622245,11356974,7884330,893013,1729232,1869523,9487451
Taiwan,2058,2634155,11211325,7885451,896226,1737929,1836920,9374405
Taiwan,2059,2645973,11062697,7889102,898155,1747818,1806562,9256135
Taiwan,2060,2656073,10911954,7896006,898252,1757821,1779580,9132374
Taiwan,2061,2665951,10778901,7884955,896354,1769597,1761160,9017741
Taiwan,2062,2675393,10648383,7871337,894896,1780497,1746748,8901635
Taiwan,2063,2682905,10522071,7854837,893093,1789812,1736260,8785811
Taiwan,2064,2687083,10402534,7834023,889975,1797108,1729160,8673374
Taiwan,2065,2686953,10290745,7808742,884630,1802323,1724860,8565885
Taiwan,2066,2686200,10208202,7753871,878221,1807979,1728693,8479509
Taiwan,2067,2682450,10137335,7689451,871604,1810846,1735681,8401654
Taiwan,2068,2674851,10075583,7618838,864295,1810556,1744535,8331048
Taiwan,2069,2663356,10021195,7543758,856040,1807316,1753593,8267602
Taiwan,2070,2648234,9973042,7465106,846587,1801647,1761733,8211309
Taiwan,2071,2632477,9949459,7361694,836637,1795840,1773652,8175807
Taiwan,2072,2614753,9935614,7249942,827357,1787396,1784516,8151098
Taiwan,2073,2595278,9927301,7134231,818637,1776641,1794057,8133244
Taiwan,2074,2574066,9916007,7023509,810279,1763787,1801541,8114466
Taiwan,2075,2550713,9893364,6926988,801852,1748861,1805923,8087441
Taiwan,2076,2528324,9877483,6823714,793995,1734329,1811781,8065702
Taiwan,2077,2506644,9855728,6726915,788117,1718527,1814901,8040827
Taiwan,2078,2485130,9826503,6639424,783636,1701494,1814987,8011516
Taiwan,2079,2463444,9789253,6562966,779945,1683499,1811776,7977477
Taiwan,2080,2441496,9742794,6499483,776536,1664960,1804995,7937799
Taiwan,2081,2424793,9708843,6422080,775537,1649256,1800190,7908653
Taiwan,2082,2409939,9670688,6351022,775629,1634310,1792666,7878022
Taiwan,2083,2396169,9625052,6290541,776264,1619905,1782034,7843018
Taiwan,2084,2383325,9571203,6241716,777082,1606243,1768332,7802871
Taiwan,2085,2371738,9510352,6203074,777943,1593795,1751994,7758358
Taiwan,2086,2366036,9461422,6151247,780938,1585098,1737938,7723484
Taiwan,2087,2362060,9409263,6105552,783701,1578359,1721911,7687352
Taiwan,2088,2359890,9354485,6065061,786234,1573656,1704620,7649865
Taiwan,2089,2359034,9296199,6030787,788376,1570658,1686591,7609608
Taiwan,2090,2358528,9232049,6005743,789801,1568727,1667913,7564136
Taiwan,2091,2361132,9177560,5971510,791591,1569541,1652651,7524909
Taiwan,2092,2364769,9122557,5940290,792987,1571782,1637628,7484929
Taiwan,2093,2368541,9065924,5914109,793716,1574825,1623098,7442826
Taiwan,2094,2371511,9006890,5894729,793499,1578012,1609367,7397523
Taiwan,2095,2372887,8944552,5883777,792078,1580809,1596555,7347997
Taiwan,2096,2375083,8895519,5862102,789944,1585139,1588699,7306820
Taiwan,2097,2376982,8848977,5841430,787843,1589139,1582633,7266344
Taiwan,2098,2377710,8803891,5823335,785459,1592251,1578085,7225806
Taiwan,2099,2376043,8758636,5810255,782149,1593894,1574460,7184176
Taiwan,2100,2370739,8711700,5804427,776972,1593767,1571233,7140467
Tajikistan,1950,517742,947012,66747,172024,345718,334806,612206
Tajikistan,1951,534879,978623,71490,197587,337292,347366,631257
Tajikistan,1952,553395,1008202,76353,226235,327160,357678,650524
Tajikistan,1953,571652,1037500,81182,252855,318797,366149,671351
Tajikistan,1954,591181,1065622,85542,275822,315359,372198,693424
Tajikistan,1955,614411,1090874,89129,296452,317959,375131,715743
Tajikistan,1956,652653,1103074,91524,325941,326712,372101,730973
Tajikistan,1957,691192,1117071,93512,345297,345895,368383,748688
Tajikistan,1958,733073,1130770,95294,358964,374109,363084,767686
Tajikistan,1959,780120,1143179,97255,371613,408507,355577,787602
Tajikistan,1960,832535,1154838,99665,386968,445567,346181,808657
Tajikistan,1961,886999,1168867,103257,399110,487889,336294,832573
Tajikistan,1962,947430,1182023,107106,415652,531778,324580,857443
Tajikistan,1963,1010552,1196406,111276,435131,575421,314252,882154
Tajikistan,1964,1071198,1215373,115884,453790,617408,310087,905286
Tajikistan,1965,1126335,1240658,120960,468935,657400,314986,925672
Tajikistan,1966,1180790,1267329,126359,483891,696899,327572,939757
Tajikistan,1967,1228553,1301498,132179,493777,734776,349341,952157
Tajikistan,1968,1270853,1341921,138120,500007,770846,378675,963246
Tajikistan,1969,1310409,1386087,143732,505681,804728,412601,973486
Tajikistan,1970,1348668,1432628,148783,513036,835632,449073,983555
Tajikistan,1971,1380302,1487407,152682,519408,860894,492151,995256
Tajikistan,1972,1412536,1543282,155446,529688,882848,535595,1007687
Tajikistan,1973,1445273,1600383,157363,542820,902453,577321,1023062
Tajikistan,1974,1477008,1660153,158934,556306,920702,615950,1044203
Tajikistan,1975,1506765,1723703,160467,568419,938346,651026,1072677
Tajikistan,1976,1541235,1781473,164936,582781,958454,682918,1098555
Tajikistan,1977,1572162,1844779,169558,593797,978365,713522,1131257
Tajikistan,1978,1601810,1912707,173868,603436,998374,743206,1169501
Tajikistan,1979,1633910,1983274,177236,615606,1018304,772042,1211232
Tajikistan,1980,1670902,2055020,179491,633414,1037488,799817,1255203
Tajikistan,1981,1714531,2125452,180795,654597,1059934,826482,1298970
Tajikistan,1982,1764473,2194699,181086,681601,1082872,850402,1344297
Tajikistan,1983,1820480,2263773,180994,713323,1107157,871775,1391998
Tajikistan,1984,1881314,2334855,181356,747546,1133768,891556,1443299
Tajikistan,1985,1946056,2409112,182621,782774,1163282,910693,1498419
Tajikistan,1986,2021814,2480282,185187,825029,1196785,926794,1553488
Tajikistan,1987,2100316,2555349,188286,863841,1236475,943446,1611903
Tajikistan,1988,2178618,2630453,192039,897426,1281192,960013,1670440
Tajikistan,1989,2251797,2701249,196757,922952,1328845,975873,1725376
Tajikistan,1990,2315166,2765924,202638,938662,1376504,991161,1774763
Tajikistan,1991,2383725,2809593,207396,957678,1426047,1004616,1804977
Tajikistan,1992,2438229,2852055,212692,959223,1479006,1019767,1832288
Tajikistan,1993,2481624,2894832,217658,948570,1533054,1037147,1857685
Tajikistan,1994,2518716,2939992,221124,934182,1584534,1057282,1882710
Tajikistan,1995,2552414,2989782,222516,922670,1629744,1080902,1908880
Tajikistan,1996,2574506,3048971,226063,903558,1670948,1107469,1941502
Tajikistan,1997,2597591,3109979,226712,895394,1702197,1134546,1975433
Tajikistan,1998,2619083,3177068,225540,895019,1724064,1164757,2012311
Tajikistan,1999,2634773,3255859,224254,895515,1739258,1201870,2053989
Tajikistan,2000,2643401,3348995,223809,892398,1751003,1247905,2101090
Tajikistan,2001,2642055,3452962,232108,890588,1751467,1296532,2156430
Tajikistan,2002,2632066,3573478,242144,879315,1752751,1353745,2219733
Tajikistan,2003,2618610,3706036,252231,864026,1754584,1414917,2291119
Tajikistan,2004,2610608,3842299,259934,854891,1755717,1472782,2369517
Tajikistan,2005,2613118,3976961,264097,858597,1754521,1522993,2453968
Tajikistan,2006,2616360,4117250,266947,860401,1755959,1571199,2546051
Tajikistan,2007,2635234,4250331,266820,884118,1751116,1611798,2638533
Tajikistan,2008,2665156,4379527,265045,923027,1742129,1645981,2733546
Tajikistan,2009,2698191,4511189,263439,965653,1732538,1675851,2835338
Tajikistan,2010,2731000,4647591,263039,1004802,1726198,1701784,2945807
Tajikistan,2011,2783766,4767911,264272,1060421,1723345,1712294,3055617
Tajikistan,2012,2832608,4895826,266628,1099272,1733336,1718697,3177129
Tajikistan,2013,2881971,5025384,270454,1125159,1756812,1720658,3304726
Tajikistan,2014,2938060,5148555,276130,1145280,1792780,1718103,3430452
Tajikistan,2015,3002389,5262286,283976,1165048,1837341,1712198,3550088
Tajikistan,2016,3071909,5367478,295564,1182996,1888913,1702650,3664828
Tajikistan,2017,3144909,5467203,309231,1194242,1950667,1691447,3775756
Tajikistan,2018,3219008,5563398,324805,1201026,2017982,1680900,3882498
Tajikistan,2019,3289290,5660522,342188,1204460,2084830,1674436,3986086
Tajikistan,2020,3352159,5761657,361430,1205391,2146768,1674649,4087008
Tajikistan,2021,3402719,5869683,384246,1197983,2204736,1681619,4188064
Tajikistan,2022,3448581,5979148,408260,1194797,2253784,1693908,4285240
Tajikistan,2023,3487279,6092319,433504,1193951,2293328,1713865,4378454
Tajikistan,2024,3516868,6211061,459966,1192661,2324207,1744191,4466870
Tajikistan,2025,3536822,6335904,487632,1188797,2348025,1786062,4549842
Tajikistan,2026,3550359,6463180,516861,1185300,2365059,1837177,4626003
Tajikistan,2027,3554964,6596512,546698,1180284,2374680,1898997,4697515
Tajikistan,2028,3552662,6734586,577017,1174456,2378206,1966988,4767598
Tajikistan,2029,3547415,6874518,607536,1169910,2377505,2033888,4840630
Tajikistan,2030,3541978,7014323,638110,1168248,2373730,2094852,4919471
Tajikistan,2031,3537890,7152636,668736,1170010,2367880,2149076,5003560
Tajikistan,2032,3535066,7290089,698936,1174314,2360752,2196437,5093652
Tajikistan,2033,3534017,7426475,728855,1180973,2353044,2236552,5189923
Tajikistan,2034,3534830,7561935,758748,1189350,2345480,2269615,5292320
Tajikistan,2035,3537831,7696180,788910,1199296,2338535,2295841,5400339
Tajikistan,2036,3548187,7825123,818358,1214934,2333253,2313257,5511866
Tajikistan,2037,3560987,7952726,847933,1229064,2331923,2322768,5629958
Tajikistan,2038,3576666,8078291,877656,1242017,2334649,2325866,5752425
Tajikistan,2039,3595437,8201481,907293,1254315,2341122,2324932,5876549
Tajikistan,2040,3617031,8322246,936796,1266570,2350461,2321914,6000332
Tajikistan,2041,3644882,8437764,965438,1281852,2363030,2315931,6121833
Tajikistan,2042,3674090,8551811,994090,1293470,2380620,2308291,6243520
Tajikistan,2043,3704174,8663373,1023567,1302077,2402097,2300117,6363256
Tajikistan,2044,3733920,8771628,1055065,1308185,2425735,2292737,6478891
Tajikistan,2045,3761978,8876280,1089547,1312275,2449703,2287339,6588941
Tajikistan,2046,3789286,8976383,1126714,1315219,2474067,2283677,6692706
Tajikistan,2047,3814024,9074508,1165707,1315157,2498867,2282339,6792169
Tajikistan,2048,3835522,9169837,1207754,1312651,2522871,2284102,6885735
Tajikistan,2049,3853057,9261149,1254639,1308303,2544754,2289736,6971413
Tajikistan,2050,3865977,9347925,1307389,1302533,2563444,2299748,7048177
Tajikistan,2051,3873731,9430938,1365649,1294517,2579214,2314016,7116922
Tajikistan,2052,3877670,9509913,1428312,1286797,2590873,2332029,7177884
Tajikistan,2053,3877350,9587286,1493486,1279188,2598162,2353213,7234073
Tajikistan,2054,3872695,9666224,1558287,1271449,2601246,2376430,7289794
Tajikistan,2055,3863950,9748324,1621061,1263435,2600515,2400778,7347546
Tajikistan,2056,3852804,9832709,1681008,1256150,2596654,2425786,7406923
Tajikistan,2057,3838759,9920328,1737766,1249404,2589355,2451022,7469306
Tajikistan,2058,3822316,10010040,1792263,1243177,2579139,2475502,7534538
Tajikistan,2059,3804527,10099832,1845847,1237708,2566819,2497796,7602036
Tajikistan,2060,3786269,10188338,1899310,1233287,2552982,2516937,7671401
Tajikistan,2061,3770524,10275203,1950128,1231942,2538582,2532581,7742622
Tajikistan,2062,3755024,10360938,2000060,1230704,2524320,2544341,7816597
Tajikistan,2063,3740157,10446168,2048161,1229640,2510517,2552175,7893993
Tajikistan,2064,3726209,10532367,2092713,1228806,2497403,2556194,7976173
Tajikistan,2065,3713333,10620020,2133083,1228423,2484910,2556630,8063390
Tajikistan,2066,3705144,10708239,2166558,1231203,2473941,2553428,8154811
Tajikistan,2067,3697760,10798281,2195717,1232273,2465487,2546421,8251860
Tajikistan,2068,3691360,10886749,2223628,1232087,2459273,2536418,8350331
Tajikistan,2069,3685870,10969165,2254642,1231180,2454690,2524578,8444587
Tajikistan,2070,3680923,11042781,2291679,1230042,2450881,2511871,8530910
Tajikistan,2071,3678604,11109203,2331004,1230027,2448577,2498820,8610383
Tajikistan,2072,3676475,11168570,2374824,1228576,2447899,2484977,8683593
Tajikistan,2073,3674077,11220548,2423702,1225879,2448198,2471093,8749455
Tajikistan,2074,3670606,11265263,2478046,1221959,2448647,2458061,8807202
Tajikistan,2075,3665362,11302922,2538116,1216901,2448461,2446586,8856336
Tajikistan,2076,3659869,11334712,2601127,1211680,2448189,2437169,8897543
Tajikistan,2077,3652464,11360775,2668590,1205028,2447436,2429328,8931447
Tajikistan,2078,3643006,11382347,2739453,1197272,2445734,2423144,8959203
Tajikistan,2079,3631527,11401175,2812013,1188893,2442634,2418481,8982694
Tajikistan,2080,3617956,11418317,2885348,1180237,2437719,2415231,9003086
Tajikistan,2081,3602852,11435602,2957077,1171247,2431605,2413884,9021718
Tajikistan,2082,3586494,11452452,3027530,1162854,2423640,2413654,9038798
Tajikistan,2083,3568625,11469122,3096829,1154857,2413768,2414228,9054894
Tajikistan,2084,3549005,11485542,3165436,1146917,2402088,2414976,9070566
Tajikistan,2085,3527539,11501191,3234116,1138819,2388720,2415378,9085813
Tajikistan,2086,3506904,11518468,3297811,1132155,2374749,2415931,9102537
Tajikistan,2087,3485135,11536672,3359255,1125226,2359909,2415823,9120849
Tajikistan,2088,3462439,11554664,3419463,1118142,2344297,2414627,9140037
Tajikistan,2089,3439379,11571381,3479117,1111258,2328121,2411836,9159545
Tajikistan,2090,3416352,11586063,3538647,1104920,2311432,2407174,9178889
Tajikistan,2091,3396262,11603450,3590444,1100574,2295688,2401730,9201720
Tajikistan,2092,3376618,11619994,3640536,1096173,2280445,2394184,9225810
Tajikistan,2093,3357452,11634459,3690056,1091778,2265674,2384683,9249776
Tajikistan,2094,3338655,11645333,3740561,1087424,2251231,2373460,9271873
Tajikistan,2095,3320079,11651293,3793404,1083217,2236862,2360715,9290578
Tajikistan,2096,3305293,11658948,3838348,1080964,2224329,2347997,9310951
Tajikistan,2097,3290755,11663217,3883928,1077911,2212844,2333747,9329470
Tajikistan,2098,3276319,11662802,3931537,1074143,2202176,2318325,9344477
Tajikistan,2099,3261809,11656516,3982463,1069813,2191996,2302247,9354269
Tajikistan,2100,3247006,11643800,4037428,1065100,2181906,2285986,9357814
Tanzania,1950,3515680,3965729,168352,1460637,2055043,1470786,2494943
Tanzania,1951,3612971,4059563,174771,1498738,2114233,1504579,2554984
Tanzania,1952,3703964,4170539,181408,1521991,2181973,1544877,2625662
Tanzania,1953,3796964,4289824,187958,1545040,2251924,1588237,2701587
Tanzania,1954,3895221,4413693,194307,1575993,2319228,1633116,2780577
Tanzania,1955,3998092,4542395,200499,1618873,2379219,1679695,2862700
Tanzania,1956,4116729,4662656,208590,1663732,2452997,1723268,2939388
Tanzania,1957,4240726,4787294,216332,1716870,2523856,1768499,3018795
Tanzania,1958,4366743,4919842,223929,1775436,2591307,1816895,3102947
Tanzania,1959,4491721,5063757,231555,1836627,2655094,1870131,3193626
Tanzania,1960,4614973,5220226,239308,1900042,2714931,1928985,3291241
Tanzania,1961,4767386,5357662,248350,1979488,2787898,1982137,3375525
Tanzania,1962,4912508,5513842,257556,2043195,2869313,2043509,3470333
Tanzania,1963,5054926,5684105,266874,2097505,2957421,2110377,3573728
Tanzania,1964,5201094,5861833,276170,2152251,3048843,2178837,3682996
Tanzania,1965,5354173,6043936,285419,2216187,3137986,2247048,3796888
Tanzania,1966,5534807,6207623,296473,2289669,3245138,2307261,3900362
Tanzania,1967,5718658,6379993,307389,2359943,3358715,2369444,4010549
Tanzania,1968,5906326,6562852,318311,2430811,3475515,2434421,4128431
Tanzania,1969,6097136,6760019,329402,2505178,3591958,2504004,4256015
Tanzania,1970,6291221,6973516,340792,2587140,3704081,2579485,4394031
Tanzania,1971,6516956,7174733,354135,2682206,3834750,2650818,4523915
Tanzania,1972,6742336,7396585,367696,2770518,3971818,2729700,4666885
Tanzania,1973,6968041,7635628,381462,2855932,4112109,2815687,4819941
Tanzania,1974,7194548,7887376,395370,2942878,4251670,2908418,4978958
Tanzania,1975,7421590,8149291,409420,3036032,4385558,3007888,5141403
Tanzania,1976,7679391,8388646,425268,3143912,4535479,3102533,5286113
Tanzania,1977,7934374,8642323,440973,3243590,4690784,3205792,5436531
Tanzania,1978,8188556,8910262,456676,3339288,4849268,3316220,5594042
Tanzania,1979,8443821,9193484,472579,3435376,5008445,3432015,5761469
Tanzania,1980,8701260,9493042,488855,3536835,5164425,3552406,5940636
Tanzania,1981,8992058,9777951,507099,3651158,5340900,3667512,6110439
Tanzania,1982,9280361,10085659,525528,3754968,5525393,3790009,6295650
Tanzania,1983,9566905,10413587,544174,3853437,5713468,3919257,6494330
Tanzania,1984,9852015,10758606,562982,3952696,5899319,4054795,6703811
Tanzania,1985,10135831,11119161,582007,4059222,6076609,4196646,6922515
Tanzania,1986,10452057,11456005,603181,4179007,6273050,4332818,7123187
Tanzania,1987,10762234,11812174,624125,4290780,6471454,4476832,7335342
Tanzania,1988,11072546,12192126,645282,4401073,6671473,4630036,7562090
Tanzania,1989,11391574,12601821,667180,4518343,6873231,4794226,7807595
Tanzania,1990,11725592,13043884,690128,4651580,7074012,4970184,8073700
Tanzania,1991,12120488,13478185,716340,4806784,7313704,5150122,8328063
Tanzania,1992,12523258,13952943,743418,4957282,7565976,5346034,8606909
Tanzania,1993,12924176,14454260,770892,5103350,7820826,5551539,8902721
Tanzania,1994,13306235,14966231,798149,5239658,8066577,5759093,9207138
Tanzania,1995,13655805,15480015,824956,5362484,8293321,5964375,9515640
Tanzania,1996,14038328,15918855,854671,5507290,8531038,6147613,9771242
Tanzania,1997,14387175,16365075,883001,5621225,8765950,6332346,10032729
Tanzania,1998,14717166,16824167,910380,5719433,8997733,6519836,10304331
Tanzania,1999,15053583,17300795,937162,5829325,9224258,6711207,10589588
Tanzania,2000,15416745,17797702,963595,5976170,9440575,6907171,10890531
Tanzania,2001,15831731,18283008,1002280,6153496,9678235,7085868,11197140
Tanzania,2002,16286823,18778086,1040899,6365076,9921747,7263863,11514223
Tanzania,2003,16779920,19289292,1079860,6605195,10174725,7443651,11845641
Tanzania,2004,17299975,19830057,1119952,6855841,10444134,7632017,12198040
Tanzania,2005,17839343,20409433,1161769,7104051,10735292,7834615,12574818
Tanzania,2006,18423465,21000905,1210578,7373923,11049542,8039652,12961253
Tanzania,2007,19009337,21653513,1260865,7603007,11406330,8269199,13384314
Tanzania,2008,19604377,22353386,1312381,7804894,11799483,8516668,13836718
Tanzania,2009,20220278,23078907,1365046,8005096,12215182,8772512,14306395
Tanzania,2010,20860785,23818625,1419181,8225569,12635216,9032556,14786069
Tanzania,2011,21535851,24565878,1469173,8455923,13079928,9287767,15278111
Tanzania,2012,22232245,25330148,1520604,8695659,13536586,9549744,15780404
Tanzania,2013,22942453,26121415,1572727,8943136,13999317,9823938,16297477
Tanzania,2014,23651390,26958914,1624565,9186715,14464675,10119908,16839006
Tanzania,2015,24349804,27854316,1675837,9419084,14930720,10443731,17410585
Tanzania,2016,25053078,28790340,1728783,9655424,15397654,10772628,18017712
Tanzania,2017,25737667,29790967,1781385,9862402,15875265,11129506,18661461
Tanzania,2018,26408668,30847647,1835077,10050371,16358297,11512095,19335552
Tanzania,2019,27076799,31945195,1891563,10237786,16839013,11915599,20029596
Tanzania,2020,27747236,33075296,1952087,10438537,17308699,12337031,20738265
Tanzania,2021,28420884,34234057,2018913,10636534,17784350,12771597,21462460
Tanzania,2022,29101075,35422574,2088498,10854967,18246108,13220573,22202001
Tanzania,2023,29782728,36647537,2160931,11089897,18692831,13682262,22965275
Tanzania,2024,30458181,37919254,2236097,11331595,19126586,14154112,23765142
Tanzania,2025,31125191,39241623,2314256,11574198,19550993,14633354,24608269
Tanzania,2026,31817771,40580352,2395955,11838769,19979002,15105194,25475158
Tanzania,2027,32501462,41970501,2480255,12092177,20409285,15582338,26388163
Tanzania,2028,33182043,43405427,2568527,12338218,20843825,16061766,27343661
Tanzania,2029,33869277,44874314,2662289,12584924,21284353,16539016,28335298
Tanzania,2030,34568414,46370723,2762916,12839335,21729079,17011552,29359171
Tanzania,2031,35302326,47871234,2870997,13111873,22190453,17469219,30402015
Tanzania,2032,36043838,49404169,2984931,13376026,22667812,17922147,31482022
Tanzania,2033,36792034,50968063,3106035,13634971,23157063,18370467,32597596
Tanzania,2034,37543336,52563495,3235923,13890774,23652562,18814947,33748548
Tanzania,2035,38294689,54190747,3376095,14146332,24148357,19256827,34933920
Tanzania,2036,39070544,55826448,3524704,14412323,24658221,19688024,36138424
Tanzania,2037,39843654,57497231,3681744,14667214,25176440,20116108,37381123
Tanzania,2038,40612727,59202057,3848538,14913961,25698766,20546129,38655928
Tanzania,2039,41376278,60939780,4026574,15156024,26220254,20985068,39954712
Tanzania,2040,42132585,62709696,4217237,15396665,26735920,21437670,41272026
Tanzania,2041,42903478,64493853,4415866,15643109,27260369,21898194,42595659
Tanzania,2042,43665474,66312756,4624551,15882963,27782511,22371369,43941387
Tanzania,2043,44416443,68166797,4843754,16117167,28299276,22856601,45310196
Tanzania,2044,45154027,70056705,5073677,16345938,28808089,23351651,46705054
Tanzania,2045,45876555,71982264,5315037,16570079,29306476,23854892,48127372
Tanzania,2046,46609870,73923262,5561209,16801043,29808827,24361299,49561963
Tanzania,2047,47326439,75902526,5816406,17021371,30305068,24875052,51027474
Tanzania,2048,48027007,77918178,6081665,17233890,30793117,25394474,52523704
Tanzania,2049,48713918,79967248,6357769,17442834,31271084,25916546,54050702
Tanzania,2050,49388639,82047067,6645915,17651970,31736669,26439121,55607946
Tanzania,2051,50076261,84142630,6935308,17869262,32206999,26959483,57183147
Tanzania,2052,50752402,86269714,7233722,18083212,32669190,27477460,58792254
Tanzania,2053,51416531,88426162,7543450,18294597,33121934,27992597,60433565
Tanzania,2054,52068327,90609329,7867131,18503860,33564467,28504034,62105295
Tanzania,2055,52708045,92815966,8207212,18712198,33995847,29010958,63805008
Tanzania,2056,53370488,95027936,8546335,18934857,34435631,29511721,65516215
Tanzania,2057,54020639,97264373,8899323,19149183,34871456,30005799,67258574
Tanzania,2058,54658534,99522793,9267105,19356229,35302305,30493130,69029663
Tanzania,2059,55284209,101801231,9649838,19557061,35727148,30973458,70827773
Tanzania,2060,55897261,104096941,10049032,19753446,36143815,31446784,72650157
Tanzania,2061,56536383,106392801,10441739,19963596,36572787,31913916,74478885
Tanzania,2062,57158980,108710860,10847489,20157299,37001681,32373667,76337193
Tanzania,2063,57766316,111042763,11272558,20338951,37427365,32826626,78216137
Tanzania,2064,58360254,113377823,11725165,20514616,37845638,33273271,80104552
Tanzania,2065,58941166,115708450,12211598,20689378,38251788,33714246,81994204
Tanzania,2066,59542389,118030222,12701815,20872233,38670156,34155561,83874661
Tanzania,2067,60131401,120349962,13219770,21051463,39079938,34589690,85760272
Tanzania,2068,60704730,122667457,13767043,21226181,39478549,35018684,87648773
Tanzania,2069,61257352,124984530,14344394,21393387,39863965,35445027,89539503
Tanzania,2070,61786203,127300167,14953686,21551670,40234533,35870069,91430098
Tanzania,2071,62339581,129604413,15554953,21723192,40616389,36299823,93304590
Tanzania,2072,62866607,131914690,16180324,21876964,40989643,36727913,95186777
Tanzania,2073,63368730,134224050,16833777,22016421,41352309,37152946,97071104
Tanzania,2074,63849218,136523034,17520053,22147222,41701996,37572041,98950993
Tanzania,2075,64309349,138804720,18243385,22274150,42035199,37983326,100821394
Tanzania,2076,64793892,141075987,18950636,22411673,42382219,38398596,102677391
Tanzania,2077,65258040,143337491,19684540,22540884,42717156,38805248,104532243
Tanzania,2078,65700271,145589008,20445498,22662901,43037370,39203137,106385871
Tanzania,2079,66118303,147832618,21232416,22777855,43340448,39591892,108240726
Tanzania,2080,66510873,150067220,22046406,22886537,43624336,39971004,110096216
Tanzania,2081,66931863,152304847,22820083,23009130,43922733,40354447,111950400
Tanzania,2082,67328325,154540837,23609742,23120907,44207418,40726972,113813865
Tanzania,2083,67700575,156768152,24421148,23223475,44477100,41088630,115679522
Tanzania,2084,68050112,158977894,25260864,23319385,44730727,41439090,117538804
Tanzania,2085,68377775,161162105,26134995,23411112,44966663,41777895,119384210
Tanzania,2086,68741039,163345733,26959864,23519412,45221627,42122954,121222779
Tanzania,2087,69083203,165514006,27805369,23618170,45465033,42455923,123058083
Tanzania,2088,69403303,167660088,28677568,23707965,45695338,42776241,124883847
Tanzania,2089,69699791,169776798,29583325,23788851,45910940,43082703,126694095
Tanzania,2090,69971322,171856815,30529481,23861625,46109697,43374361,128482454
Tanzania,2091,70282767,173933422,31416277,23952177,46330590,43672160,130261262
Tanzania,2092,70568066,175986781,32328133,24026124,46541942,43955782,132030999
Tanzania,2093,70827191,178009202,33271385,24085862,46741329,44225638,133783564
Tanzania,2094,71060587,179992714,34252176,24134853,46925734,44482134,135510580
Tanzania,2095,71268043,181929907,35276631,24176661,47091382,44725439,137204468
Tanzania,2096,71510779,183870230,36232523,24231349,47279430,44980518,138889712
Tanzania,2097,71727980,185778763,37213877,24274299,47453681,45222810,140555953
Tanzania,2098,71918266,187649655,38226092,24307129,47611137,45452887,142196768
Tanzania,2099,72078464,189478265,39275044,24329560,47748904,45671353,143806912
Tanzania,2100,72204280,191259253,40368282,24339898,47864382,45878349,145380904
Thailand,1950,8726039,11312258,672063,3404705,5321334,4168065,7144193
Thailand,1951,8945920,11620113,697169,3559514,5386406,4286516,7333597
Thailand,1952,9147422,11968386,722177,3673616,5473806,4414434,7553952
Thailand,1953,9356651,12333308,746574,3774455,5582196,4540892,7792416
Thailand,1954,9592513,12697560,770357,3879791,5712722,4656311,8041249
Thailand,1955,9862534,13054692,793820,4004361,5858173,4756643,8298049
Thailand,1956,10184299,13389563,815657,4141332,6042967,4840096,8549467
Thailand,1957,10539841,13720589,836362,4290036,6249805,4911489,8809100
Thailand,1958,10920626,14055416,857511,4448671,6471955,4976745,9078671
Thailand,1959,11312811,14406373,881091,4612073,6700738,5044750,9361623
Thailand,1960,11708147,14780857,908171,4776805,6931342,5121519,9659338
Thailand,1961,12144396,15138296,941512,4956796,7187600,5196818,9941478
Thailand,1962,12576489,15526888,977657,5118831,7457658,5283751,10243137
Thailand,1963,13007868,15943396,1015777,5268944,7738924,5386459,10556937
Thailand,1964,13446201,16380795,1054336,5419019,8027182,5509807,10870988
Thailand,1965,13894724,16835592,1092480,5578436,8316288,5656915,11178677
Thailand,1966,14373665,17282711,1132720,5744751,8628914,5823194,11459517
Thailand,1967,14855486,17751363,1171655,5909660,8945826,6015610,11735753
Thailand,1968,15332617,18248149,1210179,6067376,9265241,6231544,12016605
Thailand,1969,15792249,18784811,1249744,6205123,9587126,6466803,12318008
Thailand,1970,16226039,19367658,1291216,6316548,9909491,6718028,12649630
Thailand,1971,16670973,19959359,1334593,6427643,10243330,7007128,12952231
Thailand,1972,17060119,20622130,1379745,6472504,10587615,7321040,13301090
Thailand,1973,17400485,21338743,1425738,6468501,10931984,7650585,13688158
Thailand,1974,17701883,22086707,1470946,6442429,11259454,7985200,14101507
Thailand,1975,17966569,22853801,1514584,6413587,11552982,8317084,14536717
Thailand,1976,18189295,23627947,1569599,6345876,11843419,8639385,14988562
Thailand,1977,18384923,24408669,1622418,6297135,12087788,8950914,15457755
Thailand,1978,18543315,25206434,1673687,6260884,12282431,9255263,15951171
Thailand,1979,18646844,26041089,1724374,6219610,12427234,9563174,16477915
Thailand,1980,18686880,26923190,1775253,6159111,12527769,9880825,17042365
Thailand,1981,18652005,27853211,1832287,6082815,12569190,10155862,17697349
Thailand,1982,18565287,28813457,1888816,5999806,12565481,10430693,18382764
Thailand,1983,18435769,29803941,1946489,5910382,12525387,10704651,19099290
Thailand,1984,18283224,30817700,2007158,5821291,12461933,10972443,19845257
Thailand,1985,18121176,31847721,2072572,5738026,12383150,11230279,20617442
Thailand,1986,17936690,32908081,2151696,5665035,12271655,11446843,21461238
Thailand,1987,17748789,33977984,2237633,5588077,12160712,11645855,22332129
Thailand,1988,17550212,35029873,2332249,5508443,12041769,11814900,23214973
Thailand,1989,17332939,36024298,2437869,5429006,11903933,11934432,24089866
Thailand,1990,17093897,36932606,2556318,5354157,11739740,11994655,24937951
Thailand,1991,16910718,37665015,2682668,5310759,11599959,12018591,25646424
Thailand,1992,16711110,38311354,2815414,5267462,11443648,11995293,26316061
Thailand,1993,16504709,38905640,2954542,5224563,11280146,11945315,26960325
Thailand,1994,16302895,39498212,3100559,5178013,11124882,11892040,27606172
Thailand,1995,16113907,40122927,3254956,5125727,10988180,11848725,28274202
Thailand,1996,15893601,40845324,3412547,5080671,10812930,11611822,29233502
Thailand,1997,15691683,41594622,3577201,5004304,10687379,11376289,30218333
Thailand,1998,15495701,42352119,3749463,4905422,10590279,11159234,31192885
Thailand,1999,15299801,43077510,3929340,4798775,10501026,10963375,32114135
Thailand,2000,15099952,43741964,4116105,4695879,10404073,10788249,32953715
Thailand,2001,14858818,44376630,4307874,4584155,10274663,10764426,33612204
Thailand,2002,14624563,44944100,4504501,4484430,10140133,10707688,34236412
Thailand,2003,14394992,45458331,4701629,4396041,9998951,10621432,34836899
Thailand,2004,14164467,45944366,4893398,4315871,9848596,10513447,35430919
Thailand,2005,13931027,46416342,5078101,4242803,9688224,10393116,36023226
Thailand,2006,13711929,46857356,5254879,4187655,9524274,10234135,36623221
Thailand,2007,13500590,47268419,5426606,4144320,9356270,10066612,37201807
Thailand,2008,13293496,47651542,5600722,4107797,9185699,9903928,37747614
Thailand,2009,13092634,48003894,5785339,4073134,9019500,9754112,38249782
Thailand,2010,12901887,48321950,5984971,4039437,8862450,9621620,38700330
Thailand,2011,12833599,48491101,6205430,4045628,8787971,9564411,38926690
Thailand,2012,12739756,48664367,6439856,4019889,8719867,9554932,39109435
Thailand,2013,12624659,48827392,6691014,3971608,8653051,9581274,39246118
Thailand,2014,12494848,48960244,6961680,3910678,8584170,9619322,39340922
Thailand,2015,12352801,49051305,7253494,3843801,8509000,9648498,39402807
Thailand,2016,12155617,49164792,7543105,3767698,8387919,9623606,39541186
Thailand,2017,11956601,49229328,7851584,3678596,8278005,9552467,39676861
Thailand,2018,11757429,49242933,8182811,3583493,8173936,9444427,39798506
Thailand,2019,11558999,49205980,8541181,3492093,8066906,9317030,39888950
Thailand,2020,11362751,49119110,8929007,3411827,7950924,9182315,39936795
Thailand,2021,11155133,49005111,9337880,3321242,7833891,9049714,39955397
Thailand,2022,10967483,48832463,9767559,3266525,7700958,8904106,39928357
Thailand,2023,10791420,48614214,10215106,3237510,7553910,8753317,39860897
Thailand,2024,10616311,48367544,10675768,3218268,7398043,8607293,39760251
Thailand,2025,10438988,48099732,11146766,3197470,7241518,8471588,39628144
Thailand,2026,10292272,47801477,11605484,3198381,7093891,8352597,39448880
Thailand,2027,10141708,47493014,12066251,3190013,6951695,8248429,39244585
Thailand,2028,9994189,47163467,12532456,3174357,6819832,8150584,39012883
Thailand,2029,9860490,46797423,13007593,3157746,6702744,8045326,38752097
Thailand,2030,9745181,46387905,13493126,3144762,6600419,7924595,38463310
Thailand,2031,9660713,45953122,13958404,3142072,6518641,7800198,38152924
Thailand,2032,9587154,45491719,14424710,3131614,6455540,7664965,37826754
Thailand,2033,9524300,45006570,14888461,3116345,6407955,7521124,37485446
Thailand,2034,9468021,44505803,15344492,3097979,6370042,7373475,37132328
Thailand,2035,9414186,43995656,15789816,3077742,6336444,7225823,36769833
Thailand,2036,9367261,43506228,16189565,3053298,6313963,7088778,36417450
Thailand,2037,9323465,43016232,16568862,3030316,6293149,6951254,36064978
Thailand,2038,9279424,42526982,16929783,3007880,6271544,6818395,35708587
Thailand,2039,9231456,42040769,17273875,2984434,6247022,6697690,35343079
Thailand,2040,9177409,41559647,17601418,2958520,6218889,6593772,34965875
Thailand,2041,9125057,41115037,17873419,2930440,6194617,6516654,34598383
Thailand,2042,9068563,40682480,18120393,2905397,6163166,6456871,34225609
Thailand,2043,9006605,40264109,18341786,2881613,6124992,6410685,33853424
Thailand,2044,8938840,39862756,18535459,2857220,6081620,6371796,33490960
Thailand,2045,8865347,39478835,18701363,2830697,6034650,6335641,33143194
Thailand,2046,8798820,39134983,18804749,2807366,5991454,6311805,32823178
Thailand,2047,8726832,38814040,18875943,2782194,5944638,6291828,32522212
Thailand,2048,8650585,38510302,18920313,2755636,5894949,6272579,32237723
Thailand,2049,8571955,38216626,18944116,2728796,5843159,6250316,31966310
Thailand,2050,8491810,37926281,18954254,2702346,5789464,6222360,31703921
Thailand,2051,8418627,37659477,18922894,2678236,5740391,6196722,31462755
Thailand,2052,8345938,37405147,18868612,2655525,5690413,6165358,31239789
Thailand,2053,8273753,37150023,18806233,2634172,5639581,6128393,31021630
Thailand,2054,8201545,36875696,18756429,2613863,5587682,6086804,30788892
Thailand,2055,8128806,36568836,18734626,2594267,5534539,6040986,30527850
Thailand,2056,8064362,36249329,18713139,2577751,5486611,5998520,30250809
Thailand,2057,8002421,35909528,18706335,2563436,5438985,5952824,29956704
Thailand,2058,7942378,35550239,18715309,2550667,5391711,5903866,29646373
Thailand,2059,7883718,35176463,18736895,2538772,5344946,5852078,29324385
Thailand,2060,7826075,34791155,18769660,2527248,5298827,5797775,28993380
Thailand,2061,7779225,34411096,18787928,2519804,5259421,5748691,28662405
Thailand,2062,7735084,34030351,18806338,2512546,5222538,5699364,28330987
Thailand,2063,7693216,33650877,18823811,2505135,5188081,5649281,28001596
Thailand,2064,7652660,33276284,18837929,2497079,5155581,5597752,27678532
Thailand,2065,7612086,32907117,18849740,2487902,5124184,5544202,27362915
Thailand,2066,7581190,32564313,18828933,2481371,5099819,5496694,27067619
Thailand,2067,7551077,32241393,18791271,2472992,5078085,5449622,26791771
Thailand,2068,7520979,31929853,18746389,2462947,5058032,5402680,26527173
Thailand,2069,7490002,31619400,18705813,2451583,5038419,5355897,26263503
Thailand,2070,7457032,31303157,18677746,2439008,5018024,5309302,25993855
Thailand,2071,7429989,31009900,18625663,2426766,5003223,5271468,25738432
Thailand,2072,7402798,30723787,18571368,2414975,4987823,5235507,25488280
Thailand,2073,7373981,30441139,18519518,2403018,4970963,5201010,25240129
Thailand,2074,7341739,30158600,18474586,2389927,4951812,5167659,24990941
Thailand,2075,7304704,29873070,18440440,2374862,4929842,5135008,24738062
Thailand,2076,7274073,29618238,18372034,2361221,4912852,5112402,24505836
Thailand,2077,7240456,29368748,18304069,2347178,4893278,5091795,24276953
Thailand,2078,7203194,29123453,18238064,2332441,4870753,5071857,24051596
Thailand,2079,7162270,28883692,18172405,2317038,4845232,5051166,23832526
Thailand,2080,7117782,28650119,18106101,2300937,4816845,5028769,23621350
Thailand,2081,7081559,28460801,17989186,2287367,4794192,5014720,23446081
Thailand,2082,7043551,28283411,17863975,2274560,4768991,4999795,23283616
Thailand,2083,7003154,28111742,17737166,2262008,4741146,4982925,23128817
Thailand,2084,6960092,27939414,17615278,2249176,4710916,4963257,22976157
Thailand,2085,6914460,27762372,17502250,2235718,4678742,4940308,22822064
Thailand,2086,6878052,27613336,17353623,2225692,4652360,4922844,22690492
Thailand,2087,6840491,27466225,17206040,2215424,4625067,4902969,22563256
Thailand,2088,6802339,27318671,17061639,2205041,4597298,4880640,22438031
Thailand,2089,6763632,27165364,16926123,2194632,4569000,4855538,22309826
Thailand,2090,6723516,26999366,16807702,2183987,4539529,4826930,22172436
Thailand,2091,6692597,26852650,16664151,2176379,4516218,4803397,22049253
Thailand,2092,6662656,26703637,16525614,2169196,4493460,4778243,21925394
Thailand,2093,6632631,26548079,16397709,2161971,4470660,4750889,21797190
Thailand,2094,6601344,26382831,16285132,2154172,4447172,4721005,21661826
Thailand,2095,6567800,26205159,16192029,2145370,4422430,4688338,21516821
Thailand,2096,6543766,26050843,16071349,2139506,4404260,4661991,21388852
Thailand,2097,6519811,25896413,15956587,2133096,4386715,4635182,21261231
Thailand,2098,6495089,25738994,15852111,2125814,4369275,4607544,21131450
Thailand,2099,6468598,25575701,15762575,2117372,4351226,4578736,20996965
Thailand,2100,6439413,25404228,15692048,2107525,4331888,4548511,20855717
Timor,1950,175702,243199,14496,70601,105101,84701,158498
Timor,1951,178974,244521,14742,72029,106945,85131,159390
Timor,1952,181482,246964,14974,72013,109469,85942,161022
Timor,1953,184047,249869,15065,71769,112278,86906,162963
Timor,1954,186952,253116,14900,71870,115082,88011,165105
Timor,1955,190108,256847,14430,72616,117492,89364,167483
Timor,1956,193409,260505,14332,73237,120172,90524,169981
Timor,1957,197140,264392,14014,74493,122647,91823,172569
Timor,1958,200995,268701,13583,76164,124831,93363,175338
Timor,1959,204665,273596,13162,78032,126633,95238,178358
Timor,1960,208018,279137,12795,80010,128008,97521,181616
Timor,1961,212357,283581,12907,82886,129471,99434,184147
Timor,1962,216160,288899,13048,84974,131186,101795,187104
Timor,1963,219695,294840,13214,86535,133160,104442,190398
Timor,1964,223370,301034,13382,88028,135342,107145,193889
Timor,1965,227372,307303,13543,89880,137492,109810,197493
Timor,1966,232413,312200,14063,92288,140125,111753,200447
Timor,1967,237220,317227,14584,93992,143228,113695,203532
Timor,1968,242031,322709,15067,95315,146716,115693,207016
Timor,1969,247117,329171,15451,96654,150463,117866,211305
Timor,1970,252562,336841,15722,98385,154177,120292,216549
Timor,1971,259743,344864,16338,100900,158843,122528,222336
Timor,1972,267386,354232,16881,103346,164040,125049,229183
Timor,1973,273846,363288,17303,105021,168825,127407,235881
Timor,1974,276541,370139,17543,104474,172067,129162,240977
Timor,1975,273690,373714,17580,100745,172945,130105,243609
Timor,1976,269333,368442,17172,97661,171672,131255,237187
Timor,1977,259187,360621,16288,90409,168778,131612,229009
Timor,1978,246662,352206,14989,81370,165292,131568,220638
Timor,1979,236900,345628,13344,74619,162281,131772,213856
Timor,1980,233521,342699,11343,73251,160270,132787,209912
Timor,1981,230970,348618,11417,70821,160149,133309,215309
Timor,1982,236438,356442,11550,76726,159712,134318,222124
Timor,1983,247028,365895,11725,88328,158700,135850,230045
Timor,1984,257858,376931,11899,100558,157300,138143,238788
Timor,1985,265822,389069,12054,109507,156315,141195,247874
Timor,1986,274833,397172,12179,120560,154273,145243,251929
Timor,1987,278438,408758,12326,124289,154149,151200,257558
Timor,1988,279581,422406,12487,123131,156450,157937,264469
Timor,1989,283076,435707,12661,121861,161215,163638,272069
Timor,1990,291595,447494,12844,124093,167502,167192,280302
Timor,1991,303321,459877,13813,125530,177791,167135,292742
Timor,1992,320971,469645,14819,131836,189135,164741,304904
Timor,1993,341197,476632,15782,141336,199861,160602,316030
Timor,1994,358581,481463,16640,150364,208217,155983,325480
Timor,1995,370001,484133,17313,156334,213667,151670,332463
Timor,1996,388446,469441,18029,166606,221840,144601,324840
Timor,1997,401149,452390,18455,172807,228342,139244,313146
Timor,1998,410841,435626,18727,176034,234807,136596,299030
Timor,1999,422360,421879,19030,178633,243727,137600,284279
Timor,2000,439197,412915,19495,182553,256644,142821,270094
Timor,2001,449622,422451,20458,182888,266734,150261,272190
Timor,2002,463717,438317,21791,182111,281606,161119,277198
Timor,2003,479565,457938,23349,180672,298893,173997,283941
Timor,2004,494051,477767,24880,179108,314943,186632,291135
Timor,2005,504695,495557,26232,177643,327052,197464,298093
Timor,2006,503917,516737,27967,172688,331229,204144,312593
Timor,2007,503569,531971,29433,173186,330383,206506,325465
Timor,2008,503795,543522,30793,177284,326511,206143,337379
Timor,2009,504478,555228,32315,182286,322192,205804,349424
Timor,2010,505993,569452,34146,186651,319342,207241,362211
Timor,2011,515602,580242,35679,194576,321026,214327,365915
Timor,2012,523122,596168,37470,198895,324227,225022,371146
Timor,2013,529699,615275,39392,200728,328971,238039,377236
Timor,2014,537102,634478,41234,202075,335027,251132,383346
Timor,2015,545984,652098,42895,204322,341662,262878,389220
Timor,2016,555004,669094,44573,206095,348909,272403,396691
Timor,2017,565264,684954,46093,208052,357212,280834,404120
Timor,2018,576302,700276,47516,210395,365907,288321,411955
Timor,2019,587159,716289,48912,212919,374240,295207,421082
Timor,2020,597380,733682,50338,215572,381808,301696,431986
Timor,2021,606977,752259,51950,218068,388909,306312,445947
Timor,2022,616583,771482,53541,221356,395227,309949,461533
Timor,2023,625969,791525,55133,225107,400862,313483,478042
Timor,2024,635063,812408,56747,228934,406129,318062,494346
Timor,2025,643890,834058,58393,232583,411307,324323,509735
Timor,2026,653305,855474,60211,237093,416212,330443,525031
Timor,2027,662198,877888,62052,240545,421653,338270,539618
Timor,2028,670769,900997,63977,243223,427546,347227,553770
Timor,2029,679379,924331,66039,245618,433761,356223,568108
Timor,2030,688170,947649,68286,248135,440035,364563,583086
Timor,2031,697064,970765,70942,250754,446310,370964,599801
Timor,2032,706104,994009,73624,253078,453026,376765,617244
Timor,2033,715084,1017422,76439,255202,459882,382285,635137
Timor,2034,723697,1041107,79553,257130,466567,387988,653119
Timor,2035,731753,1065152,83038,258898,472855,394136,671016
Timor,2036,739362,1089232,87072,260627,478735,399177,690055
Timor,2037,746558,1113441,91504,262118,484440,404392,709049
Timor,2038,753241,1138407,95790,263415,489826,409996,728411
Timor,2039,759406,1164954,99101,264589,494817,416144,748810
Timor,2040,765071,1193486,100994,265711,499360,422881,770605
Timor,2041,770427,1223532,101743,266986,503441,428732,794800
Timor,2042,775381,1255375,101137,268045,507336,435068,820307
Timor,2043,779885,1288274,99944,268937,510948,441827,846447
Timor,2044,783951,1321068,99270,269716,514235,448768,872300
Timor,2045,787612,1353059,99753,270467,517145,455689,897370
Timor,2046,791181,1383885,101431,271505,519676,461126,922759
Timor,2047,794429,1413953,104136,272217,522212,466439,947514
Timor,2048,797374,1443704,107448,272721,524653,471715,971989
Timor,2049,800104,1473773,110711,273189,526915,476985,996788
Timor,2050,802691,1504483,113586,273775,528916,482228,1022255
Timor,2051,805246,1535359,116448,274620,530626,486076,1049283
Timor,2052,807791,1566505,119133,275374,532417,489719,1076786
Timor,2053,810245,1597817,121821,276062,534183,493301,1104516
Timor,2054,812521,1629098,124739,276680,535841,496921,1132177
Timor,2055,814592,1660177,128070,277265,537327,500610,1159567
Timor,2056,816781,1690524,131998,278181,538600,503054,1187470
Timor,2057,818775,1720822,136132,278693,540082,505465,1215357
Timor,2058,820575,1750604,140938,278924,541651,507947,1242657
Timor,2059,822226,1779131,147073,279043,543183,510532,1268599
Timor,2060,823760,1806000,154905,279206,544554,513214,1292786
Timor,2061,825325,1831003,164476,279545,545780,514883,1316120
Timor,2062,826814,1854343,175642,279709,547105,516553,1337790
Timor,2063,828123,1876761,187724,279733,548390,518339,1358422
Timor,2064,829120,1899373,199679,279603,549517,520311,1379062
Timor,2065,829736,1922786,210919,279350,550386,522477,1400309
Timor,2066,830391,1946656,221348,279304,551087,523824,1422832
Timor,2067,830676,1971255,231055,278878,551798,525261,1445994
Timor,2068,830567,1996090,240529,278166,552401,526868,1469222
Timor,2069,830085,2020337,250507,277299,552786,528644,1491693
Timor,2070,829238,2043479,261468,276388,552850,530556,1512923
Timor,2071,828439,2065944,272528,275637,552802,531808,1534136
Timor,2072,827333,2087484,284267,274702,552631,533076,1554408
Timor,2073,825855,2108138,296714,273636,552219,534409,1573729
Timor,2074,823990,2128066,309713,272499,551491,535806,1592260
Timor,2075,821769,2147344,323155,271365,550404,537236,1610108
Timor,2076,819755,2166402,336035,270502,549253,538016,1628386
Timor,2077,817494,2184727,349299,269542,547952,538693,1646034
Timor,2078,814959,2202432,362836,268502,546457,539342,1663090
Timor,2079,812129,2219609,376546,267380,544749,539973,1679636
Timor,2080,808996,2236242,390430,266203,542793,540551,1695691
Timor,2081,806316,2252789,403259,265417,540899,540465,1712324
Timor,2082,803348,2268930,416095,264302,539046,540244,1728686
Timor,2083,800126,2284451,429145,262971,537155,539930,1744521
Timor,2084,796746,2299040,442640,261586,535160,539510,1759530
Timor,2085,793270,2312513,456719,260294,532976,538967,1773546
Timor,2086,790214,2325713,470028,259278,530936,537839,1787874
Timor,2087,787167,2337922,483710,258254,528913,536503,1801419
Timor,2088,784048,2349140,497807,257218,526830,535067,1814073
Timor,2089,780747,2359437,512384,256122,524625,533630,1825807
Timor,2090,777225,2368803,527478,254962,522263,532223,1836580
Timor,2091,774190,2377755,541855,254153,520037,530387,1847368
Timor,2092,770959,2386016,556493,253055,517904,528538,1857478
Timor,2093,767545,2393546,571405,251746,515799,526741,1866805
Timor,2094,764007,2400244,586638,250352,513655,524992,1875252
Timor,2095,760356,2405973,602320,248985,511371,523266,1882707
Timor,2096,757097,2411681,616990,247830,509267,521248,1890433
Timor,2097,753806,2416759,631683,246591,507215,519230,1897529
Timor,2098,750405,2421098,646576,245291,505114,517247,1903851
Timor,2099,746763,2424624,661860,243903,502860,515310,1909314
Timor,2100,742792,2427325,677643,242393,500399,513408,1913917
Togo,1950,576137,758917,60403,235155,340982,255585,503332
Togo,1951,593632,771360,60495,243121,350511,260560,510800
Togo,1952,604413,777888,59605,247414,356999,263584,514304
Togo,1953,611254,782770,58064,249327,361927,266083,516687
Togo,1954,616694,788765,56061,250617,366077,268980,519785
Togo,1955,622704,797431,53704,253152,369552,272846,524585
Togo,1956,633607,803477,53647,258343,375264,275563,527914
Togo,1957,645341,813302,53386,263017,382324,279646,533656
Togo,1958,657576,825538,52855,267730,389846,284608,540930
Togo,1959,669227,838456,51991,272543,396684,289825,548631
Togo,1960,679006,850755,50752,277318,401688,294852,555903
Togo,1961,690093,856478,50955,282950,407143,297371,559107
Togo,1962,699188,862690,50877,286507,412681,300094,562596
Togo,1963,709157,871916,50691,289904,419253,303878,568038
Togo,1964,724294,887204,50575,296284,428010,309752,577452
Togo,1965,747992,910025,50613,308869,439123,318254,591771
Togo,1966,781664,940220,52145,323766,457898,329264,610956
Togo,1967,821757,979599,54086,340503,481254,343465,636134
Togo,1968,865723,1023813,56244,358853,506870,359367,664446
Togo,1969,908713,1067798,58396,376821,531892,375230,692568
Togo,1970,946451,1108636,60435,392209,554242,390094,718542
Togo,1971,984402,1138579,62681,409060,575342,401293,737286
Togo,1972,1018079,1164964,64539,423379,594700,411380,753584
Togo,1973,1047922,1189315,66108,435299,612623,420919,768396
Togo,1974,1075404,1213683,67535,445806,629598,430682,783001
Togo,1975,1101954,1239572,68920,456271,645683,441273,798299
Togo,1976,1132778,1260565,71112,469472,663306,450345,810220
Togo,1977,1161876,1283502,73188,480137,681739,460377,823125
Togo,1978,1191384,1309864,75221,489965,701419,471863,838001
Togo,1979,1224239,1341329,77278,501505,722734,485369,855960
Togo,1980,1262699,1378740,79400,517383,745316,501234,877506
Togo,1981,1309287,1420298,82454,535206,774081,518873,901425
Togo,1982,1359533,1469774,85759,552931,806602,539563,930211
Togo,1983,1412220,1524817,89201,571082,841138,562434,962383
Togo,1984,1464815,1582752,92670,589312,875503,586479,996273
Togo,1985,1514971,1641940,96083,607144,907827,611104,1030836
Togo,1986,1568821,1695519,99680,626738,942083,633904,1061615
Togo,1987,1620299,1750689,103092,644436,975863,657536,1093153
Togo,1988,1668440,1807151,106337,660020,1008420,681888,1125263
Togo,1989,1712106,1864828,109439,673087,1039019,706919,1157909
Togo,1990,1750688,1923813,112439,683844,1066844,732659,1191154
Togo,1991,1794905,1971763,115603,697730,1097175,753917,1217846
Togo,1992,1833001,2021788,118538,705844,1127157,776837,1244951
Togo,1993,1867968,2075577,121381,711052,1156916,802043,1273534
Togo,1994,1904267,2135099,124276,717637,1186630,830102,1304997
Togo,1995,1944939,2201755,127330,729103,1215836,861405,1340350
Togo,1996,1982462,2285529,130247,739480,1242982,897387,1388142
Togo,1997,2024620,2376780,133151,754722,1269898,934517,1442263
Togo,1998,2069555,2473456,136012,774056,1295499,971740,1501716
Togo,1999,2114206,2572753,138745,795534,1318672,1007745,1565008
Togo,2000,2156791,2672276,141300,817749,1339042,1041509,1630767
Togo,2001,2209611,2757255,144904,845671,1363940,1070088,1687167
Togo,2002,2261030,2842371,148071,872583,1388447,1097562,1744809
Togo,2003,2312217,2928248,150936,898637,1413580,1124115,1804133
Togo,2004,2365160,3015775,153663,924524,1440636,1149888,1865887
Togo,2005,2421281,3105624,156363,951273,1470008,1175032,1930592
Togo,2006,2487938,3189227,160627,983229,1504709,1196313,1992914
Togo,2007,2555474,3277140,164771,1010195,1545279,1217977,2059163
Togo,2008,2624303,3368703,168790,1033691,1590612,1240048,2128655
Togo,2009,2694400,3463385,172687,1055430,1638970,1262583,2200802
Togo,2010,2765275,3561187,176490,1076937,1688338,1285827,2275360
Togo,2011,2838663,3657959,182660,1097507,1741156,1307963,2349996
Togo,2012,2911504,3759228,188750,1115489,1796015,1331227,2428001
Togo,2013,2982967,3865184,194797,1131806,1851161,1356685,2508499
Togo,2014,3051840,3976251,200824,1147214,1904626,1385813,2590438
Togo,2015,3117306,4092622,206874,1162342,1954964,1419472,2673150
Togo,2016,3181394,4210790,214190,1175868,2005526,1456272,2754518
Togo,2017,3242404,4333952,221338,1190095,2052309,1497145,2836807
Togo,2018,3300005,4462491,228430,1204898,2095107,1541903,2920588
Togo,2019,3354233,4596577,235574,1219983,2134250,1589919,3006658
Togo,2020,3405474,4735943,242874,1235240,2170234,1640487,3095456
Togo,2021,3458517,4874527,251583,1252212,2206305,1691664,3182863
Togo,2022,3508559,5018524,260251,1268453,2240106,1745224,3273300
Togo,2023,3556299,5167252,269024,1284385,2271914,1799890,3367362
Togo,2024,3602986,5319523,278022,1300780,2302206,1853685,3465838
Togo,2025,3649582,5474389,287385,1318391,2331191,1905211,3569178
Togo,2026,3701218,5625459,298391,1338900,2362318,1952739,3672720
Togo,2027,3752527,5779537,309540,1358591,2393936,1997914,3781623
Togo,2028,3803701,5936206,320975,1377847,2425854,2040747,3895459
Togo,2029,3854806,6095152,332840,1396970,2457836,2081416,4013736
Togo,2030,3905903,6256054,345284,1416416,2489487,2120035,4136019
Togo,2031,3962761,6411821,359546,1438459,2524302,2154901,4256920
Togo,2032,4018919,6570360,374086,1458282,2560637,2187800,4382560
Togo,2033,4074460,6731167,389146,1476565,2597895,2219374,4511793
Togo,2034,4129420,6893735,405010,1494124,2635296,2250483,4643252
Togo,2035,4183722,7057725,421896,1511738,2671984,2281731,4775994
Togo,2036,4242369,7216913,440870,1530655,2711714,2312141,4904772
Togo,2037,4299722,7378402,460348,1548019,2751703,2342949,5035453
Togo,2038,4355499,7542106,480519,1564244,2791255,2374511,5167595
Togo,2039,4409332,7708002,501587,1579672,2829660,2407131,5300871
Togo,2040,4461005,7875948,523735,1594705,2866300,2440942,5435006
Togo,2041,4516058,8039392,547858,1610864,2905194,2475199,5564193
Togo,2042,4568512,8205727,572395,1625497,2943015,2510831,5694896
Togo,2043,4618242,8374783,597432,1638936,2979306,2547736,5827047
Togo,2044,4665242,8546300,623012,1651529,3013713,2585574,5960726
Togo,2045,4709552,8719946,649216,1663676,3045876,2624021,6095925
Togo,2046,4757276,8888740,676784,1677261,3080015,2662405,6226335
Togo,2047,4801859,9060706,704177,1689089,3112770,2701428,6359278
Togo,2048,4843513,9235409,731643,1699722,3143791,2740806,6494603
Togo,2049,4882698,9412242,759418,1709913,3172785,2780026,6632216
Togo,2050,4919802,9590643,787709,1720357,3199445,2818657,6771986
Togo,2051,4960801,9763695,817418,1732535,3228266,2856294,6907401
Togo,2052,4999705,9938968,846841,1744071,3255634,2893171,7045797
Togo,2053,5036413,10116465,875913,1755079,3281334,2929278,7187187
Togo,2054,5070767,10296399,904392,1765507,3305260,2964569,7331830
Togo,2055,5102797,10478601,932272,1775509,3327288,2998924,7479677
Togo,2056,5139811,10654103,961076,1787976,3351835,3031770,7622333
Togo,2057,5173923,10832829,988730,1798022,3375901,3063736,7769093
Togo,2058,5205601,11013799,1015764,1806416,3399185,3094782,7919017
Togo,2059,5235558,11195819,1042694,1814254,3421304,3124764,8071055
Togo,2060,5264235,11377960,1070025,1822485,3441750,3153563,8224397
Togo,2061,5297399,11551895,1100234,1832419,3464980,3181170,8370725
Togo,2062,5329150,11726856,1129864,1841713,3487437,3207624,8519232
Togo,2063,5359187,11902063,1159851,1850453,3508734,3233199,8668864
Togo,2064,5386976,12076696,1191365,1858430,3528546,3258198,8818498
Togo,2065,5412281,12250034,1225201,1865678,3546603,3282757,8967277
Togo,2066,5442111,12411584,1264738,1874991,3567120,3306563,9105021
Togo,2067,5468871,12573598,1305198,1881828,3587043,3330077,9243521
Togo,2068,5492835,12735395,1346842,1886807,3606028,3353321,9382074
Togo,2069,5514482,12896164,1389851,1890809,3623673,3376188,9519976
Togo,2070,5534064,13055285,1434446,1894597,3639467,3398569,9656716
Togo,2071,5557253,13203061,1484524,1899649,3657604,3420644,9782417
Togo,2072,5578047,13350774,1534695,1903455,3674592,3442306,9908468
Togo,2073,5596318,13498451,1584927,1906337,3689981,3463597,10034854
Togo,2074,5611885,13646380,1634996,1908525,3703360,3484463,10161917
Togo,2075,5624728,13794493,1684881,1910317,3714411,3504800,10289693
Togo,2076,5641121,13932721,1738250,1913641,3727480,3524896,10407825
Togo,2077,5654713,14072527,1789895,1915764,3738949,3544406,10528121
Togo,2078,5665555,14213332,1840234,1916936,3748619,3563350,10649982
Togo,2079,5673846,14354488,1889607,1917471,3756375,3581642,10772846
Togo,2080,5679796,14495348,1938362,1917722,3762074,3599153,10896195
Togo,2081,5689930,14625779,1990037,1919905,3770025,3616329,11009450
Togo,2082,5697524,14757580,2039462,1920714,3776810,3632725,11124855
Togo,2083,5702634,14889890,2087298,1920403,3782231,3648229,11241661
Togo,2084,5705288,15021881,2134167,1919182,3786106,3662597,11359284
Togo,2085,5705543,15152811,2180652,1917345,3788198,3675631,11477180
Togo,2086,5709774,15271726,2231214,1917251,3792523,3687805,11583921
Togo,2087,5711190,15391586,2279695,1915178,3796012,3698727,11692859
Togo,2088,5710092,15511390,2326848,1911737,3798355,3708514,11802876
Togo,2089,5706936,15630067,2373415,1907754,3799182,3717267,11912800
Togo,2090,5702018,15746752,2420029,1903913,3798105,3725015,12021737
Togo,2091,5700140,15850566,2472804,1901188,3798952,3732371,12118195
Togo,2092,5696746,15954079,2523675,1898323,3798423,3738666,12215413
Togo,2093,5691635,16056798,2573302,1895321,3796314,3744092,12312706
Togo,2094,5684483,16158412,2622271,1891962,3792521,3748817,12409595
Togo,2095,5675138,16258480,2671141,1888072,3787066,3752903,12505577
Togo,2096,5669545,16343656,2727316,1886163,3783382,3756545,12587111
Togo,2097,5661579,16429551,2781354,1882611,3778968,3759661,12669890
Togo,2098,5651340,16515501,2833887,1877558,3773782,3762211,12753290
Togo,2099,5639417,16600560,2885387,1871696,3767721,3763946,12836614
Togo,2100,5626563,16683668,2936317,1866099,3760464,3764608,12919060
Tonga,1950,23065,23295,860,9453,13612,9260,14035
Tonga,1951,23744,24614,957,9698,14046,9690,14924
Tonga,1952,24271,25834,1065,9915,14356,10067,15767
Tonga,1953,24659,26941,1183,10127,14532,10380,16561
Tonga,1954,24902,27943,1305,10307,14595,10635,17308
Tonga,1955,25012,28867,1444,10438,14574,10838,18029
Tonga,1956,25545,29263,1558,10711,14834,10850,18413
Tonga,1957,26032,29678,1677,10896,15136,10885,18793
Tonga,1958,26539,30165,1804,11054,15485,10970,19195
Tonga,1959,27156,30773,1944,11287,15869,11119,19654
Tonga,1960,27970,31527,2104,11727,16243,11345,20182
Tonga,1961,29111,32501,2133,12365,16746,11704,20797
Tonga,1962,30381,33702,2176,13004,17377,12128,21574
Tonga,1963,31759,35025,2221,13649,18110,12581,22444
Tonga,1964,33131,36364,2262,14227,18904,13028,23336
Tonga,1965,34414,37649,2299,14684,19730,13439,24210
Tonga,1966,36081,38353,2345,15213,20868,13670,24683
Tonga,1967,37586,39076,2390,15478,22108,13951,25125
Tonga,1968,38873,39810,2414,15511,23362,14295,25515
Tonga,1969,39895,40558,2424,15366,24529,14712,25846
Tonga,1970,40601,41356,2412,15082,25519,15219,26137
Tonga,1971,40877,42160,2481,14660,26217,15462,26698
Tonga,1972,40918,42892,2537,14150,26768,15717,27175
Tonga,1973,40775,43628,2585,13619,27156,16037,27591
Tonga,1974,40539,44438,2632,13164,27375,16483,27955
Tonga,1975,40281,45387,2680,12859,27422,17088,28299
Tonga,1976,39827,46678,2749,12555,27272,17658,29020
Tonga,1977,39550,47929,2816,12559,26991,18230,29699
Tonga,1978,39370,49101,2893,12771,26599,18775,30326
Tonga,1979,39148,50174,2978,13040,26108,19279,30895
Tonga,1980,38786,51156,3065,13272,25514,19750,31406
Tonga,1981,38968,51302,3183,13943,25025,20112,31190
Tonga,1982,38896,51494,3291,14291,24605,20581,30913
Tonga,1983,38672,51701,3401,14384,24288,21142,30559
Tonga,1984,38456,51885,3501,14352,24104,21717,30168
Tonga,1985,38328,52036,3589,14338,23990,22242,29794
Tonga,1986,38069,52373,3703,14519,23550,22368,30005
Tonga,1987,37790,52762,3832,14340,23450,22431,30331
Tonga,1988,37574,53123,3970,13972,23602,22423,30700
Tonga,1989,37474,53346,4109,13615,23859,22307,31039
Tonga,1990,37487,53407,4259,13407,24080,22056,31351
Tonga,1991,37501,53395,4437,13016,24485,21158,32237
Tonga,1992,37733,53149,4614,13001,24732,20179,32970
Tonga,1993,38012,52848,4784,13224,24788,19338,33510
Tonga,1994,38140,52732,4961,13452,24688,18859,33873
Tonga,1995,38067,52863,5146,13568,24499,18818,34045
Tonga,1996,38154,52963,5252,13989,24165,18901,34062
Tonga,1997,37973,53399,5353,13969,24004,19269,34130
Tonga,1998,37697,53980,5458,13676,24021,19799,34181
Tonga,1999,37571,54474,5546,13386,24185,20299,34175
Tonga,2000,37701,54773,5608,13280,24421,20662,34111
Tonga,2001,37463,55399,5749,12973,24490,20544,34855
Tonga,2002,37587,55727,5870,13001,24586,20258,35469
Tonga,2003,37935,55892,5962,13269,24666,19921,35971
Tonga,2004,38297,56077,6032,13573,24724,19650,36427
Tonga,2005,38553,56394,6094,13754,24799,19483,36911
Tonga,2006,38769,56787,6133,13923,24846,19301,37486
Tonga,2007,38885,57312,6160,13988,24897,19165,38147
Tonga,2008,38911,57935,6159,13946,24965,19132,38803
Tonga,2009,38907,58557,6140,13852,25055,19227,39330
Tonga,2010,38902,59130,6105,13752,25150,19435,39695
Tonga,2011,38997,59446,6134,13682,25315,19643,39803
Tonga,2012,39039,59747,6165,13518,25521,19946,39801
Tonga,2013,39050,60088,6190,13307,25743,20338,39750
Tonga,2014,39052,60517,6213,13099,25953,20784,39733
Tonga,2015,39058,61076,6230,12935,26123,21262,39814
Tonga,2016,38866,61991,6265,12711,26155,21652,40339
Tonga,2017,38705,63028,6287,12546,26159,22014,41014
Tonga,2018,38547,64134,6327,12434,26113,22368,41766
Tonga,2019,38372,65260,6409,12361,26011,22750,42510
Tonga,2020,38163,66328,6546,12316,25847,23162,43166
Tonga,2021,37932,67303,6758,12317,25615,23446,43857
Tonga,2022,37707,68205,7021,12346,25361,23732,44473
Tonga,2023,37490,69074,7303,12396,25094,24021,45053
Tonga,2024,37302,69937,7571,12467,24835,24282,45655
Tonga,2025,37163,70825,7805,12561,24602,24498,46327
Tonga,2026,37127,71646,8033,12748,24379,24515,47131
Tonga,2027,37130,72483,8225,12883,24247,24484,47999
Tonga,2028,37175,73319,8408,12985,24190,24425,48894
Tonga,2029,37274,74100,8593,13077,24197,24336,49764
Tonga,2030,37429,74832,8794,13189,24240,24229,50603
Tonga,2031,37641,75494,9020,13329,24312,23961,51533
Tonga,2032,37903,76100,9258,13442,24461,23670,52430
Tonga,2033,38195,76679,9504,13532,24663,23388,53291
Tonga,2034,38491,77221,9777,13602,24889,23156,54065
Tonga,2035,38776,77741,10079,13659,25117,22997,54744
Tonga,2036,39052,78234,10410,13717,25335,22774,55460
Tonga,2037,39311,78703,10764,13741,25570,22616,56087
Tonga,2038,39545,79179,11124,13738,25807,22539,56640
Tonga,2039,39734,79688,11467,13705,26029,22548,57140
Tonga,2040,39874,80250,11782,13656,26218,22643,57607
Tonga,2041,39968,80851,12055,13600,26368,22684,58167
Tonga,2042,40009,81505,12298,13508,26501,22801,58704
Tonga,2043,39998,82202,12514,13390,26608,22993,59209
Tonga,2044,39928,82924,12723,13255,26673,23240,59684
Tonga,2045,39807,83644,12936,13118,26689,23521,60123
Tonga,2046,39632,84381,13151,12981,26651,23705,60676
Tonga,2047,39423,85109,13369,12839,26584,23909,61200
Tonga,2048,39174,85846,13575,12694,26480,24131,61715
Tonga,2049,38893,86636,13739,12557,26336,24373,62263
Tonga,2050,38589,87483,13854,12433,26156,24625,62858
Tonga,2051,38267,88379,13921,12338,25929,24751,63628
Tonga,2052,37943,89310,13940,12248,25695,24863,64447
Tonga,2053,37623,90256,13946,12166,25457,24971,65285
Tonga,2054,37309,91128,14004,12099,25210,25070,66058
Tonga,2055,37011,91890,14167,12056,24955,25155,66735
Tonga,2056,36757,92519,14416,12066,24691,25100,67419
Tonga,2057,36532,93042,14745,12069,24463,25019,68023
Tonga,2058,36332,93478,15145,12070,24262,24922,68556
Tonga,2059,36162,93852,15580,12074,24088,24814,69038
Tonga,2060,36018,94190,16024,12089,23929,24702,69488
Tonga,2061,35932,94474,16476,12150,23782,24470,70004
Tonga,2062,35869,94726,16938,12177,23692,24228,70498
Tonga,2063,35827,94936,17420,12180,23647,23992,70944
Tonga,2064,35799,95091,17931,12171,23628,23774,71317
Tonga,2065,35780,95198,18487,12161,23619,23587,71611
Tonga,2066,35776,95250,19068,12164,23612,23324,71926
Tonga,2067,35780,95267,19668,12140,23640,23087,72180
Tonga,2068,35774,95253,20289,12092,23682,22890,72363
Tonga,2069,35755,95220,20927,12029,23726,22737,72483
Tonga,2070,35703,95173,21589,11954,23749,22640,72533
Tonga,2071,35638,95138,22229,11880,23758,22505,72633
Tonga,2072,35548,95102,22871,11784,23764,22414,72688
Tonga,2073,35426,95069,23512,11673,23753,22369,72700
Tonga,2074,35265,95055,24142,11550,23715,22369,72686
Tonga,2075,35072,95072,24744,11422,23650,22411,72661
Tonga,2076,34853,95165,25266,11299,23554,22409,72756
Tonga,2077,34612,95286,25747,11172,23440,22433,72853
Tonga,2078,34340,95423,26204,11038,23302,22481,72942
Tonga,2079,34040,95595,26627,10903,23137,22548,73047
Tonga,2080,33717,95777,27034,10775,22942,22624,73153
Tonga,2081,33404,96030,27340,10672,22732,22631,73399
Tonga,2082,33075,96297,27617,10563,22512,22634,73663
Tonga,2083,32736,96553,27888,10453,22283,22631,73922
Tonga,2084,32395,96784,28168,10349,22046,22622,74162
Tonga,2085,32052,96970,28464,10256,21796,22603,74367
Tonga,2086,31743,97161,28713,10200,21543,22503,74658
Tonga,2087,31449,97316,28969,10140,21309,22386,74930
Tonga,2088,31167,97425,29233,10081,21086,22254,75171
Tonga,2089,30899,97490,29525,10027,20872,22118,75372
Tonga,2090,30641,97490,29855,9979,20662,21976,75514
Tonga,2091,30429,97464,30155,9966,20463,21765,75699
Tonga,2092,30230,97399,30474,9935,20295,21546,75853
Tonga,2093,30047,97272,30831,9896,20151,21325,75947
Tonga,2094,29871,97090,31228,9851,20020,21111,75979
Tonga,2095,29708,96845,31659,9812,19896,20906,75939
Tonga,2096,29574,96602,32060,9790,19784,20664,75938
Tonga,2097,29449,96315,32474,9753,19696,20430,75885
Tonga,2098,29330,95995,32918,9707,19623,20212,75783
Tonga,2099,29203,95648,33383,9649,19554,20020,75628
Tonga,2100,29060,95275,33877,9578,19482,19853,75422
Trinidad and Tobago,1950,257908,361905,25822,106991,150917,108599,253306
Trinidad and Tobago,1951,266183,366531,26119,109061,157122,109269,257262
Trinidad and Tobago,1952,275951,373414,26376,111628,164323,110794,262620
Trinidad and Tobago,1953,287365,381514,26586,115418,171947,112988,268526
Trinidad and Tobago,1954,299677,390663,26816,119919,179758,115962,274701
Trinidad and Tobago,1955,312057,400871,27107,124429,187628,119816,281055
Trinidad and Tobago,1956,324219,411435,27700,128366,195853,124333,287102
Trinidad and Tobago,1957,335680,422464,28289,131818,203862,129538,292926
Trinidad and Tobago,1958,346016,433774,28873,134524,211492,135279,298495
Trinidad and Tobago,1959,355178,444895,29416,136700,218478,141260,303635
Trinidad and Tobago,1960,363203,455372,29904,138676,224527,147201,308171
Trinidad and Tobago,1961,371541,463485,30334,141711,229830,152527,310958
Trinidad and Tobago,1962,379408,470028,30587,144643,234765,157274,312754
Trinidad and Tobago,1963,386557,475294,30718,146944,239613,161421,313873
Trinidad and Tobago,1964,392276,480198,30801,147672,244604,165206,314992
Trinidad and Tobago,1965,396004,485530,30883,146291,249713,168919,316611
Trinidad and Tobago,1966,398133,489286,32484,144812,253321,170923,318363
Trinidad and Tobago,1967,397217,494458,34234,139578,257639,173813,320645
Trinidad and Tobago,1968,394668,500698,36102,132249,262419,177665,323033
Trinidad and Tobago,1969,392559,507295,37994,125501,267058,182312,324983
Trinidad and Tobago,1970,392011,514121,39861,121091,270920,187618,326503
Trinidad and Tobago,1971,386898,527725,41743,113481,273417,194422,333303
Trinidad and Tobago,1972,385048,540222,43471,112098,272950,200784,339438
Trinidad and Tobago,1973,384819,552604,45169,115009,269810,207179,345425
Trinidad and Tobago,1974,383738,566309,47006,118924,264814,214181,352128
Trinidad and Tobago,1975,380701,581754,49035,121618,259083,221874,359880
Trinidad and Tobago,1976,379172,595467,51019,127180,251992,228198,367269
Trinidad and Tobago,1977,375163,611416,53182,129423,245740,235243,376173
Trinidad and Tobago,1978,370391,628301,55424,129492,240899,242232,386069
Trinidad and Tobago,1979,367725,643938,57539,129915,237810,247758,396180
Trinidad and Tobago,1980,368617,657283,59408,132478,236139,251037,406246
Trinidad and Tobago,1981,371993,669576,60987,135648,236345,251662,417914
Trinidad and Tobago,1982,378855,679508,62248,140844,238011,250629,428879
Trinidad and Tobago,1983,387720,687692,63264,147003,240717,248504,439188
Trinidad and Tobago,1984,395790,695698,64207,151781,244009,246014,449684
Trinidad and Tobago,1985,401360,704403,65165,153705,247655,243448,460955
Trinidad and Tobago,1986,408208,709598,66245,156612,251596,236539,473059
Trinidad and Tobago,1987,411206,716646,67395,153942,257264,229962,486684
Trinidad and Tobago,1988,411430,724919,68544,147348,264082,224530,500389
Trinidad and Tobago,1989,410835,733212,69577,139704,271131,220918,512294
Trinidad and Tobago,1990,410354,741101,70445,133082,277272,219433,521668
Trinidad and Tobago,1991,405912,752082,71913,123628,282284,219062,533020
Trinidad and Tobago,1992,402728,761581,73178,117310,285418,219565,542016
Trinidad and Tobago,1993,399486,770627,74294,113352,286134,221232,549395
Trinidad and Tobago,1994,394190,780806,75322,109954,284236,224298,556508
Trinidad and Tobago,1995,385957,792754,76290,105830,280127,228753,564001
Trinidad and Tobago,1996,375615,805089,77660,102180,273435,233126,571963
Trinidad and Tobago,1997,363163,818609,78906,98411,264752,238485,580124
Trinidad and Tobago,1998,349423,832997,80122,94615,254808,244534,588463
Trinidad and Tobago,1999,336100,847272,81403,91510,244590,250548,596724
Trinidad and Tobago,2000,324290,860843,82851,89616,234674,255980,604863
Trinidad and Tobago,2001,313217,874458,84705,89031,224186,260046,614412
Trinidad and Tobago,2002,303691,887428,86718,89039,214652,263190,624238
Trinidad and Tobago,2003,295702,899452,88898,89589,206113,265013,634439
Trinidad and Tobago,2004,288960,910306,91269,90422,198538,264881,645425
Trinidad and Tobago,2005,283305,919783,93846,91463,191842,262406,657377
Trinidad and Tobago,2006,279726,926648,96770,93842,185884,256758,669890
Trinidad and Tobago,2007,277033,932349,99878,95268,181765,248695,683654
Trinidad and Tobago,2008,275372,936844,103156,96031,179341,239072,697772
Trinidad and Tobago,2009,274813,940242,106563,96531,178282,229084,711158
Trinidad and Tobago,2010,275227,942753,110120,97092,178135,219554,723199
Trinidad and Tobago,2011,276336,944930,113522,97606,178730,211013,733917
Trinidad and Tobago,2012,277972,946663,116953,97756,180216,202755,743908
Trinidad and Tobago,2013,279851,947936,120461,97602,182249,195129,752807
Trinidad and Tobago,2014,281514,948850,124129,97070,184444,188465,760385
Trinidad and Tobago,2015,282626,949457,128009,96103,186523,182967,766490
Trinidad and Tobago,2016,283058,949398,132506,94572,188486,178321,771077
Trinidad and Tobago,2017,282874,949143,137108,92795,190079,174928,774215
Trinidad and Tobago,2018,281953,948826,141819,90828,191125,172832,775994
Trinidad and Tobago,2019,280345,948483,146615,88789,191556,171882,776601
Trinidad and Tobago,2020,278139,948068,151522,86747,191392,171895,776173
Trinidad and Tobago,2021,275197,947784,156437,84362,190835,173153,774631
Trinidad and Tobago,2022,271925,947458,161144,82471,189454,175114,772344
Trinidad and Tobago,2023,268220,947029,165832,80922,187298,177553,769476
Trinidad and Tobago,2024,264045,946313,170803,79507,184538,180093,766220
Trinidad and Tobago,2025,259465,945149,176192,78085,181380,182443,762706
Trinidad and Tobago,2026,255101,942691,182261,77063,178038,184457,758234
Trinidad and Tobago,2027,250418,939899,188596,75939,174479,186112,753787
Trinidad and Tobago,2028,245605,937071,194762,74784,170821,187320,749751
Trinidad and Tobago,2029,240943,934605,200119,73754,167189,187969,746636
Trinidad and Tobago,2030,236626,932703,204330,72980,163646,187973,744730
Trinidad and Tobago,2031,232958,930585,207889,72599,160359,187276,743309
Trinidad and Tobago,2032,229668,929008,210327,72287,157381,185831,743177
Trinidad and Tobago,2033,226765,927606,212013,72067,154698,183767,743839
Trinidad and Tobago,2034,224183,925917,213485,71920,152263,181256,744661
Trinidad and Tobago,2035,221896,923649,215079,71856,150040,178426,745223
Trinidad and Tobago,2036,220248,919981,217273,72076,148172,175203,744778
Trinidad and Tobago,2037,218878,915896,219460,72201,146677,171661,744235
Trinidad and Tobago,2038,217764,911418,221621,72251,145513,167976,743442
Trinidad and Tobago,2039,216859,906671,223689,72249,144610,164359,742312
Trinidad and Tobago,2040,216112,901691,225666,72213,143899,160951,740740
Trinidad and Tobago,2041,215694,895562,228310,72251,143443,157685,737877
Trinidad and Tobago,2042,215347,889451,230688,72124,143223,154671,734780
Trinidad and Tobago,2043,215025,883013,233197,71863,143162,151963,731050
Trinidad and Tobago,2044,214656,875728,236375,71489,143167,149570,726158
Trinidad and Tobago,2045,214182,867336,240533,71026,143156,147493,719843
Trinidad and Tobago,2046,213647,857148,246320,70468,143179,145658,711490
Trinidad and Tobago,2047,212990,846224,252731,69828,143162,144139,702085
Trinidad and Tobago,2048,212156,835040,259346,69114,143042,142950,692090
Trinidad and Tobago,2049,211115,824271,265529,68340,142775,142066,682205
Trinidad and Tobago,2050,209850,814313,270906,67516,142334,141461,672852
Trinidad and Tobago,2051,208414,804362,276230,66636,141778,141026,663336
Trinidad and Tobago,2052,206807,795284,280647,65772,141035,140799,654485
Trinidad and Tobago,2053,205012,787121,284148,64922,140090,140748,646373
Trinidad and Tobago,2054,203048,779894,286702,64091,138957,140795,639099
Trinidad and Tobago,2055,200952,773607,288295,63293,137659,140875,632732
Trinidad and Tobago,2056,198873,767542,289505,62592,136281,140876,626666
Trinidad and Tobago,2057,196729,762497,289632,61925,134804,140842,621655
Trinidad and Tobago,2058,194537,758293,288851,61294,133243,140749,617544
Trinidad and Tobago,2059,192342,754720,287375,60716,131626,140558,614162
Trinidad and Tobago,2060,190169,751550,285401,60207,129962,140224,611326
Trinidad and Tobago,2061,188259,748091,283408,59905,128354,139647,608444
Trinidad and Tobago,2062,186408,745136,280833,59577,126831,138886,606250
Trinidad and Tobago,2063,184626,742388,277964,59243,125383,137962,604426
Trinidad and Tobago,2064,182943,739525,275127,58939,124004,136901,602624
Trinidad and Tobago,2065,181382,736358,272509,58702,122680,135737,600621
Trinidad and Tobago,2066,180136,732144,270677,58649,121487,134367,597777
Trinidad and Tobago,2067,178999,727747,268971,58535,120464,132871,594876
Trinidad and Tobago,2068,177978,723150,267422,58390,119588,131310,591840
Trinidad and Tobago,2069,177052,718339,266065,58232,118820,129751,588588
Trinidad and Tobago,2070,176193,713285,264952,58087,118106,128237,585048
Trinidad and Tobago,2071,175536,707118,264831,58049,117487,126655,580463
Trinidad and Tobago,2072,174918,700893,264812,57904,117014,125120,575773
Trinidad and Tobago,2073,174323,694627,264901,57683,116640,123666,570961
Trinidad and Tobago,2074,173737,688387,265067,57418,116319,122332,566055
Trinidad and Tobago,2075,173130,682236,265277,57145,115985,121146,561090
Trinidad and Tobago,2076,172559,675275,266371,56899,115660,119978,555297
Trinidad and Tobago,2077,171956,668591,267332,56571,115385,118949,549642
Trinidad and Tobago,2078,171306,662263,268089,56186,115120,118075,544188
Trinidad and Tobago,2079,170588,656371,268583,55768,114820,117348,539023
Trinidad and Tobago,2080,169767,650909,268834,55340,114427,116752,534157
Trinidad and Tobago,2081,168945,645181,269452,54950,113995,116181,529000
Trinidad and Tobago,2082,168033,640074,269630,54500,113533,115724,524350
Trinidad and Tobago,2083,167025,635457,269490,54014,113011,115359,520098
Trinidad and Tobago,2084,165916,631221,269149,53516,112400,115058,516163
Trinidad and Tobago,2085,164715,627293,268668,53037,111678,114802,512491
Trinidad and Tobago,2086,163623,623292,268219,52672,110951,114533,508759
Trinidad and Tobago,2087,162455,619709,267487,52263,110192,114276,505433
Trinidad and Tobago,2088,161215,616444,266568,51829,109386,114016,502428
Trinidad and Tobago,2089,159925,613388,265547,51406,108519,113729,499659
Trinidad and Tobago,2090,158600,610471,264466,51029,107571,113404,497067
Trinidad and Tobago,2091,157518,607424,263322,50832,106686,113012,494412
Trinidad and Tobago,2092,156397,604579,262052,50571,105826,112548,492031
Trinidad and Tobago,2093,155263,601845,260731,50278,104985,112024,489821
Trinidad and Tobago,2094,154135,599142,259430,49991,104144,111442,487700
Trinidad and Tobago,2095,153014,596388,258205,49748,103266,110811,485577
Trinidad and Tobago,2096,152197,593313,257052,49702,102495,110106,483207
Trinidad and Tobago,2097,151364,590289,255910,49557,101807,109338,480951
Trinidad and Tobago,2098,150532,587267,254827,49344,101188,108527,478740
Trinidad and Tobago,2099,149705,584187,253841,49106,100599,107693,476494
Trinidad and Tobago,2100,148877,581010,253018,48895,99982,106858,474152
Tunisia,1950,1445253,1999387,160666,583230,862023,638339,1361048
Tunisia,1951,1495572,2039441,161437,594296,901276,652059,1387382
Tunisia,1952,1541953,2070105,161297,605511,936442,662996,1407109
Tunisia,1953,1583891,2094535,160081,617887,966004,672621,1421914
Tunisia,1954,1618826,2117916,157645,629563,989263,683300,1434616
Tunisia,1955,1645452,2144030,154046,638821,1006631,696734,1447296
Tunisia,1956,1675609,2157284,155585,654786,1020823,696252,1461032
Tunisia,1957,1705677,2169761,156347,665782,1039895,694283,1475478
Tunisia,1958,1737771,2181626,156566,673795,1063976,691328,1490298
Tunisia,1959,1774159,2192896,156384,683354,1090805,689191,1503705
Tunisia,1960,1815693,2204759,155814,699576,1116117,690929,1513830
Tunisia,1961,1846365,2232017,157555,726264,1120101,705639,1526378
Tunisia,1962,1890666,2253585,158880,753096,1137570,712340,1541245
Tunisia,1963,1950391,2267378,159868,779711,1170680,708455,1558923
Tunisia,1964,2020471,2277645,160495,803656,1216815,696921,1580724
Tunisia,1965,2092737,2291965,160637,823888,1268849,685147,1606818
Tunisia,1966,2150550,2324070,163655,846410,1304140,708524,1615546
Tunisia,1967,2194558,2376369,166700,853276,1341282,744176,1632193
Tunisia,1968,2229950,2442397,169820,849613,1380337,789188,1653209
Tunisia,1969,2264436,2512720,172997,844051,1420385,839301,1673419
Tunisia,1970,2302121,2582073,176203,844402,1457719,892088,1689985
Tunisia,1971,2330152,2659806,182733,843484,1486668,946227,1713579
Tunisia,1972,2362463,2736076,189004,849289,1513174,1001974,1734102
Tunisia,1973,2397974,2812393,194988,861440,1536534,1056832,1755561
Tunisia,1974,2433551,2892320,200893,876606,1556945,1108442,1783878
Tunisia,1975,2467729,2977703,207044,892039,1575690,1155738,1821965
Tunisia,1976,2502177,3064448,215171,908301,1593876,1198239,1866209
Tunisia,1977,2536793,3154606,223607,925032,1611761,1234048,1920558
Tunisia,1978,2572771,3249873,232267,941845,1630926,1265519,1984354
Tunisia,1979,2612447,3351945,240820,959428,1653019,1296683,2055262
Tunisia,1980,2657143,3461948,249076,978865,1678278,1330758,2131190
Tunisia,1981,2700137,3582751,262136,1000869,1699268,1361632,2221119
Tunisia,1982,2743776,3714022,276163,1017105,1726671,1397843,2316179
Tunisia,1983,2787492,3851666,291229,1029080,1758412,1436951,2414715
Tunisia,1984,2830660,3989564,307717,1038895,1791765,1474762,2514802
Tunisia,1985,2872373,4123429,326074,1048433,1823940,1508595,2614834
Tunisia,1986,2916552,4255016,338188,1058243,1858309,1535673,2719343
Tunisia,1987,2959309,4381347,351598,1065651,1893658,1556893,2824454
Tunisia,1988,2999310,4505408,366741,1070323,1928987,1575386,2930022
Tunisia,1989,3034064,4633407,383461,1070412,1963652,1595485,3037922
Tunisia,1990,3061812,4769703,401282,1064872,1996940,1619954,3149749
Tunisia,1991,3086907,4910984,419793,1057029,2029878,1650844,3260140
Tunisia,1992,3100944,5063561,438720,1039006,2061938,1685063,3378498
Tunisia,1993,3103766,5222389,458733,1013657,2090109,1721598,3500791
Tunisia,1994,3096264,5379184,481148,985512,2110752,1759033,3620151
Tunisia,1995,3078433,5528570,506972,957441,2120992,1796760,3731810
Tunisia,1996,3049504,5671347,535186,923583,2125921,1832037,3839310
Tunisia,1997,3015389,5803648,565115,897635,2117754,1867107,3936541
Tunisia,1998,2974086,5929667,595642,877381,2096705,1902205,4027462
Tunisia,1999,2923585,6054923,625234,858991,2064594,1936682,4118241
Tunisia,2000,2864497,6181720,652980,840261,2024236,1969450,4212270
Tunisia,2001,2808590,6301944,675167,829196,1979394,1999794,4302150
Tunisia,2002,2746399,6422624,695303,817476,1928923,2029323,4393301
Tunisia,2003,2682675,6543308,713695,806439,1876236,2055919,4487389
Tunisia,2004,2624090,6662910,730601,799052,1825038,2076595,4586315
Tunisia,2005,2574988,6781114,746380,797717,1777271,2089192,4691922
Tunisia,2006,2536194,6902652,757290,803193,1733001,2085391,4817261
Tunisia,2007,2506540,7024158,767389,810712,1695828,2073297,4950861
Tunisia,2008,2487155,7143197,776984,821663,1665492,2053506,5089691
Tunisia,2009,2479083,7256560,786191,838046,1641037,2026752,5229808
Tunisia,2010,2483143,7361524,795264,861389,1621754,1993468,5368056
Tunisia,2011,2502355,7455065,804047,890728,1611627,1948182,5506883
Tunisia,2012,2536336,7538407,811925,927519,1608817,1897197,5641210
Tunisia,2013,2580530,7612621,821407,967029,1613501,1844660,5767961
Tunisia,2014,2627120,7680759,836029,1000898,1626222,1795557,5885202
Tunisia,2015,2670971,7744807,857883,1023725,1647246,1752593,5992214
Tunisia,2016,2726433,7790140,886675,1051505,1674928,1712391,6077749
Tunisia,2017,2768807,7840605,922715,1052968,1715839,1678451,6162154
Tunisia,2018,2803242,7891940,963992,1036240,1767002,1650306,6241634
Tunisia,2019,2837350,7938465,1007353,1014588,1822762,1627047,6311418
Tunisia,2020,2873305,7978700,1051131,997004,1876301,1608826,6369874
Tunisia,2021,2890184,8028743,1099587,962634,1927550,1599948,6428795
Tunisia,2022,2913626,8068118,1147337,945307,1968319,1595075,6473043
Tunisia,2023,2935676,8103431,1195637,939532,1996144,1596918,6506513
Tunisia,2024,2945050,8144115,1246379,934433,2010617,1609211,6534904
Tunisia,2025,2936948,8194145,1300474,922287,2014661,1633468,6560677
Tunisia,2026,2921291,8245214,1356228,911347,2009944,1667970,6577244
Tunisia,2027,2889701,8305528,1413774,895356,1994345,1713094,6592434
Tunisia,2028,2846143,8371446,1473063,875295,1970848,1764676,6606770
Tunisia,2029,2798951,8435449,1533670,855571,1943380,1816016,6619433
Tunisia,2030,2753176,8493085,1595354,839172,1914004,1862451,6630634
Tunisia,2031,2709194,8546191,1656067,825401,1883793,1905123,6641068
Tunisia,2032,2666703,8593622,1717436,813913,1852790,1942593,6651029
Tunisia,2033,2626312,8636232,1778522,805031,1821281,1972562,6663670
Tunisia,2034,2587466,8676746,1837784,798235,1789231,1992504,6684242
Tunisia,2035,2550298,8716306,1894429,793428,1756870,2000927,6715379
Tunisia,2036,2519048,8755267,1944073,792488,1726560,1998776,6756491
Tunisia,2037,2491230,8792440,1990544,793155,1698075,1984081,6808359
Tunisia,2038,2467179,8825588,2035950,795186,1671993,1959862,6865726
Tunisia,2039,2447111,8851714,2083284,798360,1648751,1931039,6920675
Tunisia,2040,2431142,8868907,2134492,802622,1628520,1900993,6967914
Tunisia,2041,2423626,8878486,2183991,810793,1612833,1870583,7007903
Tunisia,2042,2419319,8881140,2236291,817538,1601781,1839448,7041692
Tunisia,2043,2418312,8876200,2291806,823164,1595148,1808001,7068199
Tunisia,2044,2420290,8863373,2350859,828001,1592289,1776273,7087100
Tunisia,2045,2424593,8842837,2413674,832329,1592264,1744584,7098253
Tunisia,2046,2433136,8816628,2476209,837284,1595852,1714626,7102002
Tunisia,2047,2442716,8785147,2541173,840171,1602545,1686042,7099105
Tunisia,2048,2452745,8749035,2608204,841280,1611465,1659635,7089400
Tunisia,2049,2462177,8709328,2676901,840755,1621422,1636342,7072986
Tunisia,2050,2469942,8666940,2747114,838642,1631300,1616813,7050127
Tunisia,2051,2476345,8625315,2814960,834631,1641714,1602177,7023138
Tunisia,2052,2480752,8583054,2882424,829631,1651121,1591462,6991592
Tunisia,2053,2482456,8541629,2948559,823606,1658850,1584590,6957039
Tunisia,2054,2480858,8503126,3011739,816473,1664385,1581278,6921848
Tunisia,2055,2475555,8468867,3070935,808092,1667463,1581201,6887666
Tunisia,2056,2467153,8442752,3121608,798121,1669032,1585328,6857424
Tunisia,2057,2455676,8422024,3166538,788411,1667265,1592362,6829662
Tunisia,2058,2441015,8406325,3206338,778842,1662173,1601440,6804885
Tunisia,2059,2423478,8394798,3241762,769392,1654086,1611271,6783527
Tunisia,2060,2403456,8386505,3273559,760007,1643449,1620836,6765669
Tunisia,2061,2382733,8385687,3295811,751046,1631687,1631105,6754582
Tunisia,2062,2360679,8388722,3312896,743211,1617468,1640620,6748102
Tunisia,2063,2337535,8394388,3326034,736309,1601226,1648721,6745667
Tunisia,2064,2313774,8400982,3336769,730191,1583583,1654584,6746398
Tunisia,2065,2289872,8406784,3346604,724787,1565085,1657588,6749196
Tunisia,2066,2269222,8416263,3347839,721707,1547515,1658917,6757346
Tunisia,2067,2249138,8425364,3347363,718977,1530161,1657201,6768163
Tunisia,2068,2229931,8432162,3347001,716620,1513311,1652400,6779762
Tunisia,2069,2211980,8434754,3348515,714743,1497237,1644665,6790089
Tunisia,2070,2195541,8431703,3353269,713510,1482031,1634202,6797501
Tunisia,2071,2183728,8427675,3353627,714507,1469221,1622348,6805327
Tunisia,2072,2173487,8419887,3355530,715108,1458379,1608044,6811843
Tunisia,2073,2164890,8405850,3361496,715459,1449431,1591838,6814012
Tunisia,2074,2157698,8382135,3375252,715660,1442038,1574476,6807659
Tunisia,2075,2151518,8346543,3399465,715795,1435723,1556507,6790036
Tunisia,2076,2148418,8303798,3427403,716831,1431587,1539215,6764583
Tunisia,2077,2146271,8251909,3463252,717167,1429104,1521896,6730013
Tunisia,2078,2144746,8193354,3504891,716869,1427877,1504969,6688385
Tunisia,2079,2143270,8132309,3548723,715941,1427329,1488929,6643380
Tunisia,2080,2141228,8071281,3592870,714347,1426881,1474096,6597185
Tunisia,2081,2140116,8015061,3631052,712574,1427542,1461760,6553301
Tunisia,2082,2138622,7961669,3666558,710246,1428376,1451153,6510516
Tunisia,2083,2136314,7910499,3700397,707337,1428977,1442196,6468303
Tunisia,2084,2132703,7860455,3734120,703778,1428925,1434678,6425777
Tunisia,2085,2127309,7810592,3769095,699465,1427844,1428367,6382225
Tunisia,2086,2121987,7768397,3795987,694867,1427120,1424762,6343635
Tunisia,2087,2115425,7729515,3820392,690096,1425329,1422615,6306900
Tunisia,2088,2107287,7692999,3843506,685071,1422216,1421475,6271524
Tunisia,2089,2097430,7657977,3866217,679771,1417659,1420767,6237210
Tunisia,2090,2085812,7623764,3889154,674171,1411641,1420051,6203713
Tunisia,2091,2075167,7599755,3900126,669012,1406155,1421207,6178548
Tunisia,2092,2063515,7578033,3908975,664182,1399333,1422321,6155712
Tunisia,2093,2050762,7557438,3916961,659570,1391192,1423016,6134422
Tunisia,2094,2036925,7536699,3925313,655034,1381891,1422856,6113843
Tunisia,2095,2022039,7514788,3934989,650424,1371615,1421520,6093268
Tunisia,2096,2009964,7502099,3931715,647283,1362681,1421131,6080968
Tunisia,2097,1997394,7489174,3928189,644171,1353223,1419528,6069646
Tunisia,2098,1984408,7474626,3925657,641067,1343341,1416545,6058081
Tunisia,2099,1971340,7456886,3925268,638181,1333159,1412055,6044831
Tunisia,2100,1958651,7434596,3927806,635944,1322707,1405950,6028646
Turkey,1950,8444163,12324702,639536,3368546,5075617,4390906,7933796
Turkey,1951,8704760,12579815,666631,3550563,5154197,4486799,8093016
Turkey,1952,9012834,12798512,697601,3772858,5239976,4551381,8247131
Turkey,1953,9320222,13031732,729621,3975378,5344844,4603370,8428362
Turkey,1954,9608784,13303612,756510,4141321,5467463,4652059,8651553
Turkey,1955,9883186,13612581,774818,4279910,5603276,4698414,8914167
Turkey,1956,10254672,13835676,795763,4476524,5778148,4700647,9135029
Turkey,1957,10579132,14124400,811278,4575738,6003394,4713205,9411195
Turkey,1958,10883647,14446382,825882,4619913,6263734,4734100,9712282
Turkey,1959,11191895,14770318,846408,4653193,6538702,4765291,10005027
Turkey,1960,11511372,15084497,876462,4710038,6801334,4811074,10273423
Turkey,1961,11850547,15369991,926355,4748265,7102282,4863146,10506845
Turkey,1962,12204867,15644858,983080,4816692,7388175,4929419,10715439
Turkey,1963,12557370,15931328,1042644,4910772,7646598,5017908,10913420
Turkey,1964,12880661,16263864,1099707,5009852,7870809,5139419,11124445
Turkey,1965,13163618,16657901,1151446,5102161,8061457,5298529,11359372
Turkey,1966,13482214,17032485,1202778,5218480,8263734,5470104,11562381
Turkey,1967,13755947,17472362,1249652,5303715,8452232,5679604,11792758
Turkey,1968,13998477,17963086,1294869,5369581,8628896,5918648,12044438
Turkey,1969,14234585,18478906,1341870,5438313,8796272,6172942,12305964
Turkey,1970,14479475,19004255,1392537,5528198,8951277,6432573,12571682
Turkey,1971,14767504,19494339,1458725,5641542,9125962,6660288,12834051
Turkey,1972,15061961,19997518,1527746,5750762,9311199,6890309,13107209
Turkey,1973,15359108,20513535,1599655,5858966,9500142,7116360,13397175
Turkey,1974,15650837,21043859,1675545,5964806,9686031,7331623,13712236
Turkey,1975,15933346,21587585,1756280,6070858,9862488,7533724,14053861
Turkey,1976,16258758,22103929,1826824,6200391,10058367,7734943,14368986
Turkey,1977,16563374,22644378,1900496,6298636,10264738,7924013,14720365
Turkey,1978,16855085,23213558,1971292,6375999,10479086,8105204,15108354
Turkey,1979,17143904,23819736,2030351,6446330,10697574,8286351,15533385
Turkey,1980,17434040,24468388,2073493,6520833,10913207,8473505,15994883
Turkey,1981,17722406,25161111,2104839,6589514,11132892,8653009,16508102
Turkey,1982,18004309,25898228,2122820,6648513,11355796,8838487,17059741
Turkey,1983,18269940,26668531,2134951,6696712,11573228,9029346,17639185
Turkey,1984,18503901,27458646,2151558,6728053,11775848,9225248,18233398
Turkey,1985,18696643,28258504,2178736,6740476,11956167,9425682,18832822
Turkey,1986,18904503,29001905,2222081,6754649,12149854,9638185,19363720
Turkey,1987,19059780,29766589,2274509,6731681,12328099,9858346,19908243
Turkey,1988,19169798,30547944,2335962,6683984,12485814,10084350,20463594
Turkey,1989,19247181,31339561,2405687,6629376,12617805,10312931,21026630
Turkey,1990,19300380,32137540,2483779,6580990,12719390,10541416,21596124
Turkey,1991,19333894,32927442,2579195,6518895,12814999,10768671,22158771
Turkey,1992,19349899,33718737,2680239,6473552,12876347,10991987,22726750
Turkey,1993,19349606,34514384,2789739,6445356,12904250,11210649,23303735
Turkey,1994,19336568,35316052,2911512,6433769,12902799,11422567,23893485
Turkey,1995,19318106,36121109,3047166,6438939,12879167,11624292,24496817
Turkey,1996,19320525,36902406,3200277,6461846,12858679,11812578,25089828
Turkey,1997,19330670,37678439,3363390,6508142,12822528,11986095,25692344
Turkey,1998,19344607,38453775,3531208,6565827,12778780,12142169,26311606
Turkey,1999,19353953,39237588,3695785,6615507,12738446,12278059,26959529
Turkey,2000,19353626,40033916,3852579,6644884,12708742,12391961,27641955
Turkey,2001,19402290,40791695,3997489,6704812,12697478,12477529,28314166
Turkey,2002,19418183,41588198,4136673,6697185,12720998,12551208,29036990
Turkey,2003,19416088,42398266,4271449,6644250,12771838,12606922,29791344
Turkey,2004,19414718,43189715,4403422,6580174,12834544,12637579,30552136
Turkey,2005,19420360,43948623,4534423,6529106,12891254,12642259,31306364
Turkey,2006,19399908,44697445,4666052,6449046,12950862,12633358,32064087
Turkey,2007,19395497,45407033,4794751,6401251,12994246,12597112,32809921
Turkey,2008,19403706,46110648,4925678,6382824,13020882,12553461,33557187
Turkey,2009,19421630,46852779,5064776,6388070,13033560,12529145,34323634
Turkey,2010,19457300,47653615,5215999,6417738,13039562,12538701,35114914
Turkey,2011,19554867,48489663,5364925,6471883,13082984,12578547,35911116
Turkey,2012,19672143,49374130,5523594,6548509,13123634,12651058,36723072
Turkey,2013,19801158,50289655,5696520,6635619,13165539,12749530,37540125
Turkey,2014,19925035,51215979,5889614,6707610,13217425,12863268,38352711
Turkey,2015,20024544,52140380,6106548,6740354,13284190,12985384,39154996
Turkey,2016,20118268,53061615,6332543,6774643,13343625,13115733,39945882
Turkey,2017,20151743,54010530,6582747,6728071,13423672,13261376,40749154
Turkey,2018,20127905,54938189,6850777,6620514,13507391,13403287,41534902
Turkey,2019,20061829,55774971,7125005,6493914,13567915,13513370,42261601
Turkey,2020,19961897,56476592,7397261,6382085,13579812,13574406,42902186
Turkey,2021,19774234,57035208,7705181,6252385,13521849,13574360,43460848
Turkey,2022,19601788,57414490,8002400,6189297,13412491,13507896,43906594
Turkey,2023,19437739,57669820,8296481,6174231,13263508,13399320,44270500
Turkey,2024,19264577,57887430,8600407,6166663,13097914,13284751,44602679
Turkey,2025,19078501,58123160,8923190,6134918,12943583,13185934,44937226
Turkey,2026,18922508,58367368,9248342,6109995,12812513,13109599,45257769
Turkey,2027,18756083,58635997,9588268,6063172,12692911,13048304,45587693
Turkey,2028,18587302,58918470,9942440,5998542,12588760,12996282,45922188
Turkey,2029,18433362,59189089,10307619,5934786,12498576,12942999,46246090
Turkey,2030,18300323,59433446,10682840,5885389,12414934,12884153,46549293
Turkey,2031,18161054,59698170,11052758,5834884,12326170,12847445,46850725
Turkey,2032,18034288,59953598,11432750,5796396,12237892,12811794,47141804
Turkey,2033,17915153,60191366,11826123,5767467,12147686,12774455,47416911
Turkey,2034,17793656,60403764,12236885,5739343,12054313,12731673,47672091
Turkey,2035,17665074,60583075,12667115,5706749,11958325,12680480,47902595
Turkey,2036,17544871,60735408,13091341,5684373,11860498,12609593,48125815
Turkey,2037,17421602,60852718,13530290,5651552,11770050,12524419,48328299
Turkey,2038,17298187,60932688,13984424,5611369,11686818,12427411,48505277
Turkey,2039,17179255,60973836,14453593,5570194,11609061,12323327,48650509
Turkey,2040,17065911,60976754,14938153,5532686,11533225,12217025,48759729
Turkey,2041,16959129,60980072,15397848,5500019,11459110,12121108,48858964
Turkey,2042,16858989,60949579,15864977,5469930,11389059,12020758,48928821
Turkey,2043,16763063,60885781,16341126,5441335,11321728,11917501,48968280
Turkey,2044,16666505,60791416,16828098,5411255,11255250,11813914,48977502
Turkey,2045,16565778,60668806,17326840,5378070,11187708,11712992,48955814
Turkey,2046,16471652,60553496,17790804,5352394,11119258,11626643,48926853
Turkey,2047,16373241,60418156,18258139,5319904,11053337,11542135,48876021
Turkey,2048,16271891,60264040,18726423,5282130,10989761,11458908,48805132
Turkey,2049,16169517,60093307,19191906,5241945,10927572,11376388,48716919
Turkey,2050,16065735,59907477,19653667,5201584,10864151,11295404,48612073
Turkey,2051,15965342,59751817,20061786,5165777,10799565,11230012,48521805
Turkey,2052,15864345,59588473,20458030,5128355,10735990,11164969,48423504
Turkey,2053,15761996,59414500,20845765,5089661,10672335,11099054,48315446
Turkey,2054,15656547,59227397,21228804,5049599,10606948,11031351,48196046
Turkey,2055,15546178,59024789,21611093,5008445,10537733,10962353,48062436
Turkey,2056,15440508,58859270,21930502,4973300,10467208,10906770,47952500
Turkey,2057,15332250,58687919,22237624,4936485,10395765,10848194,47839725
Turkey,2058,15221748,58500916,22542362,4898465,10323283,10786155,47714761
Turkey,2059,15109500,58284933,22858148,4860189,10249311,10720881,47564052
Turkey,2060,14995059,58031260,23194691,4822604,10172455,10653442,47377818
Turkey,2061,14889474,57799192,23482114,4792988,10096486,10599237,47199955
Turkey,2062,14784431,57539499,23778366,4763139,10021292,10541711,46997788
Turkey,2063,14679777,57254149,24082169,4732940,9946837,10479771,46774378
Turkey,2064,14574727,56948981,24389055,4702082,9872645,10412657,46536324
Turkey,2065,14467968,56626911,24698015,4670699,9797269,10340867,46286044
Turkey,2066,14373501,56345307,24938220,4648506,9724995,10279855,46065452
Turkey,2067,14278950,56058277,25168591,4622632,9656318,10214110,45844167
Turkey,2068,14185099,55760984,25394127,4594261,9590838,10143340,45617644
Turkey,2069,14092427,55447234,25621587,4565227,9527200,10067874,45379360
Turkey,2070,13999881,55111777,25858203,4537028,9462853,9988828,45122949
Turkey,2071,13918181,54818906,26029664,4515771,9402410,9922166,44896740
Turkey,2072,13839884,54520122,26192446,4494675,9345209,9852290,44667832
Turkey,2073,13763455,54208740,26355349,4473201,9290254,9779163,44429577
Turkey,2074,13686068,53877366,26529114,4450106,9235962,9703486,44173880
Turkey,2075,13604937,53520126,26722941,4424754,9180183,9626491,43893635
Turkey,2076,13535252,53201801,26857323,4406889,9128363,9563926,43637875
Turkey,2077,13463973,52874741,26993489,4384491,9079482,9501103,43373638
Turkey,2078,13391106,52535776,27135217,4358512,9032594,9437203,43098573
Turkey,2079,13316608,52182446,27285658,4330628,8985980,9371586,42810860
Turkey,2080,13238929,51811621,27450031,4302074,8936855,9304453,42507168
Turkey,2081,13170546,51496574,27543106,4278765,8891781,9252877,42243697
Turkey,2082,13102776,51180590,27630532,4255248,8847528,9200842,41979748
Turkey,2083,13033686,50857912,27719941,4231006,8802680,9147265,41710647
Turkey,2084,12960600,50523315,27818963,4205045,8755555,9091505,41431810
Turkey,2085,12881128,50172368,27934327,4176850,8704278,9033741,41138627
Turkey,2086,12813257,49884877,27968471,4155644,8657613,8991759,40893118
Turkey,2087,12742584,49597562,27999535,4131973,8610611,8948671,40648891
Turkey,2088,12668557,49303744,28035235,4106074,8562483,8903140,40400604
Turkey,2089,12591103,48997392,28082208,4078781,8512322,8854261,40143131
Turkey,2090,12509398,48673915,28146410,4050839,8458559,8802063,39871852
Turkey,2091,12439885,48413133,28131980,4029745,8410140,8764212,39648921
Turkey,2092,12370152,48151208,28115525,4008264,8361888,8724124,39427084
Turkey,2093,12299510,47882606,28103601,3986281,8313229,8680800,39201806
Turkey,2094,12226428,47599959,28105405,3963405,8263023,8633235,38966724
Turkey,2095,12148657,47295107,28131740,3939299,8209358,8580899,38714208
Turkey,2096,12085030,47048699,28083547,3922974,8162056,8541487,38507212
Turkey,2097,12021483,46799810,28036333,3905339,8116144,8499352,38300458
Turkey,2098,11956807,46540372,27999954,3886273,8070534,8453256,38087116
Turkey,2099,11889739,46262247,27984467,3866046,8023693,8402333,37859914
Turkey,2100,11818873,45959030,27998399,3845206,7973667,8346510,37612520
Turkmenistan,1950,397470,742583,70941,141782,255688,243598,498985
Turkmenistan,1951,406327,752175,73327,158477,247850,248546,503629
Turkmenistan,1952,414994,767305,76089,173030,241964,254408,512897
Turkmenistan,1953,426216,784911,78699,187117,239099,260020,524891
Turkmenistan,1954,442150,802627,80657,201234,240916,264366,538261
Turkmenistan,1955,463826,819087,81721,216372,247454,266908,552179
Turkmenistan,1956,492739,831393,82849,233820,258919,267138,564255
Turkmenistan,1957,525200,843593,83380,248572,276628,266414,577179
Turkmenistan,1958,561015,855520,83482,261633,299382,264611,590909
Turkmenistan,1959,599234,867753,83424,274150,325084,261777,605976
Turkmenistan,1960,638933,880938,83387,287096,351837,258253,622685
Turkmenistan,1961,679855,894173,84334,298903,380952,254248,639925
Turkmenistan,1962,722291,907971,85146,311699,410592,249499,658472
Turkmenistan,1963,764648,923233,85972,324598,440050,246012,677221
Turkmenistan,1964,804743,941283,87037,335840,468903,246712,694571
Turkmenistan,1965,841182,962948,88469,344187,496995,253407,709541
Turkmenistan,1966,876724,984419,90998,352093,524631,265056,719363
Turkmenistan,1967,907180,1010721,93862,355390,551790,282891,727830
Turkmenistan,1968,933632,1041309,96848,355591,578041,305666,735643
Turkmenistan,1969,958265,1074866,99668,355688,602577,331110,743756
Turkmenistan,1970,982514,1110499,102160,358138,624376,357644,752855
Turkmenistan,1971,1003733,1149922,105309,360016,643717,388513,761409
Turkmenistan,1972,1025692,1190616,107705,366336,659356,419858,770758
Turkmenistan,1973,1048221,1232446,109546,376232,671989,450664,781782
Turkmenistan,1974,1070197,1276036,111149,387346,682851,480189,795847
Turkmenistan,1975,1090903,1321816,112642,397465,693438,507821,813995
Turkmenistan,1976,1111939,1366785,115587,407930,704009,533554,833231
Turkmenistan,1977,1132675,1413214,118368,418493,714182,557236,855978
Turkmenistan,1978,1153448,1460787,120661,428590,724858,578785,882002
Turkmenistan,1979,1174444,1509343,122031,438156,736288,598203,911140
Turkmenistan,1980,1195460,1558989,122359,447385,748075,615458,943531
Turkmenistan,1981,1218263,1605807,123709,458831,759432,630418,975389
Turkmenistan,1982,1240210,1654459,124397,467580,772630,643721,1010738
Turkmenistan,1983,1262911,1703889,124711,475143,787768,655203,1048686
Turkmenistan,1984,1288162,1753041,125018,484038,804124,665093,1087948
Turkmenistan,1985,1316716,1801741,125561,496149,820567,673894,1127847
Turkmenistan,1986,1346826,1850208,127422,508969,837857,681814,1168394
Turkmenistan,1987,1381002,1897112,129205,526048,854954,688748,1208364
Turkmenistan,1988,1418312,1944214,131368,545497,872815,695756,1248458
Turkmenistan,1989,1456816,1994502,134549,564211,892605,704562,1289940
Turkmenistan,1990,1495228,2049705,139033,580457,914771,716244,1333461
Turkmenistan,1991,1539177,2105174,144834,600324,938853,730252,1374922
Turkmenistan,1992,1578720,2169085,152038,610907,967813,748708,1420377
Turkmenistan,1993,1613299,2237713,159777,613341,999958,769757,1467956
Turkmenistan,1994,1641505,2306749,166845,608830,1032675,791019,1515730
Turkmenistan,1995,1661006,2374200,172634,598176,1062830,811295,1562905
Turkmenistan,1996,1672906,2436300,178138,582322,1090584,830076,1606224
Turkmenistan,1997,1674293,2498659,182162,558986,1115307,848493,1650166
Turkmenistan,1998,1666774,2561269,185434,531978,1134796,866997,1694272
Turkmenistan,1999,1653642,2623535,188955,507378,1146264,886121,1737414
Turkmenistan,2000,1637848,2685068,193215,489648,1148200,906054,1779014
Turkmenistan,2001,1615782,2748299,199999,468102,1147680,927583,1820716
Turkmenistan,2002,1599474,2803764,206764,466322,1133152,947252,1856512
Turkmenistan,2003,1585848,2857157,212736,478006,1107842,966560,1890597
Turkmenistan,2004,1569995,2916614,216789,492394,1077601,987645,1928969
Turkmenistan,2005,1550364,2985917,218360,502119,1048245,1011238,1974679
Turkmenistan,2006,1539751,3052185,218169,522463,1017288,1031903,2020282
Turkmenistan,2007,1520843,3132778,216516,527485,993358,1056541,2076237
Turkmenistan,2008,1501062,3220555,214145,523626,977436,1080761,2139794
Turkmenistan,2009,1492498,3303514,211938,523484,969014,1097505,2206009
Turkmenistan,2010,1501612,3375067,210531,536025,965587,1102836,2272231
Turkmenistan,2011,1516643,3445469,211949,547963,968680,1101092,2344377
Turkmenistan,2012,1553310,3500823,213706,577778,975532,1087121,2413702
Turkmenistan,2013,1603635,3546314,216328,618214,985421,1064974,2481340
Turkmenistan,2014,1653326,3592358,220557,655008,998318,1041455,2550903
Turkmenistan,2015,1694303,3644217,226764,678766,1015537,1020580,2623637
Turkmenistan,2016,1745681,3681434,235429,709304,1036377,997320,2684114
Turkmenistan,2017,1779909,3731871,246295,712487,1067422,978705,2753166
Turkmenistan,2018,1803693,3788762,259011,696414,1107279,964298,2824464
Turkmenistan,2019,1827961,3841702,272898,675834,1152127,953314,2888388
Turkmenistan,2020,1857114,3886517,287564,661066,1196048,946099,2940418
Turkmenistan,2021,1873297,3938274,305440,632817,1240480,947331,2990943
Turkmenistan,2022,1897522,3978846,323364,620750,1276772,951869,3026977
Turkmenistan,2023,1922808,4015133,341474,620269,1302539,961184,3053949
Turkmenistan,2024,1938385,4057830,360070,621189,1317196,977228,3080602
Turkmenistan,2025,1939523,4111799,379222,616329,1323194,1000529,3111270
Turkmenistan,2026,1935730,4167317,399150,613345,1322385,1029389,3137928
Turkmenistan,2027,1919171,4232995,419146,606159,1313012,1064592,3168403
Turkmenistan,2028,1893410,4305660,439180,595606,1297804,1103849,3201811
Turkmenistan,2029,1865956,4378718,458815,585728,1280228,1143388,3235330
Turkmenistan,2030,1841370,4448287,477761,579303,1262067,1180503,3267784
Turkmenistan,2031,1820590,4513169,496426,575967,1244623,1215753,3297416
Turkmenistan,2032,1802253,4575474,514163,574432,1227821,1248563,3326911
Turkmenistan,2033,1786672,4634959,531182,574856,1211816,1276520,3358439
Turkmenistan,2034,1772914,4692624,547737,576498,1196416,1296634,3395990
Turkmenistan,2035,1760674,4748842,563988,579100,1181574,1307119,3441723
Turkmenistan,2036,1754242,4799468,579887,584972,1169270,1308359,3491109
Turkmenistan,2037,1749872,4848538,595138,590375,1159497,1299638,3548900
Turkmenistan,2038,1747765,4895191,610286,595396,1152369,1283690,3611501
Turkmenistan,2039,1747957,4938679,625869,600206,1147751,1265017,3673662
Turkmenistan,2040,1750244,4978783,642149,605006,1145238,1246713,3732070
Turkmenistan,2041,1757435,5012078,659685,611429,1146006,1228990,3783088
Turkmenistan,2042,1765603,5043196,677700,615887,1149716,1211983,3831213
Turkmenistan,2043,1774548,5072199,696015,618755,1155793,1195979,3876220
Turkmenistan,2044,1783727,5099712,714227,620388,1163339,1180942,3918770
Turkmenistan,2045,1792466,5126269,732171,621046,1171420,1167022,3959247
Turkmenistan,2046,1801614,5148884,751857,620728,1180886,1155284,3993600
Turkmenistan,2047,1809696,5171557,770696,619236,1190460,1145535,4026022
Turkmenistan,2048,1816189,5193518,789772,616681,1199508,1138096,4055422
Turkmenistan,2049,1820472,5213811,810465,613073,1207399,1133274,4080537
Turkmenistan,2050,1822067,5232058,833492,608375,1213692,1131204,4100854
Turkmenistan,2051,1821523,5245683,860794,602221,1219302,1132393,4113290
Turkmenistan,2052,1818430,5258570,888919,595917,1222513,1136249,4122321
Turkmenistan,2053,1812663,5271104,917646,589445,1223218,1142271,4128833
Turkmenistan,2054,1804397,5283740,946483,582856,1221541,1149669,4134071
Turkmenistan,2055,1793898,5296799,974958,576159,1217739,1157779,4139020
Turkmenistan,2056,1782191,5307186,1005179,569283,1212908,1166959,4140227
Turkmenistan,2057,1768890,5318042,1034466,563191,1205699,1176515,4141527
Turkmenistan,2058,1754168,5330690,1061466,557739,1196429,1185825,4144865
Turkmenistan,2059,1738438,5347133,1083974,552805,1185633,1194058,4153075
Turkmenistan,2060,1722167,5368290,1100778,548339,1173828,1200588,4167702
Turkmenistan,2061,1707480,5389914,1114082,545293,1162187,1205632,4184282
Turkmenistan,2062,1692631,5416236,1121504,542489,1150142,1208732,4207504
Turkmenistan,2063,1678010,5444949,1125159,539980,1138030,1209750,4235199
Turkmenistan,2064,1664080,5473067,1127792,537896,1126184,1208619,4264448
Turkmenistan,2065,1651167,5498822,1131011,536388,1114779,1205331,4293491
Turkmenistan,2066,1641118,5517760,1137538,536410,1104708,1200067,4317693
Turkmenistan,2067,1632007,5534866,1144326,536155,1095852,1192709,4342157
Turkmenistan,2068,1623975,5550271,1151130,535771,1088204,1183609,4366662
Turkmenistan,2069,1617000,5564747,1157163,535390,1081610,1173311,4391436
Turkmenistan,2070,1610977,5578602,1162193,535152,1075825,1162256,4416346
Turkmenistan,2071,1607082,5586864,1170044,535581,1071501,1150735,4436129
Turkmenistan,2072,1603881,5595368,1176324,535530,1068351,1138716,4456652
Turkmenistan,2073,1601227,5601780,1183445,535074,1066153,1126619,4475161
Turkmenistan,2074,1598814,5602978,1194757,534234,1064580,1114951,4488027
Turkmenistan,2075,1596333,5597368,1212078,533027,1063306,1104087,4493281
Turkmenistan,2076,1594427,5580860,1238832,531659,1062768,1094288,4486572
Turkmenistan,2077,1592190,5559303,1270078,529730,1062460,1085545,4473758
Turkmenistan,2078,1589461,5534812,1303801,527317,1062144,1077916,4456896
Turkmenistan,2079,1586067,5510745,1336781,524491,1061576,1071386,4439359
Turkmenistan,2080,1581853,5489192,1367047,521293,1060560,1065934,4423258
Turkmenistan,2081,1577031,5465558,1398956,517571,1059460,1061753,4403805
Turkmenistan,2082,1571423,5444969,1427553,513772,1057651,1058700,4386269
Turkmenistan,2083,1564920,5427067,1453318,509887,1055033,1056601,4370466
Turkmenistan,2084,1557470,5411312,1476836,505896,1051574,1055158,4356154
Turkmenistan,2085,1549084,5397377,1498437,501774,1047310,1054113,4343264
Turkmenistan,2086,1540313,5381898,1520942,497554,1042759,1053642,4328256
Turkmenistan,2087,1530875,5369155,1540363,493554,1037321,1053462,4315693
Turkmenistan,2088,1520792,5358640,1557195,489731,1031061,1053337,4305303
Turkmenistan,2089,1510192,5349830,1571836,486067,1024125,1052947,4296883
Turkmenistan,2090,1499211,5342251,1584631,482551,1016660,1052034,4290217
Turkmenistan,2091,1489044,5333393,1596940,479600,1009444,1050947,4282446
Turkmenistan,2092,1478726,5326259,1606750,476814,1001912,1049250,4277009
Turkmenistan,2093,1468359,5319916,1614944,474196,994163,1046829,4273087
Turkmenistan,2094,1458107,5313464,1622326,471783,986324,1043585,4269879
Turkmenistan,2095,1448103,5306326,1629360,469609,978494,1039463,4266863
Turkmenistan,2096,1439698,5296525,1636762,468238,971460,1034916,4261609
Turkmenistan,2097,1431599,5286628,1643313,466842,964757,1029506,4257122
Turkmenistan,2098,1423877,5276079,1649560,465443,958434,1023360,4252719
Turkmenistan,2099,1416601,5264312,1656055,464111,952490,1016660,4247652
Turkmenistan,2100,1409859,5250909,1663210,462993,946866,1009534,4241375
Uganda,1950,2221210,2784293,152687,945090,1276120,1039305,1744988
Uganda,1951,2307675,2845048,155945,979452,1328223,1051676,1793372
Uganda,1952,2402411,2894872,158257,1021323,1381088,1056549,1838323
Uganda,1953,2495432,2945704,160103,1060906,1434526,1059674,1886030
Uganda,1954,2581446,3005171,161591,1096309,1485137,1065859,1939312
Uganda,1955,2660232,3075917,162686,1129279,1530953,1077614,1998303
Uganda,1956,2756714,3133270,165533,1174104,1582610,1086199,2047071
Uganda,1957,2843928,3208365,168336,1204999,1638929,1102530,2105835
Uganda,1958,2928591,3296751,171121,1229749,1698842,1126187,2170564
Uganda,1959,3017945,3393215,173945,1256849,1761096,1156981,2236234
Uganda,1960,3115941,3495381,176892,1293671,1822270,1195086,2300295
Uganda,1961,3230521,3593762,182350,1333987,1896534,1237317,2356445
Uganda,1962,3351650,3700542,187982,1377806,1973844,1288118,2412424
Uganda,1963,3477873,3815766,193790,1426382,2051491,1345292,2470474
Uganda,1964,3605503,3940850,199845,1478627,2126876,1405964,2534886
Uganda,1965,3732258,4075981,206162,1534370,2197888,1468211,2607770
Uganda,1966,3877343,4201353,214080,1599853,2277490,1525446,2675907
Uganda,1967,4020887,4337702,222087,1661739,2359148,1584741,2752961
Uganda,1968,4161650,4481203,230067,1720518,2441132,1645353,2835850
Uganda,1969,4297738,4627240,237855,1776322,2521416,1706878,2920362
Uganda,1970,4427046,4773607,245411,1829613,2597433,1769351,3004256
Uganda,1971,4570379,4896222,253798,1891914,2678465,1823869,3072353
Uganda,1972,4705367,5021358,261655,1943725,2761642,1879962,3141396
Uganda,1973,4836074,5151209,269146,1989710,2846364,1937635,3213574
Uganda,1974,4968537,5288717,276462,2037071,2931466,1996758,3291959
Uganda,1975,5107334,5436044,283769,2092852,3014482,2057601,3378443
Uganda,1976,5267541,5579218,293074,2155835,3111706,2115603,3463615
Uganda,1977,5433453,5735106,302308,2220883,3212570,2176676,3558430
Uganda,1978,5604143,5902622,311542,2289560,3314583,2241313,3661309
Uganda,1979,5776923,6080765,320856,2361773,3415150,2310596,3770169
Uganda,1980,5950300,6268923,330317,2438367,3511933,2385304,3883619
Uganda,1981,6146199,6442486,341524,2524699,3621500,2457033,3985453
Uganda,1982,6340073,6630539,352720,2604393,3735680,2536071,4094468
Uganda,1983,6537105,6834041,364125,2682644,3854461,2622043,4211998
Uganda,1984,6744741,7053775,375954,2767150,3977591,2714072,4339703
Uganda,1985,6968321,7289949,388354,2865720,4102601,2811628,4478321
Uganda,1986,7236677,7514568,403276,2979288,4257389,2909691,4604877
Uganda,1987,7514664,7762042,418705,3090652,4424012,3017188,4744854
Uganda,1988,7800764,8027367,434402,3203494,4597270,3131730,4895637
Uganda,1989,8091247,8304801,450042,3320594,4770653,3250478,5054323
Uganda,1990,8382664,8590789,465454,3444649,4938015,3371743,5219046
Uganda,1991,8721061,8836582,482795,3589058,5132003,3487947,5348635
Uganda,1992,9059955,9093999,498935,3730515,5329440,3609575,5484424
Uganda,1993,9398137,9363025,514260,3869785,5528352,3736525,5626500
Uganda,1994,9733492,9644761,529381,4006414,5727078,3869560,5775201
Uganda,1995,10064933,9940814,544544,4142047,5922886,4009445,5931369
Uganda,1996,10437503,10201473,563142,4298468,6139035,4141055,6060418
Uganda,1997,10800772,10483437,581722,4434079,6366693,4283232,6200205
Uganda,1998,11163574,10789196,599019,4559347,6604227,4435298,6353898
Uganda,1999,11538609,11121220,613166,4690504,6848105,4596546,6524674
Uganda,2000,11934491,11481467,623316,4842238,7092253,4767045,6714422
Uganda,2001,12362476,11856401,636015,5005370,7357106,4931821,6924580
Uganda,2002,12810789,12261735,645524,5178344,7632445,5107077,7154658
Uganda,2003,13275432,12695884,653504,5360867,7914565,5292906,7402978
Uganda,2004,13747717,13158459,662260,5547436,8200281,5490660,7667799
Uganda,2005,14221820,13649089,673031,5735112,8486708,5701168,7947921
Uganda,2006,14718051,14143199,689412,5935783,8782268,5902079,8241120
Uganda,2007,15210821,14672030,707636,6117628,9093193,6118987,8553043
Uganda,2008,15703966,15233018,726912,6287267,9416699,6349639,8883379
Uganda,2009,16203251,15822606,746038,6455093,9748158,6590841,9231765
Uganda,2010,16711014,16439640,764479,6630429,10080585,6841116,9598524
Uganda,2011,17238947,17068749,785952,6810583,10428364,7087319,9981430
Uganda,2012,17770084,17729820,806892,6985400,10784684,7345005,10384815
Uganda,2013,18302790,18423049,827887,7158700,11144090,7614007,10809042
Uganda,2014,18833747,19149827,849764,7333176,11500571,7894640,11255187
Uganda,2015,19360960,19910888,873022,7512139,11848821,8186954,11723934
Uganda,2016,19908470,20678765,900730,7698908,12209562,8478657,12200108
Uganda,2017,20450466,21483111,929381,7881619,12568847,8782279,12700832
Uganda,2018,20987690,22324137,958736,8062717,12924973,9097652,13226485
Uganda,2019,21521983,23201580,988311,8245211,13276772,9424474,13777106
Uganda,2020,22055050,24114662,1017991,8433019,13622031,9762038,14352624
Uganda,2021,22619078,25027441,1051567,8636460,13982618,10096570,14930871
Uganda,2022,23177448,25979891,1085463,8829287,14348161,10443364,15536527
Uganda,2023,23732530,26969424,1120174,9016140,14716390,10798903,16170521
Uganda,2024,24287154,27992976,1156191,9202694,15084460,11158348,16834628
Uganda,2025,24842791,29048581,1194088,9394643,15448148,11518691,17529890
Uganda,2026,25427191,30105289,1236932,9599066,15828125,11867981,18237308
Uganda,2027,26008302,31197879,1281566,9794098,16214204,12219799,18978080
Uganda,2028,26586152,32324592,1329141,9983235,16602917,12574445,19750147
Uganda,2029,27159942,33483985,1381084,10169705,16990237,12933069,20550916
Uganda,2030,27728916,34674908,1438536,10357366,17371550,13296384,21378524
Uganda,2031,28320403,35867680,1503317,10554512,17765891,13652321,22215359
Uganda,2032,28902677,37095815,1573010,10739460,18163217,14013749,23082066
Uganda,2033,29475789,38357452,1648297,10915892,18559897,14380809,23976643
Uganda,2034,30039690,39650618,1729949,11087829,18951861,14753729,24896889
Uganda,2035,30593950,40973865,1818685,11259311,19334639,15132560,25841305
Uganda,2036,31162738,42301286,1915388,11436403,19726335,15507547,26793739
Uganda,2037,31718442,43661649,2018255,11603308,20115134,15888923,27772726
Uganda,2038,32260977,45054048,2127624,11763113,20497864,16275968,28778080
Uganda,2039,32790496,46477433,2243803,11919173,20871323,16667418,29810015
Uganda,2040,33307202,47930454,2367305,12074955,21232247,17062121,30868333
Uganda,2041,33836381,49388625,2496539,12236932,21599449,17452145,31936480
Uganda,2042,34351048,50877718,2631869,12391413,21959635,17844974,33032744
Uganda,2043,34851294,52396516,2773803,12540329,22310965,18239649,34156867
Uganda,2044,35337505,53943639,2922707,12685517,22651988,18634708,35308931
Uganda,2045,35810204,55517230,3079221,12829288,22980916,19028811,36488419
Uganda,2046,36297935,57091809,3239376,12981688,23316247,19415284,37676525
Uganda,2047,36769675,58694697,3405939,13123497,23646178,19800437,38894260
Uganda,2048,37226547,60323081,3579806,13257575,23968972,20183082,40139999
Uganda,2049,37670270,61973593,3761839,13387520,24282750,20561459,41412134
Uganda,2050,38101912,63643097,3953192,13516876,24585036,20934261,42708836
Uganda,2051,38550345,65308796,4146837,13654547,24895798,21298554,44010242
Uganda,2052,38984764,66994980,4348081,13783839,25200925,21656833,45338147
Uganda,2053,39404956,68698190,4559102,13906553,25498403,22009259,46688931
Uganda,2054,39810345,70414681,4782541,14024160,25786185,22356096,48058585
Uganda,2055,40200604,72140998,5020612,14138521,26062083,22697373,49443625
Uganda,2056,40607596,73853741,5263624,14261046,26346550,23032518,50821223
Uganda,2057,40997354,75578114,5519210,14372913,26624441,23361880,52216234
Uganda,2058,41370060,77311757,5788250,14476170,26893890,23685690,53626067
Uganda,2059,41726036,79052475,6071280,14573090,27152946,24004032,55048443
Uganda,2060,42065301,80797753,6369556,14665936,27399365,24316881,56480872
Uganda,2061,42418676,82526871,6671694,14764991,27653685,24625990,57900881
Uganda,2062,42753498,84262766,6986267,14854230,27899268,24929544,59333222
Uganda,2063,43069694,86001478,7316307,14935516,28134178,25227590,60773888
Uganda,2064,43367418,87738219,7665528,15010939,28356479,25519814,62218405
Uganda,2065,43646875,89468742,8036988,15082638,28564237,25805811,63662931
Uganda,2066,43940721,91174928,8414998,15160998,28779723,26089222,65085706
Uganda,2067,44215599,92877844,8810618,15231454,28984145,26366017,66511827
Uganda,2068,44471276,94575175,9225220,15295129,29176147,26636102,67939073
Uganda,2069,44707771,96264582,9659915,15353109,29354662,26898988,69365594
Uganda,2070,44925341,97943034,10116279,15406829,29518512,27154073,70788961
Uganda,2071,45161442,99594432,10571748,15469643,29691799,27406830,72187602
Uganda,2072,45377407,101238924,11043618,15522607,29854800,27651614,73587310
Uganda,2073,45573670,102873160,11533523,15567360,30006310,27887874,74985286
Uganda,2074,45750997,104493617,12042886,15605846,30145151,28114562,76379055
Uganda,2075,45909897,106096580,12573630,15640117,30269780,28330831,77765749
Uganda,2076,46090242,107672170,13094544,15683922,30406320,28544939,79127231
Uganda,2077,46250813,109235791,13630211,15717744,30533069,28748661,80487130
Uganda,2078,46391873,110783009,14183424,15743445,30648428,28942078,81840931
Uganda,2079,46513824,112309079,14757120,15763129,30750695,29125124,83183955
Uganda,2080,46616991,113809362,15354276,15778931,30838060,29297619,84511743
Uganda,2081,46743629,115280772,15934552,15804586,30939043,29470546,85810226
Uganda,2082,46851180,116732652,16530039,15822086,31029094,29632935,87099717
Uganda,2083,46939380,118160987,17143829,15832505,31106875,29785169,88375818
Uganda,2084,47007913,119561807,17779023,15836721,31171192,29927503,89634304
Uganda,2085,47056765,120930803,18438830,15835980,31220785,30059893,90870910
Uganda,2086,47131764,122269506,19074805,15846458,31285306,30195052,92074454
Uganda,2087,47186243,123584997,19725557,15846689,31339554,30320798,93264199
Uganda,2088,47220830,124872504,20394451,15838547,31382283,30436957,94435547
Uganda,2089,47236593,126126787,21085009,15824421,31412172,30542856,95583931
Uganda,2090,47234132,127342805,21800923,15806549,31427583,30637882,96704923
Uganda,2091,47258400,128530455,22486507,15799356,31459044,30737048,97793407
Uganda,2092,47264556,129689828,23185554,15784559,31479997,30825918,98863910
Uganda,2093,47252203,130816779,23901590,15763143,31489060,30904588,99912191
Uganda,2094,47220792,131907475,24637991,15735857,31484935,30972943,100934532
Uganda,2095,47170001,132957572,25398470,15703672,31466329,31030676,101926896
Uganda,2096,47148005,133982449,26118583,15683342,31464663,31094225,102888224
Uganda,2097,47106597,134978867,26848970,15653675,31452922,31147917,103830950
Uganda,2098,47045799,135942166,27593554,15615853,31429946,31191720,104750446
Uganda,2099,46966186,136867288,28356155,15571705,31394481,31225200,105642088
Uganda,2100,46868267,137748742,29141205,15523367,31344900,31247778,106500964
Ukraine,1950,10159729,24299720,2838199,2987889,7171840,6982857,17316863
Ukraine,1951,10242132,24706605,2867078,3391348,6850784,7019189,17687416
Ukraine,1952,10212144,25251424,2896941,3722348,6489796,7097719,18153705
Ukraine,1953,10115413,25872830,2928021,3956428,6158985,7202018,18670812
Ukraine,1954,10027445,26482960,2961269,4083508,5943937,7305134,19177826
Ukraine,1955,10011264,27012334,2995851,4150206,5861058,7384455,19627879
Ukraine,1956,10301778,27260447,2994302,4345614,5956164,7426721,19833726
Ukraine,1957,10589769,27491289,3002918,4340801,6248968,7477775,20013514
Ukraine,1958,10914127,27675922,3016239,4225892,6688235,7493776,20182146
Ukraine,1959,11269935,27830768,3029613,4093291,7176644,7435632,20395136
Ukraine,1960,11625991,27993291,3042867,4008743,7617248,7300991,20692300
Ukraine,1961,11737276,28303308,3163051,3821887,7915389,7108609,21194699
Ukraine,1962,11902392,28572829,3274249,3779135,8123257,6821183,21751646
Ukraine,1963,12068651,28833479,3383769,3832301,8236350,6514946,22318533
Ukraine,1964,12159971,29132103,3502253,3884089,8275882,6305198,22826905
Ukraine,1965,12142314,29484681,3634940,3864547,8277767,6257583,23227098
Ukraine,1966,12142749,29780260,3759299,3879197,8263552,6318864,23461396
Ukraine,1967,12018104,30146413,3895935,3792999,8225105,6545643,23600770
Ukraine,1968,11815081,30549127,4044794,3641262,8173819,6879715,23669412
Ukraine,1969,11621939,30923674,4201056,3505309,8116630,7219279,23704395
Ukraine,1970,11487387,31237691,4361683,3441232,8046155,7499722,23737969
Ukraine,1971,11303196,31604609,4526000,3364957,7938239,7766019,23838590
Ukraine,1972,11212555,31892898,4677558,3407076,7805479,7960444,23932454
Ukraine,1973,11181013,32121990,4824169,3528495,7652518,8085939,24036051
Ukraine,1974,11141465,32334793,4978864,3651144,7490321,8161913,24172880
Ukraine,1975,11059548,32552243,5147196,3722782,7336766,8201811,24350432
Ukraine,1976,11048564,32666125,5321767,3858225,7190339,8188731,24477394
Ukraine,1977,10966274,32810600,5514031,3878433,7087841,8136207,24674393
Ukraine,1978,10850471,32977893,5698519,3817785,7032686,8048249,24929644
Ukraine,1979,10765871,33149585,5835801,3746445,7019426,7930272,25219313
Ukraine,1980,10744643,33317568,5906601,3717390,7027253,7791500,25526068
Ukraine,1981,10763925,33495186,5919919,3681172,7082753,7661118,25834068
Ukraine,1982,10847319,33663821,5868239,3691903,7155416,7513227,26150594
Ukraine,1983,10966302,33818917,5784813,3736383,7229919,7361380,26457537
Ukraine,1984,11068265,33965283,5717377,3774725,7293540,7222932,26742351
Ukraine,1985,11124162,34103378,5693238,3778386,7345776,7109249,26994129
Ukraine,1986,11169377,34175663,5733750,3781844,7387533,7035333,27140330
Ukraine,1987,11161619,34258504,5801022,3741647,7419972,6987024,27271480
Ukraine,1988,11107666,34335702,5896207,3663365,7444301,6963654,27372048
Ukraine,1989,11025921,34377948,6019663,3564573,7461348,6962107,27415841
Ukraine,1990,10924237,34370289,6169822,3458036,7466201,6979618,27390671
Ukraine,1991,10824446,34294706,6343458,3340850,7483596,7012528,27282178
Ukraine,1992,10700034,34176837,6540561,3212832,7487202,7062489,27114348
Ukraine,1993,10545339,34046107,6726190,3078894,7466445,7121518,26924589
Ukraine,1994,10350783,33948056,6850698,2940003,7410780,7177878,26770178
Ukraine,1995,10110505,33905841,6889331,2794933,7315572,7225207,26680634
Ukraine,1996,9801344,33853059,6928053,2628215,7173129,7266860,26586199
Ukraine,1997,9466444,33848394,6874476,2487110,6979334,7300676,26547718
Ukraine,1998,9107478,33859423,6781680,2365225,6742253,7330725,26528698
Ukraine,1999,8733997,33832495,6724300,2256817,6477180,7358969,26473526
Ukraine,2000,8360438,33738788,6740848,2160554,6199884,7382410,26356378
Ukraine,2001,8011140,33514939,6876806,2091721,5919419,7389210,26125729
Ukraine,2002,7669176,33238758,7071658,2030123,5639053,7383252,25855506
Ukraine,2003,7349918,32955170,7275471,1982980,5366938,7356504,25598666
Ukraine,2004,7074971,32726036,7414959,1964196,5110775,7297008,25429028
Ukraine,2005,6858078,32582332,7451753,1982525,4875553,7197203,25385129
Ukraine,2006,6679043,32454787,7482559,2020533,4658510,7086099,25368688
Ukraine,2007,6567816,32382333,7436206,2102181,4465635,6944106,25438227
Ukraine,2008,6513935,32325895,7346600,2209163,4304772,6773382,25552513
Ukraine,2009,6487766,32247626,7258632,2309146,4178620,6579343,25668283
Ukraine,2010,6468839,32129241,7194421,2381455,4087384,6362382,25766859
Ukraine,2011,6528377,31896208,7151722,2489189,4039188,6057889,25838319
Ukraine,2012,6561509,31668910,7118914,2514201,4047308,5738690,25930220
Ukraine,2013,6589191,31428818,7097776,2483048,4106143,5416921,26011897
Ukraine,2014,6641002,31153284,7089140,2438812,4202190,5110567,26042717
Ukraine,2015,6725429,30837633,7094642,2410418,4315011,4834478,26003155
Ukraine,2016,6768502,30487597,7182526,2334114,4434388,4596149,25891448
Ukraine,2017,6851450,30091614,7279883,2303013,4548437,4390000,25701614
Ukraine,2018,6948061,29681626,7379527,2302858,4645203,4223402,25458224
Ukraine,2019,7020066,29303265,7471889,2303869,4716197,4103851,25199414
Ukraine,2020,7049292,28978844,7551098,2284881,4764411,4034267,24944577
Ukraine,2021,7049100,28644081,7667789,2259070,4790030,4008897,24635184
Ukraine,2022,7011232,28363453,7765726,2224406,4786826,4033387,24330066
Ukraine,2023,6941782,28125237,7849312,2180425,4761357,4096980,24028257
Ukraine,2024,6858550,27904321,7924510,2134515,4724035,4182303,23722018
Ukraine,2025,6771904,27685461,7995282,2091129,4680775,4276427,23409034
Ukraine,2026,6678395,27431754,8101626,2049717,4628678,4376368,23055386
Ukraine,2027,6578357,27186912,8199874,2007458,4570899,4483604,22703308
Ukraine,2028,6474137,26955107,8284303,1966330,4507807,4586942,22368165
Ukraine,2029,6367027,26747658,8343565,1927599,4439428,4672484,22075174
Ukraine,2030,6258870,26570287,8371217,1892736,4366134,4731345,21838942
Ukraine,2031,6149269,26384042,8406900,1860376,4288893,4760533,21623509
Ukraine,2032,6044084,26223668,8410457,1834175,4209909,4758391,21465277
Ukraine,2033,5944446,26078921,8392432,1813943,4130503,4731861,21347060
Ukraine,2034,5851194,25933735,8369782,1799310,4051884,4693055,21240680
Ukraine,2035,5765398,25776077,8354865,1790153,3975245,4649605,21126472
Ukraine,2036,5690782,25573780,8376730,1788779,3902003,4598316,20975464
Ukraine,2037,5626277,25362489,8400959,1791825,3834452,4541155,20821334
Ukraine,2038,5571858,25140697,8429368,1798306,3773552,4478459,20662238
Ukraine,2039,5527448,24910201,8460362,1807147,3720301,4410149,20500052
Ukraine,2040,5493162,24672684,8492167,1817954,3675208,4336923,20335761
Ukraine,2041,5475755,24396965,8549390,1836690,3639065,4259168,20137797
Ukraine,2042,5465600,24118685,8605959,1850934,3614666,4179944,19938741
Ukraine,2043,5463174,23835558,8663175,1861695,3601479,4100666,19734892
Ukraine,2044,5467809,23544558,8723962,1870047,3597762,4022853,19521705
Ukraine,2045,5477706,23244344,8790801,1876779,3600927,3947910,19296434
Ukraine,2046,5491595,22908553,8891094,1882261,3609334,3875079,19033474
Ukraine,2047,5507634,22574399,8989267,1882867,3624767,3806925,18767474
Ukraine,2048,5524403,22242445,9085622,1879469,3644934,3745238,18497207
Ukraine,2049,5539453,21913152,9181511,1872633,3666820,3692247,18220905
Ukraine,2050,5550304,21587601,9277797,1862544,3687760,3649351,17938250
Ukraine,2051,5551777,21247250,9397947,1845668,3706109,3615794,17631456
Ukraine,2052,5549334,20916711,9511717,1828473,3720861,3592500,17324211
Ukraine,2053,5541104,20605494,9611224,1810507,3730597,3578908,17026586
Ukraine,2054,5525734,20327687,9683534,1791207,3734527,3573948,16753739
Ukraine,2055,5502643,20091376,9720994,1769999,3732644,3576554,16514822
Ukraine,2056,5469874,19881683,9740436,1745071,3724803,3586132,16295551
Ukraine,2057,5431599,19714076,9722265,1722161,3709438,3602535,16111541
Ukraine,2058,5387693,19583336,9671890,1700639,3687054,3623341,15959995
Ukraine,2059,5338953,19480841,9597246,1680044,3658909,3644990,15835851
Ukraine,2060,5286317,19399558,9504610,1659993,3626324,3664712,15734846
Ukraine,2061,5232510,19330489,9400470,1641803,3590707,3682417,15648072
Ukraine,2062,5176932,19283086,9276336,1625244,3551688,3697348,15585738
Ukraine,2063,5120393,19251723,9137646,1610247,3510146,3707983,15543740
Ukraine,2064,5064442,19230823,8989189,1597108,3467334,3712807,15518016
Ukraine,2065,5010540,19215725,8834865,1586226,3424314,3710907,15504818
Ukraine,2066,4962048,19195935,8682194,1579541,3382507,3702221,15493714
Ukraine,2067,4916917,19183155,8521972,1574063,3342854,3686487,15496668
Ukraine,2068,4875889,19167887,8363700,1569942,3305947,3664458,15503429
Ukraine,2069,4839322,19136787,8221226,1567276,3272046,3637374,15499413
Ukraine,2070,4807246,19080964,8104120,1566238,3241008,3606126,15474838
Ukraine,2071,4781647,18987666,8023569,1568570,3213077,3570104,15417562
Ukraine,2072,4760870,18874506,7963858,1570596,3190274,3530789,15343717
Ukraine,2073,4744695,18746581,7920510,1572400,3172295,3489313,15257268
Ukraine,2074,4732333,18613060,7885434,1573923,3158410,3447249,15165811
Ukraine,2075,4722830,18479430,7854357,1575182,3147648,3405781,15073649
Ukraine,2076,4716236,18329994,7843041,1577026,3139210,3364211,14965783
Ukraine,2077,4712014,18185482,7831333,1577008,3135006,3324687,14860795
Ukraine,2078,4709492,18045320,7820425,1575399,3134093,3287787,14757533
Ukraine,2079,4707594,17908763,7811979,1572420,3135174,3254106,14654657
Ukraine,2080,4705054,17775186,7807700,1568150,3136904,3224022,14551164
Ukraine,2081,4699954,17634254,7819678,1561666,3138288,3197079,14437175
Ukraine,2082,4694508,17503495,7827906,1554389,3140119,3174715,14328780
Ukraine,2083,4687733,17382153,7833673,1546240,3141493,3156761,14225392
Ukraine,2084,4678385,17268778,7839106,1536960,3141425,3142730,14126048
Ukraine,2085,4665270,17161230,7846981,1526196,3139074,3131982,14029248
Ukraine,2086,4648956,17058395,7857511,1513700,3135256,3125393,13933002
Ukraine,2087,4630185,16966370,7863449,1501347,3128838,3122384,13843986
Ukraine,2088,4608052,16882166,7867948,1488827,3119225,3121744,13760422
Ukraine,2089,4582339,16803606,7872592,1476027,3106312,3122063,13681543
Ukraine,2090,4553257,16729572,7877577,1462899,3090358,3122392,13607180
Ukraine,2091,4524968,16669115,7869184,1450512,3074456,3125405,13543710
Ukraine,2092,4494733,16614828,7857206,1439119,3055614,3128087,13486741
Ukraine,2093,4462650,16564640,7843369,1428531,3034119,3129631,13435009
Ukraine,2094,4429032,16516104,7829613,1418499,3010533,3129062,13387042
Ukraine,2095,4394170,16467100,7817522,1408748,2985422,3125664,13341436
Ukraine,2096,4364850,16429605,7788036,1402179,2962671,3122742,13306863
Ukraine,2097,4335167,16392446,7757863,1395869,2939298,3116683,13275763
Ukraine,2098,4305376,16352556,7729400,1389781,2915595,3107264,13245292
Ukraine,2099,4276286,16306580,7704683,1384400,2891886,3094413,13212167
Ukraine,2100,4249015,16251750,7684798,1380740,2868275,3078086,13173664
United Arab Emirates,1950,29406,37799,2383,12030,17376,12906,24893
United Arab Emirates,1951,28657,36346,2317,11822,16835,12417,23929
United Arab Emirates,1952,29578,37099,2386,12263,17315,12681,24418
United Arab Emirates,1953,31237,38880,2513,12966,18271,13293,25587
United Arab Emirates,1954,32992,40822,2646,13695,19297,13962,26860
United Arab Emirates,1955,34446,42384,2748,14336,20110,14505,27879
United Arab Emirates,1956,35632,43222,2828,14880,20752,14805,28417
United Arab Emirates,1957,36451,43737,2880,15193,21258,14997,28740
United Arab Emirates,1958,37305,44325,2929,15495,21810,15217,29108
United Arab Emirates,1959,38767,45578,3017,16077,22690,15668,29910
United Arab Emirates,1960,41401,48059,3174,17235,24166,16549,31510
United Arab Emirates,1961,44019,53854,3205,17833,26186,19872,33982
United Arab Emirates,1962,47520,61644,3308,18978,28542,23691,37953
United Arab Emirates,1963,51403,70747,3416,20487,30916,27692,43055
United Arab Emirates,1964,54982,80076,3471,22099,32883,31352,48724
United Arab Emirates,1965,57952,88983,3427,23673,34279,34305,54678
United Arab Emirates,1966,60053,97098,3330,24913,35140,37249,59849
United Arab Emirates,1967,62151,104925,3207,26264,35887,39244,65681
United Arab Emirates,1968,65584,114477,3133,28225,37359,40995,73482
United Arab Emirates,1969,71969,128675,3176,31518,40451,43562,85113
United Arab Emirates,1970,82547,149581,3371,36884,45663,47534,102047
United Arab Emirates,1971,90913,184533,3362,40165,50748,63602,120931
United Arab Emirates,1972,101863,227075,3822,44234,57629,79062,148013
United Arab Emirates,1973,115977,276399,4798,49329,66648,92902,183497
United Arab Emirates,1974,133902,331173,6289,56345,77557,104390,226783
United Arab Emirates,1975,156122,389952,8250,66403,89719,113308,276644
United Arab Emirates,1976,177289,460281,9373,76917,100372,141887,318394
United Arab Emirates,1977,202203,535145,10769,90520,111683,165891,369254
United Arab Emirates,1978,231199,608724,12339,106289,124910,181571,427153
United Arab Emirates,1979,262071,676136,13833,121814,140257,187851,488285
United Arab Emirates,1980,291934,735461,14989,134426,157508,186228,549233
United Arab Emirates,1981,322225,782972,15703,146135,176090,196531,586441
United Arab Emirates,1982,351083,822538,15924,158022,193061,203016,619522
United Arab Emirates,1983,380043,857038,15979,169508,210535,204449,652589
United Arab Emirates,1984,410716,891545,16217,180669,230047,202417,689128
United Arab Emirates,1985,443847,930392,16813,191361,252486,199383,731009
United Arab Emirates,1986,472000,982825,17393,196531,275469,210566,772259
United Arab Emirates,1987,499276,1043136,18306,204974,294302,227665,815471
United Arab Emirates,1988,525943,1110417,19489,215320,310623,248739,861678
United Arab Emirates,1989,551494,1183748,20801,225280,326214,271180,912568
United Arab Emirates,1990,575359,1262700,22115,232409,342950,292555,970145
United Arab Emirates,1991,594762,1352280,22984,234179,360583,330151,1022129
United Arab Emirates,1992,614459,1448427,23753,235190,379269,357219,1091208
United Arab Emirates,1993,633647,1549321,24437,234791,398856,372475,1176846
United Arab Emirates,1994,651262,1652334,25090,233893,417369,377843,1274491
United Arab Emirates,1995,667493,1755603,25724,234800,432693,377254,1378349
United Arab Emirates,1996,691468,1852542,27010,241032,450436,419712,1432830
United Arab Emirates,1997,715397,1955837,28776,246057,469340,456021,1499816
United Arab Emirates,1998,744494,2062817,30834,251946,492548,480518,1582299
United Arab Emirates,1999,779968,2175356,32838,259411,520557,493548,1681808
United Arab Emirates,2000,819653,2300663,34609,267439,552214,500610,1800053
United Arab Emirates,2001,794460,2496637,34935,255881,538579,587738,1908899
United Arab Emirates,2002,772962,2699021,35249,251942,521020,648333,2050688
United Arab Emirates,2003,767620,2938158,36154,256093,511527,685806,2252352
United Arab Emirates,2004,789652,3259951,38328,270996,518656,711960,2547991
United Arab Emirates,2005,843296,3694170,42096,299141,544155,735591,2958579
United Arab Emirates,2006,876093,4321685,44254,317651,558442,912619,3409066
United Arab Emirates,2007,931620,5064386,48061,348727,582893,1060741,4003645
United Arab Emirates,2008,1001135,5840340,52803,384767,616368,1151755,4688585
United Arab Emirates,2009,1065399,6543337,57657,414914,650485,1167421,5375916
United Arab Emirates,2010,1106380,7102235,62069,430946,675434,1115444,5986791
United Arab Emirates,2011,1175000,7427164,70311,465009,709991,1145444,6281720
United Arab Emirates,2012,1210383,7612144,77926,480872,729511,1139685,6472459
United Arab Emirates,2013,1227065,7694737,84461,482134,744931,1093061,6601676
United Arab Emirates,2014,1241722,7739507,89638,476637,765085,1017861,6721646
United Arab Emirates,2015,1262061,7798697,93544,470660,791401,933970,6864727
United Arab Emirates,2016,1287338,7881775,100499,463922,823416,1004621,6877154
United Arab Emirates,2017,1306211,7986416,107518,457002,849209,1069250,6917166
United Arab Emirates,2018,1325235,8101173,115207,450748,874487,1106702,6994471
United Arab Emirates,2019,1344421,8213213,124454,445077,899344,1108219,7104994
United Arab Emirates,2020,1360247,8317206,135717,439406,920841,1080783,7236423
United Arab Emirates,2021,1363299,8421228,152952,426814,936485,1155466,7265762
United Arab Emirates,2022,1360851,8527818,173205,422869,937982,1216093,7311725
United Arab Emirates,2023,1358234,8631468,196779,424719,933515,1245744,7385724
United Arab Emirates,2024,1356427,8730205,224393,428567,927860,1241644,7488561
United Arab Emirates,2025,1353751,8824990,256546,431589,922162,1213369,7611621
United Arab Emirates,2026,1353034,8910668,295956,437401,915633,1270891,7639777
United Arab Emirates,2027,1344411,8999096,340910,442248,902163,1319689,7679407
United Arab Emirates,2028,1336094,9083252,389661,446402,889692,1341811,7741441
United Arab Emirates,2029,1333398,9159340,439857,451110,882288,1329979,7829361
United Arab Emirates,2030,1336346,9227965,490268,457072,879274,1290210,7937755
United Arab Emirates,2031,1342751,9288928,543033,464286,878465,1322120,7966808
United Arab Emirates,2032,1348023,9348731,596417,471729,876294,1340760,8007971
United Arab Emirates,2033,1357737,9400706,651845,479407,878330,1332923,8067783
United Arab Emirates,2034,1372787,9441852,711925,486849,885938,1296402,8145450
United Arab Emirates,2035,1390701,9473515,778119,493670,897031,1239322,8234193
United Arab Emirates,2036,1409116,9498528,849990,499672,909444,1248123,8250405
United Arab Emirates,2037,1424055,9520506,927614,505429,918626,1249448,8271058
United Arab Emirates,2038,1440100,9537118,1008384,510758,929342,1233048,8304070
United Arab Emirates,2039,1458680,9550002,1088765,515393,943287,1197435,8352567
United Arab Emirates,2040,1478110,9562653,1166570,518963,959147,1149355,8413298
United Arab Emirates,2041,1495947,9577855,1241327,520712,975235,1165435,8412420
United Arab Emirates,2042,1508995,9597224,1314534,522539,986456,1179846,8417378
United Arab Emirates,2043,1521367,9616981,1385600,524254,997113,1182417,8434564
United Arab Emirates,2044,1534570,9635714,1454109,525645,1008925,1168813,8466901
United Arab Emirates,2045,1547438,9654513,1519910,526374,1021064,1142330,8512183
United Arab Emirates,2046,1557835,9677686,1580704,525577,1032258,1181401,8496285
United Arab Emirates,2047,1563754,9705278,1638446,525870,1037884,1212441,8492837
United Arab Emirates,2048,1569344,9732217,1694125,526849,1042495,1226104,8506113
United Arab Emirates,2049,1576093,9755429,1749482,528084,1048009,1220199,8535230
United Arab Emirates,2050,1582953,9775114,1805481,529140,1053813,1199545,8575569
United Arab Emirates,2051,1588967,9792827,1861551,530075,1058892,1237944,8554883
United Arab Emirates,2052,1591031,9810117,1919253,531944,1059087,1267319,8542798
United Arab Emirates,2053,1593441,9824328,1977065,534421,1059020,1278970,8545358
United Arab Emirates,2054,1597931,9835897,2032927,537168,1060763,1270916,8564981
United Arab Emirates,2055,1603620,9846820,2085852,539862,1063758,1247868,8598952
United Arab Emirates,2056,1610161,9857092,2136254,543143,1067018,1279858,8577234
United Arab Emirates,2057,1613580,9870545,2184334,546547,1067033,1302897,8567648
United Arab Emirates,2058,1618061,9881620,2231593,550035,1068026,1308861,8572759
United Arab Emirates,2059,1625192,9886061,2280808,553593,1071599,1295957,8590104
United Arab Emirates,2060,1633951,9883077,2333903,557121,1076830,1268764,8614313
United Arab Emirates,2061,1643486,9873927,2390549,560743,1082743,1293613,8580314
United Arab Emirates,2062,1650602,9861677,2450898,564691,1085911,1310190,8551487
United Arab Emirates,2063,1658837,9844011,2513773,568766,1090071,1311112,8532899
United Arab Emirates,2064,1669187,9822028,2577084,572645,1096542,1295133,8526895
United Arab Emirates,2065,1680395,9798259,2639594,576009,1104386,1266876,8531383
United Arab Emirates,2066,1691762,9773084,2701616,579092,1112670,1288704,8484380
United Arab Emirates,2067,1700102,9750487,2762399,582110,1117992,1304093,8446394
United Arab Emirates,2068,1708856,9726349,2822618,584977,1123879,1305924,8420425
United Arab Emirates,2069,1719173,9697668,2884116,587610,1131563,1292598,8405070
United Arab Emirates,2070,1729911,9664020,2948481,589814,1140097,1268095,8395925
United Arab Emirates,2071,1740246,9628398,3013535,591452,1148794,1291089,8337309
United Arab Emirates,2072,1747648,9593083,3079510,593542,1154106,1308506,8284577
United Arab Emirates,2073,1755077,9555378,3146113,595779,1159298,1313382,8241996
United Arab Emirates,2074,1763362,9515075,3212640,597750,1165612,1303944,8211131
United Arab Emirates,2075,1771424,9473759,3278545,599078,1172346,1283758,8190001
United Arab Emirates,2076,1779567,9436122,3338807,600257,1179310,1307823,8128299
United Arab Emirates,2077,1784293,9401542,3397563,601442,1182851,1326381,8075161
United Arab Emirates,2078,1788658,9368013,3453726,602536,1186122,1332839,8035174
United Arab Emirates,2079,1793902,9336042,3505524,603529,1190373,1325466,8010576
United Arab Emirates,2080,1799290,9307313,3551977,604321,1194969,1307549,7999764
United Arab Emirates,2081,1805128,9287965,3586671,605106,1200022,1330383,7957582
United Arab Emirates,2082,1808378,9275530,3615112,606519,1201859,1347586,7927944
United Arab Emirates,2083,1811760,9265729,3638892,608290,1203470,1353143,7912586
United Arab Emirates,2084,1816069,9254880,3660913,610023,1206046,1345548,7909332
United Arab Emirates,2085,1820388,9241539,3683576,611350,1209038,1327871,7913668
United Arab Emirates,2086,1826069,9232838,3698435,613193,1212876,1347605,7885233
United Arab Emirates,2087,1829096,9225587,3712742,615015,1214081,1362023,7863564
United Arab Emirates,2088,1832071,9216147,3727629,616707,1215364,1365514,7850633
United Arab Emirates,2089,1836043,9202876,3743775,618229,1217814,1356712,7846164
United Arab Emirates,2090,1840372,9186149,3761545,619503,1220869,1338576,7847573
United Arab Emirates,2091,1846076,9172798,3773173,621106,1224970,1354720,7818078
United Arab Emirates,2092,1849689,9159326,3785672,622865,1226824,1366105,7793221
United Arab Emirates,2093,1853554,9143531,3798982,624655,1228899,1367742,7775789
United Arab Emirates,2094,1858313,9124313,3813596,626259,1232054,1358418,7765895
United Arab Emirates,2095,1863047,9101452,3830729,627437,1235610,1340732,7760720
United Arab Emirates,2096,1868935,9081946,3842288,628821,1240114,1354381,7727565
United Arab Emirates,2097,1872777,9063339,3854032,630269,1242508,1364158,7699181
United Arab Emirates,2098,1876516,9042518,3867204,631620,1244896,1365352,7677166
United Arab Emirates,2099,1880691,9017730,3883171,632687,1248004,1356734,7660996
United Arab Emirates,2100,1884461,8988920,3902954,633206,1251255,1340656,7648264
United Kingdom,1950,11365537,33767602,5482875,4370646,6994891,6636069,27131533
United Kingdom,1951,11437044,33628835,5555537,4322304,7114740,6544309,27084526
United Kingdom,1952,11397713,33650304,5638038,4101743,7295970,6516193,27134111
United Kingdom,1953,11419035,33671809,5706430,3914931,7504104,6512615,27159194
United Kingdom,1954,11531238,33657565,5756594,3814544,7716694,6515482,27142083
United Kingdom,1955,11690842,33637510,5795355,3784928,7905914,6525253,27112257
United Kingdom,1956,11684931,33748285,5895446,3601789,8083142,6583649,27164636
United Kingdom,1957,11802964,33786201,5970505,3629133,8173831,6635683,27150518
United Kingdom,1958,11954319,33829727,6034577,3773173,8181146,6701067,27128660
United Kingdom,1959,12069993,33940330,6098649,3950177,8119816,6802047,27138283
United Kingdom,1960,12136222,34130276,6166659,4107397,8028825,6947092,27183184
United Kingdom,1961,12293394,34237397,6259025,4364645,7928749,7107875,27129522
United Kingdom,1962,12383338,34437411,6350577,4543674,7839664,7308891,27128520
United Kingdom,1963,12439036,34681715,6442054,4653137,7785899,7520015,27161700
United Kingdom,1964,12517944,34894125,6532950,4728707,7789237,7698268,27195857
United Kingdom,1965,12641456,35036745,6624906,4796344,7845112,7821823,27214922
United Kingdom,1966,12836223,35038313,6756453,4886271,7949952,7923721,27114592
United Kingdom,1967,13017728,35022434,6888366,4896062,8121666,7996143,27026291
United Kingdom,1968,13188722,34989348,7016386,4849832,8338890,8036886,26952462
United Kingdom,1969,13334807,34957584,7137252,4767735,8567072,8048901,26908683
United Kingdom,1970,13440768,34943267,7250900,4665481,8775287,8036817,26906450
United Kingdom,1971,13479650,34923619,7406481,4498869,8980781,7999247,26924372
United Kingdom,1972,13490353,34916068,7546901,4344484,9145869,7930669,26985399
United Kingdom,1973,13457075,34934916,7674839,4199746,9257329,7862118,27072798
United Kingdom,1974,13363183,34995850,7793146,4057070,9306113,7839300,27156550
United Kingdom,1975,13204558,35104299,7903090,3910324,9294234,7887849,27216450
United Kingdom,1976,12990330,35210718,8046357,3743194,9247136,7995663,27215055
United Kingdom,1977,12731539,35355059,8175422,3609120,9122419,8173862,27181197
United Kingdom,1978,12435868,35541565,8286228,3503643,8932225,8400431,27141134
United Kingdom,1979,12126143,35766515,8369469,3428117,8698026,8634643,27131872
United Kingdom,1980,11825079,36019768,8420628,3383921,8441158,8845163,27174605
United Kingdom,1981,11560730,36232268,8483317,3380528,8180202,9011603,27220665
United Kingdom,1982,11323335,36465214,8507691,3410509,7912826,9158145,27307069
United Kingdom,1983,11118804,36699360,8512713,3464328,7654476,9271063,27428297
United Kingdom,1984,10948077,36912863,8525286,3527066,7421011,9333517,27579346
United Kingdom,1985,10812483,37092895,8560753,3590302,7222181,9333698,27759197
United Kingdom,1986,10774647,37152687,8646946,3704086,7070561,9237973,27914714
United Kingdom,1987,10747842,37208473,8752893,3765365,6982477,9086217,28122256
United Kingdom,1988,10744894,37254716,8863283,3791270,6953624,8890218,28364498
United Kingdom,1989,10777096,37290637,8956013,3805968,6971128,8668829,28621808
United Kingdom,1990,10843199,37319980,9020152,3826085,7017114,8436750,28883230
United Kingdom,1991,10903764,37335458,9100225,3823577,7080187,8200071,29135387
United Kingdom,1992,10996689,37345262,9152587,3828432,7168257,7949332,29395930
United Kingdom,1993,11107028,37359541,9183904,3836796,7270232,7701247,29658294
United Kingdom,1994,11208092,37398673,9204006,3835578,7372514,7480958,29917715
United Kingdom,1995,11282610,37476054,9219657,3815042,7467568,7305846,30170208
United Kingdom,1996,11310980,37588760,9257005,3770392,7540588,7207196,30381564
United Kingdom,1997,11315619,37743643,9287411,3718885,7596734,7146337,30597306
United Kingdom,1998,11298428,37931933,9314577,3661608,7636820,7116953,30814980
United Kingdom,1999,11265972,38139978,9340778,3604871,7661101,7112091,31027887
United Kingdom,2000,11221846,38360560,9368442,3553420,7668426,7129372,31231188
United Kingdom,2001,11148865,38578567,9421911,3490663,7658202,7255351,31323216
United Kingdom,2002,11056019,38819901,9473033,3444231,7611788,7410375,31409526
United Kingdom,2003,10959685,39092592,9527945,3418016,7541669,7576451,31516141
United Kingdom,2004,10881904,39409267,9592957,3419574,7462330,7733156,31676111
United Kingdom,2005,10839123,39774569,9673062,3453669,7385454,7866744,31907825
United Kingdom,2006,10840890,40157701,9804210,3500235,7340655,8013895,32143806
United Kingdom,2007,10887601,40583376,9943683,3592518,7295083,8133728,32449648
United Kingdom,2008,10963376,41012644,10100201,3710357,7253019,8219971,32792673
United Kingdom,2009,11038182,41397980,10286445,3821140,7217042,8269024,33128956
United Kingdom,2010,11092760,41706388,10507695,3903691,7189069,8278893,33427495
United Kingdom,2011,11217311,41837382,10757189,4034228,7183083,8249205,33588177
United Kingdom,2012,11288680,41922327,11039323,4081221,7207459,8202025,33720302
United Kingdom,2013,11336668,41970482,11333960,4071522,7265146,8136345,33834137
United Kingdom,2014,11401464,42004451,11609771,4048867,7352597,8052792,33951659
United Kingdom,2015,11499863,42046275,11850942,4042918,7456945,7954284,34091991
United Kingdom,2016,11591157,42124943,12072474,3999886,7591271,7870006,34254937
United Kingdom,2017,11721556,42205040,12254989,3999271,7722285,7775936,34429104
United Kingdom,2018,11867922,42289567,12416015,4028160,7839762,7683605,34605962
United Kingdom,2019,11992488,42382744,12583784,4057999,7934489,7610464,34772280
United Kingdom,2020,12076531,42481110,12776567,4067862,8008669,7565727,34915383
United Kingdom,2021,12154256,42568544,12976683,4070509,8083747,7565262,35003282
United Kingdom,2022,12196968,42670913,13188900,4067444,8129524,7596910,35074003
United Kingdom,2023,12208844,42777337,13419269,4056244,8152600,7654590,35122747
United Kingdom,2024,12203698,42868495,13672504,4040637,8163061,7728089,35140406
United Kingdom,2025,12189744,42932289,13951992,4021945,8167799,7808915,35123374
United Kingdom,2026,12186130,42973722,14233481,4002109,8184021,7919319,35054403
United Kingdom,2027,12167518,43001052,14534350,3978330,8189188,8043216,34957836
United Kingdom,2028,12137307,43015661,14850276,3952999,8184308,8167619,34848042
United Kingdom,2029,12098284,43022819,15173819,3928637,8169647,8275433,34747386
United Kingdom,2030,12052867,43025368,15500379,3906576,8146291,8354779,34670589
United Kingdom,2031,12016080,43040121,15798341,3880315,8135765,8430143,34609978
United Kingdom,2032,11978808,43053374,16090983,3867093,8111715,8478247,34575127
United Kingdom,2033,11940215,43070094,16375298,3863845,8076370,8502994,34567100
United Kingdom,2034,11898827,43097889,16646533,3865988,8032839,8513551,34584338
United Kingdom,2035,11855587,43138686,16902942,3869790,7985797,8514747,34623939
United Kingdom,2036,11838926,43208576,17100449,3880501,7958425,8529225,34679351
United Kingdom,2037,11822551,43298792,17274310,3896495,7926056,8537170,34761622
United Kingdom,2038,11808085,43398963,17433774,3915886,7892199,8535980,34862983
United Kingdom,2039,11797766,43495525,17590628,3937172,7860594,8522444,34973081
United Kingdom,2040,11793180,43578123,17753930,3958852,7834328,8494090,35084033
United Kingdom,2041,11822391,43664951,17877522,3987560,7834831,8476630,35188321
United Kingdom,2042,11854222,43751380,17997088,4014036,7840186,8452425,35298955
United Kingdom,2043,11889738,43830593,18118023,4038418,7851320,8420938,35409655
United Kingdom,2044,11927679,43892577,18251073,4060277,7867402,8381934,35510643
United Kingdom,2045,11965500,43927022,18408507,4078459,7887041,8334415,35592607
United Kingdom,2046,12027753,43967578,18532038,4095249,7932504,8305962,35661616
United Kingdom,2047,12087884,43995380,18666652,4110054,7977830,8275924,35719456
United Kingdom,2048,12143127,44004702,18819573,4121972,8021155,8244307,35760395
United Kingdom,2049,12190433,43995212,18992569,4129821,8060612,8213188,35782024
United Kingdom,2050,12228148,43968603,19184386,4132132,8096016,8183668,35784935
United Kingdom,2051,12279555,43966591,19329701,4128648,8150907,8181836,35784755
United Kingdom,2052,12322159,43958675,19481607,4127094,8195065,8187162,35771513
United Kingdom,2053,12354342,43947197,19639140,4125674,8228668,8197782,35749415
United Kingdom,2054,12374220,43934179,19802034,4121910,8252310,8211254,35722925
United Kingdom,2055,12380558,43917768,19973451,4113022,8267536,8224472,35693296
United Kingdom,2056,12397850,43934646,20092222,4100705,8297145,8261382,35673264
United Kingdom,2057,12404456,43962821,20202450,4090913,8313543,8303509,35659312
United Kingdom,2058,12400228,43999227,20308649,4082158,8318070,8346696,35652531
United Kingdom,2059,12385548,44038512,20417477,4072963,8312585,8385809,35652703
United Kingdom,2060,12360672,44073344,20537422,4061390,8299282,8415976,35657368
United Kingdom,2061,12351646,44143203,20603476,4050286,8301360,8460744,35682459
United Kingdom,2062,12336716,44223250,20662562,4043058,8293658,8501875,35721375
United Kingdom,2063,12315608,44308059,20721457,4038227,8277381,8535940,35772119
United Kingdom,2064,12288324,44392371,20786549,4034252,8254072,8559729,35832642
United Kingdom,2065,12255156,44468801,20865804,4029429,8225727,8570092,35898709
United Kingdom,2066,12246178,44588720,20878272,4028869,8217309,8592131,35996589
United Kingdom,2067,12235412,44716587,20885478,4031881,8203531,8606187,36110400
United Kingdom,2068,12221867,44834397,20906109,4036734,8185133,8610218,36224179
United Kingdom,2069,12204735,44920979,20961566,4041552,8163183,8603305,36317674
United Kingdom,2070,12183969,44962368,21065361,4044639,8139330,8584448,36377920
United Kingdom,2071,12192363,45021535,21121686,4053384,8138979,8579811,36441724
United Kingdom,2072,12198917,45050462,21209511,4062372,8136545,8569160,36481302
United Kingdom,2073,12203205,45049701,21328071,4070732,8132473,8551555,36498146
United Kingdom,2074,12204255,45023973,21472806,4077432,8126823,8526647,36497326
United Kingdom,2075,12200850,44974039,21643550,4081140,8119710,8493559,36480480
United Kingdom,2076,12223004,44963068,21746902,4087778,8135226,8477905,36485163
United Kingdom,2077,12242551,44943828,21858222,4094145,8148406,8460536,36483292
United Kingdom,2078,12258196,44912565,21982406,4099308,8158888,8440623,36471942
United Kingdom,2079,12267658,44863842,22127039,4101861,8165797,8417536,36446306
United Kingdom,2080,12268511,44790639,22301548,4100012,8168499,8389815,36400824
United Kingdom,2081,12289816,44763214,22406489,4098962,8190854,8382579,36380635
United Kingdom,2082,12306166,44733811,22515123,4098244,8207922,8377302,36356509
United Kingdom,2083,12315518,44696496,22635852,4096517,8219001,8371998,36324498
United Kingdom,2084,12315541,44644469,22778405,4092138,8223403,8364627,36279842
United Kingdom,2085,12304157,44570130,22952948,4083203,8220954,8352752,36217378
United Kingdom,2086,12311755,44550492,23052168,4075469,8236286,8361616,36188876
United Kingdom,2087,12312976,44530879,23156079,4068784,8244192,8372235,36158644
United Kingdom,2088,12305809,44504562,23273695,4061693,8244116,8381577,36122985
United Kingdom,2089,12288620,44465336,23413156,4052699,8235921,8386530,36078806
United Kingdom,2090,12260232,44406563,23582452,4040157,8220075,8384112,36022451
United Kingdom,2091,12253085,44412376,23665002,4030868,8222217,8400006,36012370
United Kingdom,2092,12240334,44418974,23751309,4023386,8216948,8414180,36004794
United Kingdom,2093,12220465,44417892,23851093,4016312,8204153,8423860,35994032
United Kingdom,2094,12192108,44399999,23974531,4008058,8184050,8426359,35973640
United Kingdom,2095,12154183,44356467,24131188,3996892,8157291,8419055,35937412
United Kingdom,2096,12142117,44380000,24192568,3991658,8150459,8428363,35951637
United Kingdom,2097,12125837,44397270,24261719,3987684,8138153,8433296,35963974
United Kingdom,2098,12103975,44398626,24349311,3983754,8120221,8431581,35967045
United Kingdom,2099,12075668,44374271,24465641,3978954,8096714,8421331,35952940
United Kingdom,2100,12040783,44315703,24619005,3972725,8068058,8400700,35915003
United States,1950,42595725,103165892,13042778,17236888,25358837,23466762,79699130
United States,1951,43992346,103470364,13442325,17760830,26231516,23047584,80422780
United States,1952,45434413,104040908,13849530,18111324,27323089,22708892,81332016
United States,1953,47010674,104719684,14257832,18452515,28558159,22447268,82272416
United States,1954,48705232,105454218,14668163,18844699,29860533,22300576,83153642
United States,1955,50440825,106257039,15085978,19283068,31157757,22316984,83940055
United States,1956,51937781,107334115,15534045,19558194,32379587,22710356,84623759
United States,1957,53471325,108429982,15949849,19934100,33537225,23204740,85225242
United States,1958,54940901,109603673,16339884,20314361,34626540,23789350,85814323
United States,1959,56245594,110927374,16704905,20603088,35642506,24468847,86458527
United States,1960,57326238,112434551,17047439,20741741,36584497,25258732,87175819
United States,1961,58410623,113796293,17447989,20935875,37474748,26290450,87505843
United States,1962,59159443,115415555,17822743,20859905,38299538,27470836,87944719
United States,1963,59630213,117200254,18185744,20570782,39059431,28737111,88463143
United States,1964,59920068,119023003,18548773,20179010,39741058,30005839,89017164
United States,1965,60077364,120823810,18914366,19773183,40304181,31227324,89596486
United States,1966,60082348,122530109,19362765,19287152,40795196,32361921,90168188
United States,1967,59961596,124210946,19809386,18813236,41148360,33426027,90784919
United States,1968,59718240,125905149,20257029,18379690,41338550,34427775,91477374
United States,1969,59356455,127677607,20698942,17989420,41367035,35385661,92291946
United States,1970,58891178,129571464,21125508,17623177,41268001,36317059,93254405
United States,1971,58101128,131737153,21623317,17108312,40992816,37471598,94265555
United States,1972,57328384,133930434,22092955,16824373,40504011,38508470,95421964
United States,1973,56536789,136168445,22563453,16693002,39843787,39416967,96751478
United States,1974,55695954,138474509,23047930,16618289,39077665,40196956,98277553
United States,1975,54815222,140850834,23539240,16539914,38275308,40852938,99997896
United States,1976,54319035,142815484,24104696,16654946,37664089,41410885,101404599
United States,1977,53731443,144906915,24685684,16654388,37077055,41931333,102975582
United States,1978,53112678,147041315,25295664,16586208,36526470,42380214,104661101
United States,1979,52560320,149112628,25926930,16544559,36015761,42690556,106422072
United States,1980,52132281,151067868,26562903,16608661,35523620,42820122,108247746
United States,1981,51878338,152946922,27113703,16809255,35069083,42673900,110273022
United States,1982,51755710,154743344,27633578,17025173,34730537,42337021,112406323
United States,1983,51760540,156436951,28146513,17268917,34491623,41849428,114587523
United States,1984,51860683,158039069,28674109,17529885,34330798,41268386,116770683
United States,1985,52037811,159566014,29220295,17806873,34230938,40635950,118930064
United States,1986,52494519,160822398,29782018,18173162,34321357,39916233,120906165
United States,1987,53005381,162064380,30333103,18491859,34513522,39200204,122864176
United States,1988,53561507,163305493,30872582,18773957,34787550,38535835,124769658
United States,1989,54151042,164571831,31390314,19032300,35118742,37961301,126610530
United States,1990,54759044,165891293,31879613,19277058,35481986,37492011,128399282
United States,1991,55611165,167067379,32296275,19555672,36055493,37022640,130044739
United States,1992,56434317,168350418,32669538,19761051,36673266,36667173,131683245
United States,1993,57200935,169807602,33011649,19898991,37301944,36468805,133338797
United States,1994,57890817,171524724,33326025,19973214,37917603,36446153,135078571
United States,1995,58505849,173540775,33612225,20008755,38497094,36594845,136945930
United States,1996,59274791,175656555,33872078,20098860,39175931,36915264,138741291
United States,1997,59890313,178132965,34113273,20005639,39884674,37358036,140774929
United States,1998,60387917,180817920,34336766,19819646,40568271,37884749,142933171
United States,1999,60819370,183499913,34542994,19660302,41159068,38445008,145054905
United States,2000,61191034,186050539,34741205,19588995,41602039,39012614,147037925
United States,2001,61317154,188501625,35033612,19382292,41934862,39610816,148890809
United States,2002,61510061,190704916,35291870,19476758,42033303,40215789,150489127
United States,2003,61680649,192788594,35558381,19758231,41922418,40840303,151948291
United States,2004,61724173,194935654,35879497,20056361,41667812,41494328,153441326
United States,2005,61623710,197222440,36283351,20273450,41350260,42164601,155057839
United States,2006,61978995,199023554,36824807,20790467,41188528,42553798,156469756
United States,2007,62151915,200998222,37445038,21017022,41134893,42954398,158043824
United States,2008,62207072,202997180,38169815,21018616,41188456,43334291,159662889
United States,2009,62235750,204813148,39027464,20913782,41321968,43642452,161170696
United States,2010,62260546,206344352,40036493,20802247,41458299,43858780,162485572
United States,2011,62174432,207685896,41191045,20737641,41436791,44174835,163511061
United States,2012,61980690,208876587,42478146,20508408,41472282,44367297,164509290
United States,2013,61755723,209910430,43870523,20213888,41541835,44434686,165475744
United States,2014,61570949,210817851,45329979,19969079,41601870,44391412,166426439
United States,2015,61467543,211622891,46838728,19850654,41616889,44248884,167374007
United States,2016,61305081,212446170,48428354,19606548,41698533,44150870,168295300
United States,2017,61365366,213084087,50010010,19723906,41641460,43945219,169138868
United States,2018,61540884,213608491,51617373,20079973,41460911,43686268,169922223
United States,2019,61677002,214116953,53299155,20474442,41202560,43455503,170661450
United States,2020,61710411,214641581,55079542,20766253,40944158,43292164,171349417
United States,2021,62018299,214935383,56829514,21216737,40801562,43269235,171666148
United States,2022,62145543,215361054,58643114,21443873,40701670,43360121,172000933
United States,2023,62187993,215838258,60497463,21506817,40681176,43497845,172340413
United States,2024,62295099,216245986,62354260,21532464,40762635,43578772,172667214
United States,2025,62531874,216528926,64195046,21604986,40926888,43538243,172990683
United States,2026,62890447,216796291,65915015,21625659,41264788,43539085,173257206
United States,2027,63341250,217000330,67587961,21696738,41644512,43461392,173538938
United States,2028,63841148,217182708,69206403,21807592,42033556,43320270,173862438
United States,2029,64299004,217435781,70758880,21908624,42390380,43154698,174281083
United States,2030,64666041,217808588,72237041,21962310,42703731,42985959,174822629
United States,2031,65063439,218346411,73470096,21961387,43102052,42938064,175408347
United States,2032,65388853,219014040,74594122,21982470,43406383,42896471,176117569
United States,2033,65636619,219792630,75632361,22009074,43627545,42879533,176913097
United States,2034,65817983,220640451,76615356,22030885,43787098,42915577,177724874
United States,2035,65944138,221520460,77569274,22034060,43910078,43013448,178507012
United States,2036,66144104,222502454,78295086,22024105,44119999,43301303,179201151
United States,2037,66281444,223552566,78963140,22027987,44253457,43679799,179872767
United States,2038,66361888,224644248,79595793,22038528,44323360,44099478,180544770
United States,2039,66395300,225747072,80215844,22048620,44346680,44488972,181258100
United States,2040,66392084,226829955,80846713,22049535,44342549,44795426,182034529
United States,2041,66487703,227952266,81294979,22049975,44437728,45154186,182798080
United States,2042,66548980,229089774,81721174,22065793,44483187,45459321,183630453
United States,2043,66582909,230213447,82153986,22092902,44490007,45703538,184509909
United States,2044,66594989,231285516,82633867,22126047,44468942,45888329,185397187
United States,2045,66590449,232266246,83202158,22157417,44433032,46007641,186258605
United States,2046,66699804,233227745,83660113,22190438,44509366,46188907,187038838
United States,2047,66800348,234148951,84153565,22248393,44551955,46327781,187821170
United States,2048,66891369,235003219,84712576,22323097,44568272,46418324,188584895
United States,2049,66971025,235767326,85364374,22404491,44566534,46459863,189307463
United States,2050,67040749,236417003,86133911,22481529,44559220,46446821,189970182
United States,2051,67238512,237023204,86814018,22565239,44673273,46500015,190523189
United States,2052,67433595,237583107,87540562,22667768,44765827,46535034,191048073
United States,2053,67622606,238076034,88340767,22779050,44843556,46545301,191530733
United States,2054,67798290,238478079,89249185,22885678,44912612,46525828,191952251
United States,2055,67955245,238764922,90297864,22973977,44981268,46467692,192297230
United States,2056,68236328,239024990,91256506,23065051,45171277,46489151,192535839
United States,2057,68496809,239247799,92279645,23150996,45345813,46510885,192736914
United States,2058,68733349,239439480,93362774,23227693,45505656,46523823,192915657
United States,2059,68940859,239621458,94486813,23290884,45649975,46520345,193101113
United States,2060,69113828,239797533,95650864,23333112,45780716,46490289,193307244
United States,2061,69383093,240116074,96574261,23360622,46022471,46557323,193558751
United States,2062,69622314,240497939,97461038,23395135,46227179,46631256,193866683
United States,2063,69822045,240902591,98358315,23429007,46393038,46702695,194199896
United States,2064,69972490,241282518,99320080,23452463,46520027,46764852,194517666
United States,2065,70069420,241600613,100384475,23454551,46614869,46807852,194792761
United States,2066,70255883,242066968,101196529,23446520,46809363,46957617,195109351
United States,2067,70400588,242539676,102027025,23453207,46947381,47115863,195423813
United States,2068,70497912,242988029,102907693,23465086,47032826,47269142,195718887
United States,2069,70543714,243374882,103874546,23471068,47072646,47403158,195971724
United States,2070,70537332,243666516,104957783,23459263,47078069,47502043,196164473
United States,2071,70642196,244110306,105744319,23455168,47187028,47694953,196415353
United States,2072,70706638,244511669,106579643,23460831,47245807,47879844,196631825
United States,2073,70729908,244873724,107460756,23469944,47259964,48041332,196832392
United States,2074,70713762,245213993,108368460,23476793,47236969,48163463,197050530
United States,2075,70660596,245528986,109303989,23473841,47186755,48230279,197298707
United States,2076,70738018,246099960,109818294,23488422,47249596,48373818,197726142
United States,2077,70794274,246708632,110281238,23517847,47276427,48489931,198218701
United States,2078,70825675,247299576,110752371,23553942,47271733,48569568,198730008
United States,2079,70826098,247795802,111315486,23585905,47240193,48605552,199190250
United States,2080,70791079,248132475,112040891,23602682,47188397,48587587,199544888
United States,2081,70899143,248628557,112431856,23643190,47255953,48647083,199981474
United States,2082,70986437,249055167,112882608,23685128,47301309,48684515,200370652
United States,2083,71049299,249386642,113425298,23723597,47325702,48692098,200694544
United States,2084,71083230,249601862,114089002,23753748,47329482,48663880,200937982
United States,2085,71082722,249673087,114910012,23768577,47314145,48591014,201082073
United States,2086,71215577,249940029,115382039,23799609,47415968,48604924,201335105
United States,2087,71333087,250157123,115900683,23836657,47496430,48608858,201548265
United States,2088,71426766,250303505,116498594,23872726,47554040,48595743,201707762
United States,2089,71483931,250354777,117216588,23897998,47585933,48558775,201796002
United States,2090,71492678,250275375,118104894,23901502,47591176,48487219,201788156
United States,2091,71629102,250449327,118604610,23920768,47708334,48513604,201935723
United States,2092,71739842,250604056,119141608,23941457,47798385,48540516,202063540
United States,2093,71812647,250698280,119768394,23955738,47856909,48555738,202142542
United States,2094,71836868,250695482,120530680,23955701,47881167,48548484,202146998
United States,2095,71805106,250564264,121465780,23932926,47872180,48507580,202056684
United States,2096,71901567,250744004,121948768,23928099,47973468,48569770,202174234
United States,2097,71963674,250896404,122479409,23923647,48040027,48629313,202267091
United States,2098,71982796,250992547,123094393,23912737,48070059,48675108,202317439
United States,2099,71950156,251002598,123831678,23887453,48062703,48695950,202306648
United States,2100,71857154,250889246,124736756,23838645,48018509,48678605,202210641
United States Virgin Islands,1950,10478,14305,2014,3884,6594,3961,10344
United States Virgin Islands,1951,10634,14665,2075,3870,6764,4097,10568
United States Virgin Islands,1952,10967,15018,2137,4042,6925,4223,10795
United States Virgin Islands,1953,11355,15285,2182,4322,7033,4308,10977
United States Virgin Islands,1954,11677,15457,2215,4590,7087,4353,11104
United States Virgin Islands,1955,11853,15596,2233,4737,7116,4385,11211
United States Virgin Islands,1956,11946,15681,2229,4866,7080,4470,11211
United States Virgin Islands,1957,11932,15887,2236,4845,7087,4590,11297
United States Virgin Islands,1958,11952,16278,2261,4768,7184,4748,11530
United States Virgin Islands,1959,12227,16895,2317,4819,7408,4964,11931
United States Virgin Islands,1960,12970,17762,2403,5219,7751,5245,12517
United States Virgin Islands,1961,13977,19345,2394,5686,8291,6147,13198
United States Virgin Islands,1962,15398,21268,2405,6446,8952,7098,14170
United States Virgin Islands,1963,17132,23346,2423,7428,9704,8009,15337
United States Virgin Islands,1964,18854,25436,2436,8344,10510,8797,16639
United States Virgin Islands,1965,20273,27516,2444,8882,11391,9432,18084
United States Virgin Islands,1966,21130,29660,2465,9075,12055,10028,19632
United States Virgin Islands,1967,21637,31790,2492,8934,12703,10463,21327
United States Virgin Islands,1968,21939,34012,2527,8564,13375,10807,23205
United States Virgin Islands,1969,22349,36393,2579,8353,13996,11121,25272
United States Virgin Islands,1970,23167,38910,2649,8746,14421,11427,27483
United States Virgin Islands,1971,25249,40728,2787,9790,15459,11624,29104
United States Virgin Islands,1972,27870,42471,2933,11317,16553,11762,30709
United States Virgin Islands,1973,30869,44035,3079,13186,17683,11837,32198
United States Virgin Islands,1974,33716,45517,3244,14808,18908,11957,33560
United States Virgin Islands,1975,35878,47150,3442,15571,20307,12284,34866
United States Virgin Islands,1976,37517,48695,3636,15836,21681,12880,35815
United States Virgin Islands,1977,38100,50708,3879,15072,23028,13792,36916
United States Virgin Islands,1978,37659,53243,4173,13465,24194,14999,38244
United States Virgin Islands,1979,36610,56059,4497,11758,24852,16386,39673
United States Virgin Islands,1980,35430,58825,4825,10850,24580,17858,40967
United States Virgin Islands,1981,35013,60827,5032,11217,23796,18745,42082
United States Virgin Islands,1982,34924,62344,5206,11946,22978,19330,43014
United States Virgin Islands,1983,35206,63265,5350,13034,22172,19518,43747
United States Virgin Islands,1984,35489,63805,5477,13976,21513,19356,44449
United States Virgin Islands,1985,35360,64302,5618,14280,21080,19012,45290
United States Virgin Islands,1986,35253,64318,5719,14547,20706,18548,45770
United States Virgin Islands,1987,34332,64710,5848,13701,20631,18096,46614
United States Virgin Islands,1988,32782,65511,6016,12057,20725,17723,47788
United States Virgin Islands,1989,31135,66499,6222,10386,20749,17429,49070
United States Virgin Islands,1990,29861,67435,6460,9490,20371,17235,50200
United States Virgin Islands,1991,29048,68298,6743,9234,19814,17272,51026
United States Virgin Islands,1992,28863,68884,7047,9541,19322,17130,51754
United States Virgin Islands,1993,29200,69166,7357,10339,18861,16804,52362
United States Virgin Islands,1994,29580,69410,7656,11126,18454,16359,53051
United States Virgin Islands,1995,29623,69823,7946,11468,18155,15895,53928
United States Virgin Islands,1996,30148,69662,8121,11953,18195,15377,54285
United States Virgin Islands,1997,30053,69916,8342,11555,18498,14973,54943
United States Virgin Islands,1998,29467,70441,8648,10493,18974,14714,55727
United States Virgin Islands,1999,28749,70917,9015,9298,19451,14582,56335
United States Virgin Islands,2000,28136,71172,9414,8476,19660,14600,56572
United States Virgin Islands,2001,26985,71925,9780,7854,19131,15057,56868
United States Virgin Islands,2002,26058,72367,10132,7503,18555,15355,57012
United States Virgin Islands,2003,25365,72493,10494,7430,17935,15445,57048
United States Virgin Islands,2004,24769,72421,10896,7463,17306,15329,57092
United States Virgin Islands,2005,24160,72263,11370,7453,16707,15068,57195
United States Virgin Islands,2006,23689,71904,11879,7515,16174,14708,57196
United States Virgin Islands,2007,23220,71487,12434,7551,15669,14325,57162
United States Virgin Islands,2008,22759,71014,13025,7543,15216,13966,57048
United States Virgin Islands,2009,22363,70453,13653,7514,14849,13660,56793
United States Virgin Islands,2010,22061,69785,14303,7489,14572,13408,56377
United States Virgin Islands,2011,21917,68861,15065,7557,14360,13434,55427
United States Virgin Islands,2012,21748,67938,15871,7485,14263,13496,54442
United States Virgin Islands,2013,21593,67018,16700,7328,14265,13570,53448
United States Virgin Islands,2014,21477,66123,17510,7156,14321,13613,52510
United States Virgin Islands,2015,21413,65284,18280,7023,14390,13608,51676
United States Virgin Islands,2016,21236,64752,18925,6834,14402,13620,51132
United States Virgin Islands,2017,21119,64269,19513,6706,14413,13541,50728
United States Virgin Islands,2018,21027,63816,20071,6625,14402,13414,50402
United States Virgin Islands,2019,20904,63363,20642,6552,14352,13307,50056
United States Virgin Islands,2020,20721,62884,21253,6463,14258,13260,49624
United States Virgin Islands,2021,20499,62412,21825,6391,14108,13232,49180
United States Virgin Islands,2022,20233,61912,22418,6309,13924,13242,48670
United States Virgin Islands,2023,19937,61386,23007,6217,13720,13284,48102
United States Virgin Islands,2024,19637,60847,23580,6127,13510,13331,47516
United States Virgin Islands,2025,19350,60308,24123,6052,13298,13372,46936
United States Virgin Islands,2026,19083,59811,24575,6016,13067,13383,46428
United States Virgin Islands,2027,18825,59316,24984,5968,12857,13384,45932
United States Virgin Islands,2028,18586,58805,25360,5916,12670,13368,45437
United States Virgin Islands,2029,18358,58282,25718,5862,12496,13326,44956
United States Virgin Islands,2030,18140,57719,26064,5811,12329,13245,44474
United States Virgin Islands,2031,17938,57198,26335,5788,12150,13106,44092
United States Virgin Islands,2032,17754,56662,26580,5747,12007,12920,43742
United States Virgin Islands,2033,17577,56114,26797,5693,11884,12707,43407
United States Virgin Islands,2034,17416,55575,26974,5635,11781,12491,43084
United States Virgin Islands,2035,17253,55054,27107,5572,11681,12291,42763
United States Virgin Islands,2036,17080,54592,27161,5521,11559,12071,42521
United States Virgin Islands,2037,16916,54154,27162,5456,11460,11860,42294
United States Virgin Islands,2038,16756,53734,27118,5381,11375,11660,42074
United States Virgin Islands,2039,16594,53332,27045,5302,11292,11480,41852
United States Virgin Islands,2040,16424,52935,26948,5223,11201,11324,41611
United States Virgin Islands,2041,16232,52597,26805,5150,11082,11160,41437
United States Virgin Islands,2042,16042,52271,26624,5075,10967,11012,41259
United States Virgin Islands,2043,15853,51963,26414,4999,10854,10884,41079
United States Virgin Islands,2044,15660,51665,26188,4919,10741,10774,40891
United States Virgin Islands,2045,15452,51363,25953,4836,10616,10682,40681
United States Virgin Islands,2046,15227,51119,25674,4769,10458,10573,40546
United States Virgin Islands,2047,14999,50866,25383,4689,10310,10469,40397
United States Virgin Islands,2048,14771,50625,25080,4602,10169,10377,40248
United States Virgin Islands,2049,14539,50388,24765,4513,10026,10288,40100
United States Virgin Islands,2050,14313,50168,24431,4433,9880,10204,39964
United States Virgin Islands,2051,14071,50022,24043,4365,9706,10099,39923
United States Virgin Islands,2052,13841,49899,23621,4298,9543,9987,39912
United States Virgin Islands,2053,13624,49766,23204,4233,9391,9875,39891
United States Virgin Islands,2054,13410,49570,22852,4168,9242,9766,39804
United States Virgin Islands,2055,13201,49266,22600,4106,9095,9656,39610
United States Virgin Islands,2056,12989,48910,22419,4065,8924,9522,39388
United States Virgin Islands,2057,12781,48471,22320,4013,8768,9385,39086
United States Virgin Islands,2058,12584,47960,22288,3955,8629,9243,38717
United States Virgin Islands,2059,12397,47426,22292,3895,8502,9106,38320
United States Virgin Islands,2060,12218,46886,22295,3840,8378,8972,37914
United States Virgin Islands,2061,12032,46393,22267,3799,8233,8820,37573
United States Virgin Islands,2062,11858,45906,22233,3751,8107,8667,37239
United States Virgin Islands,2063,11694,45412,22205,3698,7996,8515,36897
United States Virgin Islands,2064,11540,44904,22193,3644,7896,8370,36534
United States Virgin Islands,2065,11386,44382,22208,3591,7795,8235,36147
United States Virgin Islands,2066,11225,43901,22192,3550,7675,8090,35811
United States Virgin Islands,2067,11071,43424,22187,3502,7569,7948,35476
United States Virgin Islands,2068,10920,42921,22196,3449,7471,7810,35111
United States Virgin Islands,2069,10774,42384,22256,3395,7379,7683,34701
United States Virgin Islands,2070,10627,41803,22362,3340,7287,7568,34235
United States Virgin Islands,2071,10473,41253,22453,3298,7175,7447,33806
United States Virgin Islands,2072,10325,40662,22580,3248,7077,7333,33329
United States Virgin Islands,2073,10178,40049,22738,3196,6982,7227,32822
United States Virgin Islands,2074,10030,39423,22912,3140,6890,7126,32297
United States Virgin Islands,2075,9885,38792,23086,3088,6797,7035,31757
United States Virgin Islands,2076,9735,38238,23192,3047,6688,6938,31300
United States Virgin Islands,2077,9585,37685,23297,2999,6586,6842,30843
United States Virgin Islands,2078,9438,37135,23391,2948,6490,6750,30385
United States Virgin Islands,2079,9293,36579,23490,2896,6397,6662,29917
United States Virgin Islands,2080,9148,36018,23582,2846,6302,6579,29439
United States Virgin Islands,2081,9003,35543,23583,2809,6194,6492,29051
United States Virgin Islands,2082,8863,35075,23577,2767,6096,6402,28673
United States Virgin Islands,2083,8724,34599,23576,2723,6001,6315,28284
United States Virgin Islands,2084,8584,34105,23576,2674,5910,6226,27879
United States Virgin Islands,2085,8449,33604,23579,2630,5819,6141,27463
United States Virgin Islands,2086,8310,33177,23505,2599,5711,6050,27127
United States Virgin Islands,2087,8178,32741,23431,2562,5616,5958,26783
United States Virgin Islands,2088,8054,32307,23346,2523,5531,5867,26440
United States Virgin Islands,2089,7931,31869,23256,2483,5448,5780,26089
United States Virgin Islands,2090,7814,31404,23187,2445,5369,5693,25711
United States Virgin Islands,2091,7697,31003,23043,2420,5277,5607,25396
United States Virgin Islands,2092,7586,30588,22899,2389,5197,5517,25071
United States Virgin Islands,2093,7476,30159,22769,2355,5121,5431,24728
United States Virgin Islands,2094,7370,29706,22663,2318,5052,5341,24365
United States Virgin Islands,2095,7262,29232,22578,2283,4979,5259,23973
United States Virgin Islands,2096,7155,28822,22422,2259,4896,5175,23647
United States Virgin Islands,2097,7057,28405,22277,2231,4826,5093,23312
United States Virgin Islands,2098,6960,27977,22141,2198,4762,5010,22967
United States Virgin Islands,2099,6865,27543,22014,2162,4703,4932,22611
United States Virgin Islands,2100,6769,27098,21901,2129,4640,4860,22238
Upper-middle-income countries,1950,332987837,581116376,42099443,132117208,200870629,178561187,402555189
Upper-middle-income countries,1951,346570933,590429366,43195044,143915281,202655652,181584882,408844484
Upper-middle-income countries,1952,359660425,598322494,43893556,154973368,204687057,183999311,414323183
Upper-middle-income countries,1953,371382331,606326463,44344881,163345346,208036985,186129154,420197309
Upper-middle-income countries,1954,381653480,615083669,44665022,168196850,213456630,188031253,427052416
Upper-middle-income countries,1955,391153363,624425013,44887074,170443864,220709499,189615310,434809703
Upper-middle-income countries,1956,404686057,629322056,45642867,175123173,229562884,189668169,439653887
Upper-middle-income countries,1957,416457754,636407835,46369015,174985831,241471923,190017726,446390109
Upper-middle-income countries,1958,427870298,644559685,46944530,172646906,255223392,190508105,454051580
Upper-middle-income countries,1959,439873465,653002161,47258801,170816251,269057214,191166389,461835772
Upper-middle-income countries,1960,452612243,661649690,47291006,171256370,281355873,192195691,469453999
Upper-middle-income countries,1961,463054617,672067825,48595271,169058190,293996427,194208457,477859368
Upper-middle-income countries,1962,476117739,681179804,49532855,172628175,303489564,196036623,485143181
Upper-middle-income countries,1963,490263626,690716013,50254396,180221632,310041994,198681527,492034486
Upper-middle-income countries,1964,503395915,702986677,50952261,188714654,314681261,203558215,499428462
Upper-middle-income countries,1965,514766949,718898597,51704833,196036109,318730840,211342207,507556390
Upper-middle-income countries,1966,528355456,733362663,53755732,205867394,322488062,220298680,513063983
Upper-middle-income countries,1967,539318284,752141571,55966440,212061031,327257253,232362620,519778951
Upper-middle-income countries,1968,548728801,773664497,58264473,215372497,333356304,246194750,527469747
Upper-middle-income countries,1969,558316469,795523380,60535127,217460792,340855677,259663916,535859464
Upper-middle-income countries,1970,568758609,816460586,62735073,219642553,349116056,271477176,544983410
Upper-middle-income countries,1971,580288883,835664386,65305315,221824331,358464552,281560165,554104221
Upper-middle-income countries,1972,591648782,854837449,67815706,222320401,369328381,290369059,564468390
Upper-middle-income countries,1973,602463109,874045808,70295848,221641250,380821859,297983026,576062782
Upper-middle-income countries,1974,611658398,894006386,72818169,219882718,391775680,304860332,589146054
Upper-middle-income countries,1975,618493056,915246475,75427705,217209801,401283255,311373086,603873389
Upper-middle-income countries,1976,623084171,937153083,78476255,212975605,410108566,317461968,619691115
Upper-middle-income countries,1977,625540564,960122729,81568504,208443614,417096950,322786778,637335951
Upper-middle-income countries,1978,626132324,984374887,84636755,204072808,422059516,328099678,656275209
Upper-middle-income countries,1979,625565073,1009932058,87554068,200634300,424930773,334436187,675495871
Upper-middle-income countries,1980,624490674,1036675615,90259085,198634697,425855977,342361720,694313895
Upper-middle-income countries,1981,622168958,1064877285,93178755,196273820,425895138,352027130,712850155
Upper-middle-income countries,1982,620397912,1093210526,95791560,197100364,423297548,362872352,730338174
Upper-middle-income countries,1983,619150012,1121987713,98244291,200348295,418801717,374314282,747673431
Upper-middle-income countries,1984,618553749,1151430618,100711842,205052406,413501343,385311713,766118905
Upper-middle-income countries,1985,618973956,1181348622,103292167,210561598,408412358,395067051,786281571
Upper-middle-income countries,1986,623073411,1209126073,106203855,218943053,404130358,402881709,806244364
Upper-middle-income countries,1987,628217476,1237350676,109114927,226999018,401218458,409656685,827693991
Upper-middle-income countries,1988,633957438,1265221278,112097999,233910828,400046610,414938661,850282617
Upper-middle-income countries,1989,639190404,1292108206,115278574,238289164,400901240,418307521,873800685
Upper-middle-income countries,1990,642873625,1317795075,118745764,239326425,403547200,419624079,898170996
Upper-middle-income countries,1991,649121145,1337842495,122410826,241438458,407682687,417811553,920030942
Upper-middle-income countries,1992,650813381,1359456637,126463440,235477151,415336230,414804420,944652217
Upper-middle-income countries,1993,649650726,1381526522,130693735,224293194,425357532,410798175,970728347
Upper-middle-income countries,1994,647996651,1402677042,134783848,212300660,435695991,406296288,996380754
Upper-middle-income countries,1995,646828295,1422591261,138597786,202625399,444202896,401951550,1020639711
Upper-middle-income countries,1996,639285904,1447185433,143149750,187699887,451586017,399307756,1047877677
Upper-middle-income countries,1997,634856954,1468228880,147092638,180447762,454409192,396019914,1072208966
Upper-middle-income countries,1998,631110975,1488042675,150731876,178715021,452395954,393501107,1094541568
Upper-middle-income countries,1999,624611717,1509847238,154498100,178424537,446187180,393539899,1116307339
Upper-middle-income countries,2000,614100179,1534894964,158582919,176717561,437382618,396919199,1137975765
Upper-middle-income countries,2001,603743173,1558811556,163324619,177314106,426429067,402828729,1155982827
Upper-middle-income countries,2002,589841591,1585781926,168329020,176404416,413437175,412015283,1173766643
Upper-middle-income countries,2003,573942675,1614581000,173365628,174270557,399672118,422831840,1191749160
Upper-middle-income countries,2004,559003075,1642759144,178001098,172386783,386616292,432556024,1210203120
Upper-middle-income countries,2005,546746080,1668847079,182050466,171841925,374904155,439403152,1229443927
Upper-middle-income countries,2006,538303190,1691245659,185989242,173371470,364931720,443247097,1247998562
Upper-middle-income countries,2007,531560917,1712389035,189551392,174203269,357357648,444757466,1267631569
Upper-middle-income countries,2008,526841067,1731800697,193048471,174887181,351953886,443649099,1288151598
Upper-middle-income countries,2009,523887296,1749496049,196910202,175768564,348118732,439792884,1309703165
Upper-middle-income countries,2010,522451880,1765547186,201412057,177172124,345279756,433219153,1332328033
Upper-middle-income countries,2011,522510949,1779873005,206721100,178711797,343799152,423996487,1355876518
Upper-middle-income countries,2012,524363112,1792566520,212309437,180717831,343645281,411732388,1380834132
Upper-middle-income countries,2013,527405628,1803546116,218510103,182874631,344530997,397834783,1405711333
Upper-middle-income countries,2014,530613390,1812841231,225838855,184515245,346098145,384483400,1428357831
Upper-middle-income countries,2015,533256523,1820494546,234611911,185151935,348104588,373116155,1447378391
Upper-middle-income countries,2016,536179145,1825383432,244983008,185631369,350547776,363570695,1461812737
Upper-middle-income countries,2017,537897679,1829215917,256742325,184524441,353373238,356212245,1473003672
Upper-middle-income countries,2018,538605581,1832378014,269251224,182247549,356358032,350814999,1481563015
Upper-middle-income countries,2019,538783769,1835373751,281503078,179573321,359210448,346777966,1488595785
Upper-middle-income countries,2020,538606830,1838564174,292951019,177010109,361596721,343727290,1494836884
Upper-middle-income countries,2021,536943934,1842582328,304035892,173328956,363614978,342139155,1500443173
Upper-middle-income countries,2022,535267934,1846504435,314190054,170745455,364522479,341688703,1504815732
Upper-middle-income countries,2023,533143869,1850246376,324018352,168918148,364225721,342238834,1508007542
Upper-middle-income countries,2024,530016863,1853613055,334400274,167214284,362802579,343578293,1510034762
Upper-middle-income countries,2025,525713227,1856350335,345865660,165181436,360531791,345486548,1510863787
Upper-middle-income countries,2026,521156219,1857975486,358004839,163370672,357785547,347986844,1509988642
Upper-middle-income countries,2027,515641547,1859244994,370761189,161455535,354186012,350868563,1508376431
Upper-middle-income countries,2028,509418890,1859861474,384208736,159447645,349971245,353829104,1506032370
Upper-middle-income countries,2029,503005519,1859307021,398369370,157548573,345456946,356456631,1502850390
Upper-middle-income countries,2030,496740624,1857255921,413250779,155905031,340835593,358456997,1498798924
Upper-middle-income countries,2031,491196152,1853675122,428338868,154777496,336418656,359993790,1493681332
Upper-middle-income countries,2032,485779662,1848951476,443863450,153673387,332106275,360816248,1488135228
Upper-middle-income countries,2033,480597628,1843206046,459614796,152656236,327941392,360823894,1482382152
Upper-middle-income countries,2034,475683558,1836742053,475271684,151761371,323922187,359934857,1476807196
Upper-middle-income countries,2035,471065983,1829757147,490622645,151036875,320029108,358115395,1471641752
Upper-middle-income countries,2036,467338360,1822406490,504931544,150724739,316613621,355573879,1466832611
Upper-middle-income countries,2037,463972765,1814669168,518761615,150438744,313534021,352061583,1462607585
Upper-middle-income countries,2038,460968824,1806753456,531922650,150189938,310778886,347838681,1458914775
Upper-middle-income countries,2039,458281355,1799057725,544079792,149977130,308304225,343310069,1455747656
Upper-middle-income countries,2040,455868944,1791802369,555067546,149808581,306060363,338761864,1453040505
Upper-middle-income countries,2041,454235909,1785178276,564201631,149910014,304325895,334420201,1450758075
Upper-middle-income countries,2042,452828661,1779175462,572046492,149916001,302912660,330123748,1449051714
Upper-middle-income countries,2043,451609019,1773320705,579102947,149831777,301777242,325940975,1447379730
Upper-middle-income countries,2044,450504998,1766973120,586066581,149652707,300852291,321916899,1445056221
Upper-middle-income countries,2045,449437713,1759696628,593439485,149375797,300061916,318093268,1441603360
Upper-middle-income countries,2046,448766022,1751762008,600595399,149158678,299607344,314704090,1437057918
Upper-middle-income countries,2047,448053303,1743517811,607627818,148761789,299291514,311626635,1431891176
Upper-middle-income countries,2048,447259165,1734442453,615090533,148209219,299049946,308870928,1425571525
Upper-middle-income countries,2049,446323498,1723757549,623811480,147523081,298800417,306418558,1417338991
Upper-middle-income countries,2050,445172049,1711018870,634304856,146710729,298461320,304247322,1406771548
Upper-middle-income countries,2051,444034448,1696694895,645879015,145805364,298229084,302563548,1394131347
Upper-middle-income countries,2052,442701136,1680720484,658822272,144849712,297851424,301178332,1379542152
Upper-middle-income countries,2053,441108938,1664041704,672265009,143835501,297273437,300050992,1363990712
Upper-middle-income countries,2054,439219262,1648186921,684734362,142754225,296465037,299130558,1349056363
Upper-middle-income countries,2055,437020993,1634114877,695302318,141597985,295423008,298374444,1335740433
Upper-middle-income countries,2056,434775219,1622053244,703495398,140415498,294359721,297951261,1324101983
Upper-middle-income countries,2057,432316966,1611908439,709595042,139280728,293036238,297663190,1314245249
Upper-middle-income countries,2058,429647402,1603368436,713949513,138182769,291464633,297449559,1305918877
Upper-middle-income countries,2059,426794869,1595863747,717144337,137117341,289677528,297220122,1298643625
Upper-middle-income countries,2060,423785625,1588952142,719635211,136078319,287707306,296895285,1292056857
Upper-middle-income countries,2061,420947803,1583038161,720713676,135175195,285772608,296624205,1286413956
Upper-middle-income countries,2062,418078726,1578135387,720590470,134358163,283720563,296247084,1281888303
Upper-middle-income countries,2063,415186462,1573836811,719697749,133609781,281576681,295716252,1278120559
Upper-middle-income countries,2064,412286518,1569605101,718592248,132912226,279374292,294973609,1274631492
Upper-middle-income countries,2065,409389762,1565000315,717732951,132255776,277133986,293971235,1271029080
Upper-middle-income countries,2066,406953098,1560471166,716237355,131849156,275103942,292895265,1267575901
Upper-middle-income countries,2067,404593437,1555852024,714669926,131426105,273167332,291589663,1264262361
Upper-middle-income countries,2068,402321324,1550911298,713263654,130997285,271324039,290057080,1260854218
Upper-middle-income countries,2069,400141262,1545424776,712245667,130581556,269559706,288312908,1257111868
Upper-middle-income countries,2070,398039041,1539187451,711843133,130195198,267843843,286368964,1252818487
Upper-middle-income countries,2071,396468984,1533037108,710778645,130013857,266455127,284486191,1248550917
Upper-middle-income countries,2072,395023175,1526490862,709955573,129806373,265216802,282459712,1244031150
Upper-middle-income countries,2073,393656622,1519318255,709651129,129566131,264090491,280317975,1239000280
Upper-middle-income countries,2074,392311728,1511343595,710096649,129279336,263032392,278117023,1233226572
Upper-middle-income countries,2075,390945993,1502501185,711401720,128941437,262004556,275905209,1226595976
Upper-middle-income countries,2076,389984062,1493694281,712245177,128722411,261261651,273938504,1219755777
Upper-middle-income countries,2077,389014399,1484408446,713565614,128412633,260601766,272019869,1212388577
Upper-middle-income countries,2078,388010636,1474776022,715271306,128021711,259988925,270167253,1204608769
Upper-middle-income countries,2079,386942033,1465042979,717164171,127562334,259379699,268398159,1196644820
Upper-middle-income countries,2080,385764558,1455332785,719179378,127038791,258725767,266718159,1188614626
Upper-middle-income countries,2081,384723943,1446207970,720516376,126519256,258204687,265315611,1180892359
Upper-middle-income countries,2082,383639828,1437559542,721470827,125973761,257666067,264063942,1173495600
Upper-middle-income countries,2083,382486923,1429376354,722091421,125401035,257085888,262956255,1166420099
Upper-middle-income countries,2084,381201074,1421480803,722632450,124782529,256418545,261947874,1159532929
Upper-middle-income countries,2085,379689686,1413557693,723511361,124087839,255601847,260970127,1152587566
Upper-middle-income countries,2086,378326996,1406648718,723315494,123431068,254895928,260275510,1146373208
Upper-middle-income countries,2087,376874139,1400306227,722732071,122774858,254099281,259678291,1140627936
Upper-middle-income countries,2088,375249068,1394155746,722221276,122091946,253157122,259100861,1135054885
Upper-middle-income countries,2089,373418146,1387926122,722090611,121370313,252047833,258477276,1129448846
Upper-middle-income countries,2090,371390044,1381518468,722429719,120610221,250779823,257776138,1123742330
Upper-middle-income countries,2091,369700562,1376489583,721140906,119984531,249716031,257342544,1119147039
Upper-middle-income countries,2092,367909648,1371595724,719899006,119366730,248542918,256854512,1114741212
Upper-middle-income countries,2093,366009780,1366689236,718846984,118749881,247259899,256280944,1110408292
Upper-middle-income countries,2094,363997398,1361599337,718144328,118125621,245871777,255584118,1106015219
Upper-middle-income countries,2095,361867026,1356171609,717934502,117485065,244381961,254733297,1101438312
Upper-middle-income countries,2096,360208787,1352015349,716000391,117042742,243166045,254087486,1097927863
Upper-middle-income countries,2097,358485326,1347687149,714303523,116584663,241900663,253295436,1094391713
Upper-middle-income countries,2098,356690199,1343030837,712986166,116107746,240582453,252345797,1090685040
Upper-middle-income countries,2099,354844046,1337947481,712105088,115626047,239217999,251243249,1086704232
Upper-middle-income countries,2100,352975313,1332356302,711689634,115167086,237808227,249991812,1082364490
Uruguay,1950,623989,1430202,184316,219749,404240,394751,1035451
Uruguay,1951,627638,1447128,186576,221664,405974,396596,1050532
Uruguay,1952,631137,1466373,188755,221944,409193,398179,1068194
Uruguay,1953,636658,1485884,190671,223315,413343,399123,1086761
Uruguay,1954,644516,1505192,192334,226373,418143,399592,1105600
Uruguay,1955,654084,1524624,193860,230765,423319,399923,1124701
Uruguay,1956,662804,1544726,196969,233535,429269,401061,1143665
Uruguay,1957,673646,1564111,199742,238570,435076,401754,1162357
Uruguay,1958,685293,1583551,202309,244569,440724,402409,1181142
Uruguay,1959,696643,1603599,204773,250444,446199,403478,1200121
Uruguay,1960,707265,1624225,207161,255564,451701,405188,1219037
Uruguay,1961,719194,1641318,211178,261867,457327,407076,1234242
Uruguay,1962,729781,1659102,215004,266466,463315,409919,1249183
Uruguay,1963,739254,1677142,218733,269467,469787,413481,1263661
Uruguay,1964,748040,1694887,222463,271243,476797,417370,1277517
Uruguay,1965,756150,1712099,226288,272074,484076,421362,1290737
Uruguay,1966,764528,1726704,231645,272666,491862,424617,1302087
Uruguay,1967,771576,1741479,237038,271495,500081,428283,1313196
Uruguay,1968,777201,1755360,242213,269355,507846,432113,1323247
Uruguay,1969,781322,1766969,246755,267342,513980,435749,1331220
Uruguay,1970,783696,1775637,250470,265979,517717,439006,1336631
Uruguay,1971,783415,1778759,256096,263404,520011,438325,1340434
Uruguay,1972,784101,1776890,260448,264893,519208,436992,1339898
Uruguay,1973,784713,1773090,264278,268726,515987,436214,1336876
Uruguay,1974,784326,1771129,268614,272608,511718,437344,1333785
Uruguay,1975,783203,1772958,274011,275519,507684,441060,1331898
Uruguay,1976,784953,1776761,279715,282695,502258,446353,1330408
Uruguay,1977,784376,1786105,286624,284535,499841,453040,1333065
Uruguay,1978,783083,1798830,294053,282668,500415,459892,1338938
Uruguay,1979,783138,1811932,300953,279605,503533,465181,1346751
Uruguay,1980,785284,1823742,306752,277299,507985,468130,1355612
Uruguay,1981,788413,1834042,312581,274145,514268,470164,1363878
Uruguay,1982,792576,1844287,317419,270352,522224,470115,1374172
Uruguay,1983,797568,1854257,321638,266970,530598,468680,1385577
Uruguay,1984,802746,1864044,325855,264611,538135,467086,1396958
Uruguay,1985,807633,1873820,330455,263224,544409,466353,1407467
Uruguay,1986,806737,1887378,336923,257958,548779,469215,1418163
Uruguay,1987,807976,1899000,342990,258579,549397,472264,1426736
Uruguay,1988,809667,1910450,348982,262804,546863,476221,1434229
Uruguay,1989,810148,1923601,355235,267687,542461,481778,1441823
Uruguay,1990,809071,1939033,361885,271351,537720,489093,1449940
Uruguay,1991,810772,1951474,369804,278297,532475,497014,1454460
Uruguay,1992,809778,1967103,377974,281528,528250,506832,1460271
Uruguay,1993,807545,1984434,386176,281933,525612,517167,1467267
Uruguay,1994,806195,2001360,394052,281313,524882,525874,1475486
Uruguay,1995,806562,2016819,401423,280988,525574,531648,1485171
Uruguay,1996,808627,2029540,409868,280757,527870,534327,1495213
Uruguay,1997,811475,2041740,417795,279350,532125,534482,1507258
Uruguay,1998,814495,2052819,424824,277235,537260,532514,1520305
Uruguay,1999,816264,2062555,430499,274484,541780,529273,1533282
Uruguay,2000,815759,2070861,434625,271076,544683,525382,1545479
Uruguay,2001,812268,2074959,439876,266087,546181,517988,1556971
Uruguay,2002,808012,2076482,443279,262511,545501,510113,1566369
Uruguay,2003,802784,2077290,445563,259864,542920,503142,1574148
Uruguay,2004,796836,2079615,447645,257609,539227,498595,1581020
Uruguay,2005,790750,2084742,450120,255433,535317,497172,1587570
Uruguay,2006,784447,2092675,453921,253600,530847,497958,1594717
Uruguay,2007,778001,2103815,457925,251800,526201,501440,1602375
Uruguay,2008,771532,2117206,462086,250041,521491,506690,1610516
Uruguay,2009,765299,2131156,466300,248455,516844,512022,1619134
Uruguay,2010,759382,2144437,470596,247111,512271,516235,1628202
Uruguay,2011,754029,2156178,475417,246171,507858,518889,1637289
Uruguay,2012,748780,2167788,480209,244844,503936,520439,1647349
Uruguay,2013,743773,2179148,485084,243342,500431,520969,1658179
Uruguay,2014,739106,2190338,490102,241908,497198,520668,1669670
Uruguay,2015,734865,2201356,495331,240760,494105,519628,1681728
Uruguay,2016,731154,2211820,501032,239689,491465,517627,1694193
Uruguay,2017,727963,2222198,506589,238832,489131,514547,1707651
Uruguay,2018,725115,2232198,512238,238142,486973,510788,1721410
Uruguay,2019,722315,2241483,518358,237467,484848,506909,1734574
Uruguay,2020,719379,2249725,525283,236694,482685,503239,1746486
Uruguay,2021,716825,2256097,533216,236056,480769,499513,1756584
Uruguay,2022,714175,2261838,541407,235254,478921,496076,1765762
Uruguay,2023,711403,2266986,549885,234300,477103,492953,1774033
Uruguay,2024,708531,2271600,558625,233248,475283,490061,1781539
Uruguay,2025,705568,2275695,567675,232135,473433,487313,1788382
Uruguay,2026,702940,2278883,576979,231091,471849,484614,1794269
Uruguay,2027,700237,2281831,586222,229953,470284,482195,1799636
Uruguay,2028,697376,2284672,595334,228724,468652,480034,1804638
Uruguay,2029,694268,2287662,604131,227385,466883,478035,1809627
Uruguay,2030,690851,2290862,612586,225920,464931,476098,1814764
Uruguay,2031,687656,2294241,620177,224490,463166,474122,1820119
Uruguay,2032,684241,2298160,627005,222974,461267,472218,1825942
Uruguay,2033,680545,2302014,633709,221380,459165,470409,1831605
Uruguay,2034,676568,2304973,641109,219733,456835,468693,1836280
Uruguay,2035,672318,2306515,649731,218047,454271,467037,1839478
Uruguay,2036,668319,2307070,658601,216440,451879,465357,1841713
Uruguay,2037,664180,2306648,668113,214885,449295,463704,1842944
Uruguay,2038,659854,2305261,678294,213365,446489,462081,1843180
Uruguay,2039,655335,2302941,689137,211857,443478,460440,1842501
Uruguay,2040,650634,2299679,700649,210344,440290,458702,1840977
Uruguay,2041,646390,2295845,711826,209046,437344,456801,1839044
Uruguay,2042,642082,2291250,723389,207760,434322,454805,1836445
Uruguay,2043,637701,2286283,734947,206480,431221,452730,1833553
Uruguay,2044,633250,2281542,745914,205202,428048,450548,1830994
Uruguay,2045,628732,2277274,756030,203924,424808,448198,1829076
Uruguay,2046,624839,2274049,764047,202906,421933,445646,1828403
Uruguay,2047,620965,2271633,770822,201837,419128,442959,1828674
Uruguay,2048,617075,2269316,777093,200722,416353,440173,1829143
Uruguay,2049,613146,2266108,783893,199572,413574,437314,1828794
Uruguay,2050,609166,2261359,791912,198398,410768,434360,1826999
Uruguay,2051,605769,2256060,799517,197408,408361,431330,1824730
Uruguay,2052,602394,2249813,807673,196360,406034,428247,1821566
Uruguay,2053,598998,2242523,816525,195262,403736,425182,1817341
Uruguay,2054,595521,2234063,826230,194120,401401,422158,1811905
Uruguay,2055,591923,2224286,836993,192936,398987,419156,1805130
Uruguay,2056,588822,2214397,846979,191881,396941,416255,1798142
Uruguay,2057,585706,2203664,857435,190816,394890,413435,1790229
Uruguay,2058,582504,2192222,868292,189727,392777,410711,1781511
Uruguay,2059,579146,2180329,879382,188590,390556,408072,1772257
Uruguay,2060,575582,2168059,890642,187384,388198,405468,1762591
Uruguay,2061,572575,2157118,899635,186349,386226,403064,1754054
Uruguay,2062,569480,2146340,908166,185281,384199,400747,1745593
Uruguay,2063,566224,2135486,916541,184161,382063,398495,1736991
Uruguay,2064,562779,2124357,925003,182991,379788,396269,1728088
Uruguay,2065,559147,2112838,933666,181771,377376,394018,1718820
Uruguay,2066,556080,2102768,939939,180732,375348,391924,1710844
Uruguay,2067,552936,2092833,945803,179670,373266,389840,1702993
Uruguay,2068,549679,2082873,951439,178582,371097,387774,1695099
Uruguay,2069,546278,2072620,957174,177460,368818,385698,1686922
Uruguay,2070,542689,2061759,963375,176289,366400,383545,1678214
Uruguay,2071,539654,2052124,967468,175303,364351,381509,1670615
Uruguay,2072,536574,2042455,971332,174299,362275,379448,1663007
Uruguay,2073,533407,2032593,975175,173276,360131,377373,1655220
Uruguay,2074,530114,2022306,979297,172234,357880,375261,1647045
Uruguay,2075,526647,2011288,984063,171160,355487,373039,1638249
Uruguay,2076,523852,2001937,986232,170310,353542,371018,1630919
Uruguay,2077,521055,1992471,988287,169479,351576,368959,1623512
Uruguay,2078,518147,1982522,990715,168631,349516,366843,1615679
Uruguay,2079,515070,1971894,993783,167732,347338,364651,1607243
Uruguay,2080,511825,1960521,997569,166771,345054,362366,1598155
Uruguay,2081,509306,1950830,998783,166062,343244,360308,1590522
Uruguay,2082,506717,1940897,1000135,165282,341435,358212,1582685
Uruguay,2083,504041,1930658,1001717,164439,339602,356107,1574551
Uruguay,2084,501251,1919935,1003706,163541,337710,353971,1565964
Uruguay,2085,498293,1908456,1006416,162581,335712,351751,1556705
Uruguay,2086,495932,1898507,1006814,161798,334134,349742,1548765
Uruguay,2087,493530,1888453,1007179,160975,332555,347731,1540722
Uruguay,2088,491046,1878142,1007760,160117,330929,345725,1532417
Uruguay,2089,488415,1867358,1008866,159220,329195,343703,1523655
Uruguay,2090,485585,1855846,1010873,158278,327307,341611,1514235
Uruguay,2091,483332,1846172,1010426,157505,325827,339809,1506363
Uruguay,2092,481075,1836508,1009977,156772,324303,338035,1498473
Uruguay,2093,478716,1826556,1009899,156036,322680,336261,1490295
Uruguay,2094,476161,1816099,1010528,155251,320910,334453,1481646
Uruguay,2095,473354,1804943,1012108,154373,318981,332558,1472385
Uruguay,2096,471235,1795863,1010945,153737,317498,330984,1464879
Uruguay,2097,469002,1786737,1009964,153021,315981,329410,1457327
Uruguay,2098,466600,1777396,1009429,152202,314398,327820,1449576
Uruguay,2099,464019,1767694,1009541,151291,312728,326179,1441515
Uruguay,2100,461275,1757445,1010500,150334,310941,324436,1433009
Uzbekistan,1950,1937516,3955982,370558,692560,1244956,1344541,2611441
Uzbekistan,1951,2024035,4064282,387843,795631,1228404,1375678,2688604
Uzbekistan,1952,2118568,4157111,403310,907366,1211202,1391796,2765315
Uzbekistan,1953,2217311,4244677,417775,1012260,1205051,1398006,2846671
Uzbekistan,1954,2323754,4329364,431260,1103524,1220230,1397467,2931897
Uzbekistan,1955,2444613,4409059,443624,1184726,1259887,1391233,3017826
Uzbekistan,1956,2616006,4451006,454574,1293655,1322351,1371172,3079834
Uzbekistan,1957,2789149,4504280,465499,1366256,1422893,1352884,3151396
Uzbekistan,1958,2973440,4559409,476921,1417872,1555568,1333644,3225765
Uzbekistan,1959,3174287,4609284,489985,1465644,1708643,1311332,3297952
Uzbekistan,1960,3391285,4652845,505363,1523070,1868215,1286785,3366060
Uzbekistan,1961,3598226,4712126,526997,1565639,2032587,1270423,3441703
Uzbekistan,1962,3825924,4764123,548050,1630776,2195148,1249556,3514567
Uzbekistan,1963,4063741,4821966,568543,1710828,2352913,1234523,3587443
Uzbekistan,1964,4295736,4903970,589280,1787922,2507814,1241556,3662414
Uzbekistan,1965,4513960,5018849,610931,1848384,2665576,1280575,3738274
Uzbekistan,1966,4738634,5149848,632397,1902461,2836173,1349089,3800759
Uzbekistan,1967,4945163,5316511,655772,1932202,3012961,1450531,3865980
Uzbekistan,1968,5134855,5508981,679259,1944231,3190624,1578248,3930733
Uzbekistan,1969,5311201,5712580,700065,1953244,3357957,1720556,3992024
Uzbekistan,1970,5471978,5920796,717254,1968381,3503597,1870431,4050365
Uzbekistan,1971,5592517,6143933,740608,1971652,3620865,2044089,4099844
Uzbekistan,1972,5705474,6365917,757234,2003220,3702254,2223393,4142524
Uzbekistan,1973,5810126,6594331,769133,2053946,3756180,2405360,4188971
Uzbekistan,1974,5903964,6841753,779377,2108797,3795167,2587733,4254020
Uzbekistan,1975,5988753,7114282,789603,2159681,3829072,2767438,4346844
Uzbekistan,1976,6098225,7381071,799824,2236862,3861363,2932606,4448465
Uzbekistan,1977,6192644,7678190,810625,2292684,3899960,3093011,4585179
Uzbekistan,1978,6281371,7994851,819790,2335472,3945899,3241985,4752866
Uzbekistan,1979,6379074,8313737,824051,2380044,3999030,3371985,4941752
Uzbekistan,1980,6493017,8624420,822307,2436559,4056458,3480414,5144006
Uzbekistan,1981,6625149,8913845,824568,2499874,4125275,3570086,5343759
Uzbekistan,1982,6778649,9189772,821648,2573710,4204939,3638397,5551375
Uzbekistan,1983,6949375,9455465,816372,2655821,4293554,3688361,5767104
Uzbekistan,1984,7127385,9720218,812372,2740326,4387059,3726432,5993786
Uzbekistan,1985,7306472,9990125,811703,2824200,4482272,3757980,6232145
Uzbekistan,1986,7515683,10237826,811968,2923616,4592067,3775429,6462397
Uzbekistan,1987,7722300,10494404,813173,3012580,4709720,3790526,6703878
Uzbekistan,1988,7925505,10758728,816992,3090331,4835174,3810261,6948467
Uzbekistan,1989,8125853,11027344,825930,3157642,4968211,3842756,7184588
Uzbekistan,1990,8322403,11298762,841298,3216955,5105448,3893191,7405571
Uzbekistan,1991,8534174,11544677,872540,3285716,5248458,3950079,7594598
Uzbekistan,1992,8731747,11801678,910028,3324372,5407375,4027061,7774617
Uzbekistan,1993,8912322,12069512,949856,3336974,5575348,4119134,7950378
Uzbekistan,1994,9068532,12351918,986708,3325603,5742929,4219634,8132284
Uzbekistan,1995,9191961,12653464,1017839,3292204,5899757,4325717,8327747
Uzbekistan,1996,9279521,12969326,1050064,3237549,6041972,4434945,8534381
Uzbekistan,1997,9327934,13311119,1076437,3155702,6172232,4549733,8761386
Uzbekistan,1998,9338427,13674561,1099422,3056508,6281919,4671988,9002573
Uzbekistan,1999,9314619,14052376,1122774,2953424,6361195,4804838,9247538
Uzbekistan,2000,9259744,14440568,1148608,2856078,6403666,4949919,9490649
Uzbekistan,2001,9154116,14853118,1181293,2735603,6418513,5107671,9745447
Uzbekistan,2002,9033901,15264250,1213725,2650155,6383746,5269239,9995011
Uzbekistan,2003,8902218,15684560,1243881,2596857,6305361,5433525,10251035
Uzbekistan,2004,8767694,16124639,1267993,2572802,6194892,5596874,10527765
Uzbekistan,2005,8642012,16586394,1283778,2575916,6066096,5754590,10831804
Uzbekistan,2006,8532112,17061778,1296373,2606168,5925944,5907678,11154100
Uzbekistan,2007,8448160,17542167,1302048,2675901,5772259,6047758,11494409
Uzbekistan,2008,8389235,18024621,1301969,2769985,5619250,6167260,11857361
Uzbekistan,2009,8351587,18506198,1297521,2867204,5484383,6255936,12250262
Uzbekistan,2010,8333600,18982453,1290241,2954505,5379095,6307043,12675410
Uzbekistan,2011,8389425,19394327,1284472,3090174,5299251,6303198,13091129
Uzbekistan,2012,8438744,19824167,1277908,3158981,5279763,6272029,13552138
Uzbekistan,2013,8496744,20247316,1275674,3180812,5315932,6210941,14036375
Uzbekistan,2014,8579873,20634676,1285069,3186118,5393755,6119721,14514955
Uzbekistan,2015,8690218,20975047,1310756,3197185,5493033,6003032,14972015
Uzbekistan,2016,8798311,21286794,1361690,3184240,5614071,5872650,15414144
Uzbekistan,2017,8930035,21554552,1426054,3180209,5749826,5718136,15836416
Uzbekistan,2018,9068886,21794789,1501321,3181751,5887135,5559245,16235544
Uzbekistan,2019,9187638,22035260,1584470,3175495,6012143,5424729,16610531
Uzbekistan,2020,9270427,22291162,1674236,3151598,6118829,5332642,16958520
Uzbekistan,2021,9320473,22550221,1778262,3108679,6211794,5284380,17265841
Uzbekistan,2022,9338989,22821499,1885712,3063594,6275395,5277205,17544294
Uzbekistan,2023,9325936,23104367,1997429,3014899,6311037,5308115,17796252
Uzbekistan,2024,9288650,23390799,2114835,2964893,6323757,5368496,18022303
Uzbekistan,2025,9232739,23675020,2238858,2914358,6318381,5451214,18223806
Uzbekistan,2026,9160965,23950458,2373139,2861014,6299951,5560519,18389939
Uzbekistan,2027,9073376,24224191,2510733,2814580,6258796,5692729,18531462
Uzbekistan,2028,8972331,24499002,2648140,2774092,6198239,5834537,18664465
Uzbekistan,2029,8862204,24778199,2779813,2738743,6123461,5966647,18811552
Uzbekistan,2030,8747737,25061563,2902967,2708321,6039416,6075840,18985723
Uzbekistan,2031,8643252,25333941,3019033,2689551,5953701,6164494,19169447
Uzbekistan,2032,8538568,25608395,3125296,2674857,5863711,6227042,19381353
Uzbekistan,2033,8436672,25878452,3225928,2663865,5772807,6264173,19614279
Uzbekistan,2034,8340580,26135629,3327035,2656318,5684262,6279527,19856102
Uzbekistan,2035,8252574,26373868,3432820,2652606,5599968,6275669,20098199
Uzbekistan,2036,8189832,26577754,3541798,2663296,5526536,6253983,20323771
Uzbekistan,2037,8133575,26766799,3653222,2668919,5464656,6211686,20555113
Uzbekistan,2038,8085547,26939330,3766664,2671220,5414327,6151893,20787437
Uzbekistan,2039,8046204,27095561,3880918,2672256,5373948,6079544,21016017
Uzbekistan,2040,8014759,27235636,3996070,2673846,5340913,5998864,21236772
Uzbekistan,2041,8000233,27348237,4114289,2680070,5320163,5914840,21433397
Uzbekistan,2042,7990914,27447843,4232476,2681687,5309227,5824755,21623088
Uzbekistan,2043,7985141,27532485,4353212,2679368,5305773,5732672,21799813
Uzbekistan,2044,7979401,27600930,4479891,2672974,5306427,5643881,21957049
Uzbekistan,2045,7970615,27652491,4615231,2662442,5308173,5562288,22090203
Uzbekistan,2046,7964083,27676324,4764365,2649328,5314755,5492374,22183950
Uzbekistan,2047,7952738,27689271,4917436,2631838,5320900,5431449,22257822
Uzbekistan,2048,7935518,27689872,5076655,2610700,5324818,5380126,22309746
Uzbekistan,2049,7911679,27675164,5245544,2586922,5324757,5338217,22336947
Uzbekistan,2050,7880436,27643131,5426799,2561002,5319434,5305387,22337744
Uzbekistan,2051,7843923,27586175,5625790,2531175,5312748,5285807,22300368
Uzbekistan,2052,7801554,27518275,5829223,2503513,5298041,5275359,22242916
Uzbekistan,2053,7752269,27441871,6036019,2477143,5275126,5272018,22169853
Uzbekistan,2054,7695664,27359644,6244417,2450904,5244760,5272578,22087066
Uzbekistan,2055,7632182,27272950,6453064,2423949,5208233,5274514,21998436
Uzbekistan,2056,7569289,27171825,6664718,2399054,5170235,5280706,21891119
Uzbekistan,2057,7501385,27070720,6870841,2375115,5126270,5287256,21783464
Uzbekistan,2058,7429633,26974460,7066103,2352130,5077503,5292190,21682270
Uzbekistan,2059,7356192,26889496,7242629,2330644,5025548,5292943,21596553
Uzbekistan,2060,7282793,26818709,7396493,2311157,4971636,5287656,21531053
Uzbekistan,2061,7217599,26753265,7528766,2297027,4920572,5279325,21473940
Uzbekistan,2062,7153671,26702916,7636989,2284003,4869668,5264167,21438749
Uzbekistan,2063,7091599,26664851,7723892,2272049,4819550,5242072,21422779
Uzbekistan,2064,7031767,26636729,7791966,2261018,4770749,5213417,21423312
Uzbekistan,2065,6974565,26616001,7843825,2251042,4723523,5178668,21437333
Uzbekistan,2066,6928381,26593423,7880703,2246468,4681913,5140617,21452806
Uzbekistan,2067,6884566,26582000,7898527,2240256,4644310,5096633,21485367
Uzbekistan,2068,6843579,26570827,7907865,2232974,4610605,5048082,21522745
Uzbekistan,2069,6805418,26545101,7923551,2225266,4580152,4996914,21548187
Uzbekistan,2070,6769636,26495352,7955580,2217674,4551962,4944630,21550722
Uzbekistan,2071,6741045,26413149,8007789,2212185,4528860,4893978,21519171
Uzbekistan,2072,6714296,26313155,8071139,2205326,4508970,4843046,21470109
Uzbekistan,2073,6688788,26197135,8144673,2197307,4491481,4792836,21404299
Uzbekistan,2074,6663447,26069103,8225634,2188146,4475301,4744526,21324577
Uzbekistan,2075,6637297,25931402,8312857,2177859,4459438,4698991,21232411
Uzbekistan,2076,6613104,25771770,8416026,2167354,4445750,4658232,21113538
Uzbekistan,2077,6588057,25607419,8520954,2155794,4432263,4620966,20986453
Uzbekistan,2078,6561572,25440241,8626553,2143220,4418352,4587253,20852988
Uzbekistan,2079,6533081,25272872,8731009,2129642,4403439,4556878,20715994
Uzbekistan,2080,6502030,25106707,8833689,2115005,4387025,4529580,20577127
Uzbekistan,2081,6470122,24930042,8944795,2099656,4370466,4506584,20423458
Uzbekistan,2082,6436327,24760752,9047660,2084127,4352200,4486924,20273828
Uzbekistan,2083,6400348,24599231,9142401,2068393,4331955,4469850,20129381
Uzbekistan,2084,6362078,24445974,9228843,2052474,4309604,4454192,19991782
Uzbekistan,2085,6321409,24300402,9307867,2036335,4285074,4438958,19861444
Uzbekistan,2086,6280937,24154400,9385140,2020655,4260282,4425512,19728888
Uzbekistan,2087,6239423,24021165,9448832,2005715,4233708,4412438,19608727
Uzbekistan,2088,6196742,23898170,9501790,1991350,4205392,4399075,19499095
Uzbekistan,2089,6152943,23782272,9547265,1977427,4175516,4384590,19397682
Uzbekistan,2090,6108111,23670395,9588419,1963861,4144250,4368282,19302113
Uzbekistan,2091,6067197,23560953,9621970,1952597,4114600,4352416,19208537
Uzbekistan,2092,6026373,23459852,9645878,1941702,4084671,4334755,19125097
Uzbekistan,2093,5985611,23362659,9664615,1931119,4054492,4314938,19047721
Uzbekistan,2094,5945064,23264679,9682695,1920895,4024169,4292723,18971956
Uzbekistan,2095,5904895,23162732,9703115,1911119,3993776,4268038,18894694
Uzbekistan,2096,5871254,23060635,9715880,1904309,3966945,4244066,18816569
Uzbekistan,2097,5838318,22957901,9727249,1897140,3941178,4217830,18740071
Uzbekistan,2098,5806020,22852313,9739471,1889596,3916424,4189586,18662727
Uzbekistan,2099,5774321,22741961,9754462,1881800,3892521,4159815,18582146
Uzbekistan,2100,5743286,22625334,9773611,1874116,3869170,4128891,18496443
Vanuatu,1950,22065,24329,1303,8985,13080,9179,15150
Vanuatu,1951,22676,24919,1328,9218,13458,9414,15505
Vanuatu,1952,23317,25627,1353,9432,13885,9690,15937
Vanuatu,1953,23996,26404,1371,9668,14328,9995,16409
Vanuatu,1954,24698,27240,1392,9943,14755,10319,16921
Vanuatu,1955,25410,28103,1411,10258,15152,10660,17443
Vanuatu,1956,26218,28903,1444,10608,15610,10975,17928
Vanuatu,1957,27010,29756,1479,10930,16080,11312,18444
Vanuatu,1958,27797,30676,1510,11232,16565,11674,19002
Vanuatu,1959,28594,31659,1541,11541,17053,12057,19602
Vanuatu,1960,29424,32701,1574,11894,17530,12462,20239
Vanuatu,1961,30410,33677,1626,12332,18078,12832,20845
Vanuatu,1962,31404,34735,1669,12727,18677,13236,21499
Vanuatu,1963,32399,35849,1716,13091,19308,13653,22196
Vanuatu,1964,33367,36999,1765,13419,19948,14083,22916
Vanuatu,1965,34285,38198,1806,13711,20574,14521,23677
Vanuatu,1966,35188,39288,1937,14007,21181,14759,24529
Vanuatu,1967,36046,40396,2080,14196,21850,14982,25414
Vanuatu,1968,36877,41565,2231,14326,22551,15217,26348
Vanuatu,1969,37732,42818,2390,14478,23254,15500,27318
Vanuatu,1970,38652,44178,2559,14736,23916,15873,28305
Vanuatu,1971,39813,45575,2634,15118,24695,16580,28995
Vanuatu,1972,41033,47081,2709,15522,25511,17318,29763
Vanuatu,1973,42314,48665,2786,15963,26351,18040,30625
Vanuatu,1974,43618,50309,2869,16430,27188,18741,31568
Vanuatu,1975,44909,52011,2952,16914,27995,19454,32557
Vanuatu,1976,46252,53709,3067,17533,28719,20250,33459
Vanuatu,1977,47571,55473,3178,18090,29481,21076,34397
Vanuatu,1978,48882,57258,3289,18591,30291,21885,35373
Vanuatu,1979,50181,59011,3388,19054,31127,22631,36380
Vanuatu,1980,51445,60697,3490,19491,31954,23317,37380
Vanuatu,1981,52555,62364,3661,20030,32525,23836,38528
Vanuatu,1982,53708,63899,3828,20514,33194,24246,39653
Vanuatu,1983,54928,65325,3996,20954,33974,24550,40775
Vanuatu,1984,56220,66705,4167,21360,34860,24795,41910
Vanuatu,1985,57582,68103,4342,21757,35825,25047,43056
Vanuatu,1986,58647,69883,4508,22141,36506,25576,44307
Vanuatu,1987,59806,71640,4679,22504,37302,26005,45635
Vanuatu,1988,61114,73391,4861,22879,38235,26337,47054
Vanuatu,1989,62609,75183,5057,23300,39309,26639,48544
Vanuatu,1990,64277,77089,5268,23773,40504,27006,50083
Vanuatu,1991,65701,79684,5393,24126,41575,27991,51693
Vanuatu,1992,67307,82411,5525,24634,42673,28985,53426
Vanuatu,1993,68985,85184,5645,25215,43770,29921,55263
Vanuatu,1994,70552,87893,5763,25759,44793,30769,57124
Vanuatu,1995,71873,90485,5877,26197,45676,31573,58912
Vanuatu,1996,73022,92803,5976,26797,46225,32633,60170
Vanuatu,1997,73924,95026,6049,27270,46654,33708,61318
Vanuatu,1998,74729,97249,6100,27645,47084,34775,62474
Vanuatu,1999,75636,99572,6137,27980,47656,35805,63767
Vanuatu,2000,76763,102116,6184,28332,48431,36818,65298
Vanuatu,2001,77838,105163,6289,28630,49208,37970,67193
Vanuatu,2002,78977,108557,6422,28788,50189,39176,69381
Vanuatu,2003,80213,112172,6579,28917,51296,40380,71792
Vanuatu,2004,81571,115819,6753,29179,52392,41508,74311
Vanuatu,2005,83034,119397,6939,29659,53375,42517,76880
Vanuatu,2006,83819,123516,7299,30009,53810,43774,79742
Vanuatu,2007,85129,127100,7724,30912,54217,44617,82483
Vanuatu,2008,86862,130250,8228,32118,54744,45060,85190
Vanuatu,2009,88670,133335,8780,33228,55442,45277,88058
Vanuatu,2010,90266,136701,9328,34018,56248,45447,91254
Vanuatu,2011,92058,140192,9621,35279,56779,45929,94263
Vanuatu,2012,93209,144369,9907,35578,57631,46590,97779
Vanuatu,2013,94099,148808,10235,35244,58855,47297,101511
Vanuatu,2014,95197,153019,10634,34834,60363,47934,105085
Vanuatu,2015,96660,156839,11104,34752,61908,48491,108348
Vanuatu,2016,97692,161124,11586,34421,63271,49503,111621
Vanuatu,2017,99167,164939,12138,34661,64506,50445,114494
Vanuatu,2018,100924,168445,12748,35312,65612,51300,117145
Vanuatu,2019,102577,172056,13384,36001,66576,52130,119926
Vanuatu,2020,103878,176049,14007,36484,67394,52996,123053
Vanuatu,2021,105000,180375,14497,37204,67796,54153,126222
Vanuatu,2022,105723,185118,14984,37555,68168,55360,129758
Vanuatu,2023,106263,190005,15519,37631,68632,56539,133466
Vanuatu,2024,106898,194703,16172,37660,69238,57637,137066
Vanuatu,2025,107714,199106,16946,37813,69901,58668,140438
Vanuatu,2026,108402,203643,17735,38051,70351,60017,143626
Vanuatu,2027,109198,207959,18643,38303,70895,61333,146626
Vanuatu,2028,110145,212061,19640,38586,71559,62504,149557
Vanuatu,2029,111159,216071,20673,38864,72295,63446,152625
Vanuatu,2030,112127,220167,21680,39134,72993,64161,156006
Vanuatu,2031,112928,224583,22558,39509,73419,65002,159581
Vanuatu,2032,113675,229072,23425,39811,73864,65625,163447
Vanuatu,2033,114458,233520,24317,40055,74403,66045,167475
Vanuatu,2034,115308,237845,25259,40276,75032,66361,171484
Vanuatu,2035,116184,242102,26249,40511,75673,66693,175409
Vanuatu,2036,116927,246560,27174,40862,76065,67385,179175
Vanuatu,2037,117636,250999,28141,41119,76517,68117,182882
Vanuatu,2038,118394,255313,29178,41312,77082,68794,186519
Vanuatu,2039,119216,259496,30279,41480,77736,69352,190144
Vanuatu,2040,120048,263605,31428,41660,78388,69800,193805
Vanuatu,2041,120728,267947,32483,41935,78793,70522,197425
Vanuatu,2042,121370,272261,33578,42143,79227,71172,201089
Vanuatu,2043,122059,276426,34764,42305,79754,71702,204724
Vanuatu,2044,122787,280388,36074,42438,80349,72123,208265
Vanuatu,2045,123507,284217,37518,42574,80933,72495,211722
Vanuatu,2046,124065,288204,38918,42809,81256,73184,215020
Vanuatu,2047,124566,292112,40421,42964,81602,73838,218274
Vanuatu,2048,125089,295838,42043,43057,82032,74399,221439
Vanuatu,2049,125650,299354,43807,43119,82531,74851,224503
Vanuatu,2050,126193,302725,45675,43180,83013,75228,227497
Vanuatu,2051,126596,306259,47487,43345,83251,75909,230350
Vanuatu,2052,126922,309694,49412,43417,83505,76548,233146
Vanuatu,2053,127262,313002,51403,43430,83832,77082,235920
Vanuatu,2054,127639,316253,53363,43421,84218,77504,238749
Vanuatu,2055,128004,319571,55217,43424,84580,77844,241727
Vanuatu,2056,128229,323252,56791,43521,84708,78463,244789
Vanuatu,2057,128405,327053,58242,43563,84842,79028,248025
Vanuatu,2058,128600,330795,59675,43568,85032,79485,251310
Vanuatu,2059,128825,334326,61222,43550,85275,79824,254502
Vanuatu,2060,129030,337629,62956,43534,85496,80082,257547
Vanuatu,2061,129130,341015,64642,43624,85506,80604,260411
Vanuatu,2062,129163,344238,66488,43632,85531,81070,263168
Vanuatu,2063,129205,347266,68450,43582,85623,81428,265838
Vanuatu,2064,129285,350170,70434,43510,85775,81666,268504
Vanuatu,2065,129369,353054,72370,43458,85911,81811,271243
Vanuatu,2066,129363,356228,74032,43500,85863,82203,274025
Vanuatu,2067,129319,359429,75628,43490,85829,82533,276896
Vanuatu,2068,129300,362496,77265,43442,85858,82753,279743
Vanuatu,2069,129314,365280,79079,43372,85942,82861,282419
Vanuatu,2070,129305,367758,81141,43298,86007,82890,284868
Vanuatu,2071,129225,370249,83171,43322,85903,83158,287091
Vanuatu,2072,129085,372516,85409,43267,85818,83373,289143
Vanuatu,2073,128947,374545,87799,43155,85792,83497,291048
Vanuatu,2074,128840,376413,90240,43018,85822,83517,292896
Vanuatu,2075,128727,378239,92650,42892,85835,83467,294772
Vanuatu,2076,128535,380323,94794,42845,85690,83653,296670
Vanuatu,2077,128305,382420,96888,42754,85551,83797,298623
Vanuatu,2078,128091,384417,98981,42629,85462,83856,300561
Vanuatu,2079,127894,386238,101151,42486,85408,83821,302417
Vanuatu,2080,127676,387899,103415,42344,85332,83720,304179
Vanuatu,2081,127400,389727,105503,42288,85112,83847,305880
Vanuatu,2082,127069,391475,107629,42175,84894,83937,307538
Vanuatu,2083,126748,393069,109816,42023,84725,83944,309125
Vanuatu,2084,126448,394497,112059,41857,84591,83861,310636
Vanuatu,2085,126139,395771,114384,41697,84442,83712,312059
Vanuatu,2086,125802,397277,116423,41628,84174,83776,313501
Vanuatu,2087,125426,398714,118480,41513,83913,83803,314911
Vanuatu,2088,125063,399984,120601,41368,83695,83741,316243
Vanuatu,2089,124715,401062,122813,41204,83511,83592,317470
Vanuatu,2090,124352,401972,125108,41042,83310,83367,318605
Vanuatu,2091,123982,403121,127077,40967,83015,83347,319774
Vanuatu,2092,123571,404192,129076,40839,82732,83282,320910
Vanuatu,2093,123167,405102,131134,40675,82492,83143,321959
Vanuatu,2094,122780,405828,133263,40493,82287,82920,322908
Vanuatu,2095,122384,406370,135495,40317,82067,82633,323737
Vanuatu,2096,121989,407161,137368,40219,81770,82549,324612
Vanuatu,2097,121570,407862,139276,40087,81483,82431,325431
Vanuatu,2098,121157,408391,141250,39929,81228,82245,326146
Vanuatu,2099,120754,408709,143326,39757,80997,81980,326729
Vanuatu,2100,120323,408836,145517,39579,80744,81658,327178
Venezuela,1950,2494635,2861223,126120,1021738,1472897,1035689,1825534
Venezuela,1951,2607273,2995976,131920,1062586,1544687,1085738,1910238
Venezuela,1952,2717079,3134943,137529,1099998,1617081,1136126,1998817
Venezuela,1953,2829420,3272489,142743,1142748,1686672,1184711,2087778
Venezuela,1954,2943087,3409902,147652,1189744,1753343,1231929,2177973
Venezuela,1955,3055676,3550252,152445,1238288,1817388,1278961,2271291
Venezuela,1956,3183640,3676333,159438,1292072,1891568,1323343,2352990
Venezuela,1957,3314101,3805519,166353,1347359,1966742,1368793,2436726
Venezuela,1958,3447178,3940281,173360,1403545,2043633,1416283,2523998
Venezuela,1959,3585243,4081169,180542,1463251,2121992,1466184,2614985
Venezuela,1960,3731084,4227821,187942,1529803,2201281,1518564,2709257
Venezuela,1961,3896027,4368598,197060,1606449,2289578,1570878,2797720
Venezuela,1962,4068890,4515358,206341,1686333,2382557,1626262,2889096
Venezuela,1963,4246075,4668398,215876,1765441,2480634,1684601,2983797
Venezuela,1964,4421277,4829153,225822,1836649,2584628,1746079,3083074
Venezuela,1965,4589655,4998719,236318,1895636,2694019,1811000,3187719
Venezuela,1966,4769310,5157806,248024,1960238,2809072,1873484,3284322
Venezuela,1967,4933332,5334168,260554,1995021,2938311,1942719,3391449
Venezuela,1968,5084849,5523396,273750,2008113,3076736,2017253,3506143
Venezuela,1969,5228010,5720142,287339,2011966,3216044,2095371,3624771
Venezuela,1970,5363543,5922931,301287,2016137,3347406,2176790,3746141
Venezuela,1971,5483044,6137625,317136,2005302,3477742,2264303,3873322
Venezuela,1972,5596614,6356688,333137,2002754,3593860,2353405,4003283
Venezuela,1973,5702513,6584883,349573,2009355,3693158,2447181,4137702
Venezuela,1974,5798904,6828328,366793,2024344,3774560,2550029,4278299
Venezuela,1975,5886839,7089172,384976,2046869,3839970,2663746,4425426
Venezuela,1976,5969863,7364896,404383,2071520,3898343,2787670,4577226
Venezuela,1977,6053189,7650548,424050,2116500,3936689,2918275,4732273
Venezuela,1978,6135529,7946101,444301,2174168,3961361,3052450,4893651
Venezuela,1979,6215802,8250419,465518,2233819,3981983,3185234,5065185
Venezuela,1980,6294521,8561451,487944,2288366,4006155,3312630,5248821
Venezuela,1981,6397300,8854481,510018,2363077,4034223,3426837,5427644
Venezuela,1982,6490101,9162564,533229,2411083,4079018,3539394,5623170
Venezuela,1983,6581856,9478131,557359,2441843,4140013,3644316,5833815
Venezuela,1984,6684980,9790797,582008,2471785,4213195,3733381,6057416
Venezuela,1985,6805080,10095895,607084,2513072,4292008,3802738,6293157
Venezuela,1986,6935163,10400818,632571,2551897,4383266,3858597,6542221
Venezuela,1987,7084911,10695607,657276,2605928,4478983,3893372,6802235
Venezuela,1988,7244504,10986456,681566,2668454,4576050,3915503,7070953
Venezuela,1989,7396645,11285627,706070,2724595,4672050,3938817,7346810
Venezuela,1990,7530988,11599711,731257,2764280,4766708,3972000,7627711
Venezuela,1991,7668116,11905242,758721,2807378,4860738,4009115,7896127
Venezuela,1992,7780975,12231601,786499,2822530,4958445,4057694,8173907
Venezuela,1993,7875693,12573069,814681,2817672,5058021,4116774,8456295
Venezuela,1994,7963607,12919601,843144,2807834,5155773,4183525,8736076
Venezuela,1995,8050002,13266614,872051,2803484,5246518,4256725,9009889
Venezuela,1996,8120426,13620673,909003,2786423,5334003,4339701,9280972
Venezuela,1997,8193285,13970919,945974,2785990,5407295,4428713,9542206
Venezuela,1998,8262963,14322850,983641,2797808,5465155,4523077,9799773
Venezuela,1999,8320859,14685070,1022760,2812463,5508396,4621529,10063541
Venezuela,2000,8363751,15060763,1063826,2823412,5540339,4722289,10338474
Venezuela,2001,8404658,15434682,1109136,2840423,5564235,4820468,10614214
Venezuela,2002,8433332,15819522,1155846,2854144,5579188,4919280,10900242
Venezuela,2003,8453094,16211024,1204405,2864680,5588414,5016430,11194594
Venezuela,2004,8470571,16601625,1255029,2874753,5595818,5108429,11493196
Venezuela,2005,8489654,16986492,1308015,2886490,5603164,5192898,11793594
Venezuela,2006,8519360,17358472,1361336,2906309,5613051,5267584,12090888
Venezuela,2007,8548732,17727023,1416210,2921021,5627711,5334762,12392261
Venezuela,2008,8578456,18090057,1473188,2932204,5646252,5392822,12697235
Venezuela,2009,8607899,18446608,1532816,2941185,5666714,5439908,13006700
Venezuela,2010,8636203,18796235,1595595,2949282,5686921,5475352,13320883
Venezuela,2011,8668868,19133607,1660816,2959394,5709474,5498196,13635411
Venezuela,2012,8701042,19463631,1728407,2966845,5734197,5509058,13954573
Venezuela,2013,8731834,19787207,1798807,2971940,5759894,5512475,14274732
Venezuela,2014,8759659,20106367,1872352,2974577,5785082,5515117,14591250
Venezuela,2015,8783303,20422290,1949541,2974784,5808519,5521419,14900871
Venezuela,2016,8805816,20731567,2030796,2974249,5831567,5531189,15200378
Venezuela,2017,8824005,21038003,2115057,2971318,5852687,5544386,15493617
Venezuela,2018,8837276,21340445,2203500,2966220,5871056,5561134,15779311
Venezuela,2019,8845401,21637024,2297443,2959325,5886076,5580463,16056561
Venezuela,2020,8848185,21926177,2398030,2950814,5897371,5601620,16324557
Venezuela,2021,8848494,22206885,2503104,2941232,5907262,5625975,16580910
Venezuela,2022,8844183,22481549,2612391,2931406,5912777,5652192,16829357
Venezuela,2023,8834863,22748267,2728337,2921141,5913722,5679608,17068659
Venezuela,2024,8820563,23003977,2854234,2910223,5910340,5706787,17297190
Venezuela,2025,8801592,23246639,2991975,2898508,5903084,5732544,17514095
Venezuela,2026,8783280,23475511,3136909,2888028,5895252,5758278,17717233
Venezuela,2027,8761248,23693229,3290455,2877363,5883885,5781664,17911565
Venezuela,2028,8735391,23901856,3450188,2866222,5869169,5802391,18099465
Venezuela,2029,8705804,24104497,3612281,2854248,5851556,5819897,18284600
Venezuela,2030,8672724,24302714,3774466,2841275,5831449,5833663,18469051
Venezuela,2031,8643487,24494428,3931243,2831050,5812437,5844870,18649558
Venezuela,2032,8610961,24682687,4086693,2818615,5792346,5851768,18830919
Venezuela,2033,8575625,24867739,4240062,2804558,5771067,5854537,19013202
Venezuela,2034,8538206,25050286,4389992,2789785,5748421,5853306,19196980
Venezuela,2035,8499105,25230278,4536178,2775002,5724103,5848160,19382118
Venezuela,2036,8463944,25409587,4671046,2761942,5702002,5841472,19568115
Venezuela,2037,8427931,25587803,4799690,2748929,5679002,5830572,19757231
Venezuela,2038,8390647,25761097,4926339,2735859,5654788,5816306,19944791
Venezuela,2039,8351486,25924377,5056668,2722381,5629105,5799670,20124707
Venezuela,2040,8310185,26074117,5194460,2708297,5601888,5781265,20292852
Venezuela,2041,8273598,26213430,5329756,2696439,5577159,5763753,20449677
Venezuela,2042,8235563,26341382,5469636,2683888,5551675,5744477,20596905
Venezuela,2043,8195927,26457977,5614168,2670578,5525349,5723769,20734208
Venezuela,2044,8154592,26563862,5762716,2656441,5498151,5701758,20862104
Venezuela,2045,8111436,26658923,5915455,2641452,5469984,5678472,20980451
Venezuela,2046,8073039,26746489,6062477,2628442,5444597,5656888,21089601
Venezuela,2047,8032963,26826352,6210515,2613993,5418970,5634308,21192044
Venezuela,2048,7991268,26895956,6362229,2598481,5392787,5610790,21285166
Venezuela,2049,7948161,26951980,6520973,2582474,5365687,5586188,21365792
Venezuela,2050,7903694,26992408,6688886,2566373,5337321,5560375,21432033
Venezuela,2051,7862872,27023569,6854752,2551420,5311452,5536687,21486882
Venezuela,2052,7821735,27042732,7025298,2537151,5284584,5511817,21530915
Venezuela,2053,7779688,27051935,7199158,2523205,5256483,5486047,21565888
Venezuela,2054,7736002,27054737,7373567,2508941,5227061,5459647,21595090
Venezuela,2055,7690281,27052819,7547297,2493913,5196368,5432667,21620152
Venezuela,2056,7649141,27051188,7708803,2480959,5168182,5408199,21642989
Venezuela,2057,7606672,27048628,7865316,2467164,5139508,5383375,21665253
Venezuela,2058,7563019,27043544,8018422,2452700,5110319,5358053,21685491
Venezuela,2059,7518454,27033216,8170699,2437946,5080508,5331766,21701450
Venezuela,2060,7472876,27014968,8325064,2423101,5049775,5304025,21710943
Venezuela,2061,7432432,26999061,8465162,2410134,5022298,5278824,21720237
Venezuela,2062,7391986,26980306,8601392,2397358,4994628,5252584,21727722
Venezuela,2063,7351004,26956015,8737066,2384582,4966422,5225199,21730816
Venezuela,2064,7308872,26923522,8875570,2371482,4937390,5196578,21726944
Venezuela,2065,7265217,26880759,9019403,2357848,4907369,5166615,21714144
Venezuela,2066,7227824,26841677,9146923,2346573,4881251,5139938,21701739
Venezuela,2067,7189697,26796727,9274682,2334820,4854877,5112243,21684484
Venezuela,2068,7150508,26743741,9405161,2322525,4827983,5083484,21660257
Venezuela,2069,7110163,26681193,9539885,2309752,4800411,5053736,21627457
Venezuela,2070,7068626,26608279,9679671,2296571,4772055,5023088,21585191
Venezuela,2071,7033388,26540683,9801374,2285567,4747821,4996404,21544279
Venezuela,2072,6997537,26466825,9923568,2274219,4723318,4969130,21497695
Venezuela,2073,6960926,26386073,10047035,2262522,4698404,4941311,21444762
Venezuela,2074,6923201,26297366,10173185,2250383,4672818,4912799,21384567
Venezuela,2075,6883882,26199051,10304164,2237670,4646212,4883310,21315741
Venezuela,2076,6850654,26108670,10414826,2227013,4623641,4857919,21250751
Venezuela,2077,6816731,26014001,10524317,2216042,4600689,4832060,21181941
Venezuela,2078,6781692,25913512,10634764,2204655,4577037,4805598,21107914
Venezuela,2079,6745242,25806089,10747824,2192808,4552434,4778405,21027684
Venezuela,2080,6707101,25690726,10864991,2180437,4526664,4750328,20940398
Venezuela,2081,6675088,25586853,10959173,2170146,4504942,4726626,20860227
Venezuela,2082,6642497,25480819,11050863,2159750,4482747,4702619,20778200
Venezuela,2083,6609006,25371426,11141785,2149103,4459903,4678169,20693257
Venezuela,2084,6574078,25256899,11234458,2137938,4436140,4652963,20603936
Venezuela,2085,6537094,25134885,11332055,2125986,4411108,4626565,20508320
Venezuela,2086,6506638,25027369,11404165,2116312,4390326,4604579,20422790
Venezuela,2087,6475264,24919003,11473769,2106070,4369194,4582160,20336843
Venezuela,2088,6442529,24806942,11544334,2095224,4347305,4558945,20247997
Venezuela,2089,6408207,24688711,11618735,2083881,4324326,4534601,20154110
Venezuela,2090,6372113,24562640,11699025,2072113,4300000,4508904,20053736
Venezuela,2091,6342784,24454146,11751403,2062542,4280242,4487960,19966186
Venezuela,2092,6312934,24343456,11803068,2053119,4259815,4466270,19877186
Venezuela,2093,6282098,24228887,11856339,2043625,4238473,4443678,19785209
Venezuela,2094,6249713,24108880,11913447,2033725,4215988,4420023,19688857
Venezuela,2095,6215334,23981926,11976502,2023118,4192216,4395109,19586817
Venezuela,2096,6188262,23873781,12010584,2015142,4173120,4374996,19498785
Venezuela,2097,6160153,23763885,12044726,2006640,4153513,4354221,19409664
Venezuela,2098,6130695,23650336,12081277,1997476,4133219,4332560,19317776
Venezuela,2099,6099818,23531388,12122187,1987740,4112078,4309782,19221606
Venezuela,2100,6067504,23405335,12169307,1977649,4089855,4285636,19119699
Vietnam,1950,7916390,15857025,1036491,3088166,4828224,4715418,11141607
Vietnam,1951,8200284,16082703,1081466,3347495,4852789,4766665,11316038
Vietnam,1952,8578235,16274706,1123897,3676525,4901710,4800482,11474224
Vietnam,1953,8994286,16484298,1167588,4001619,4992667,4827499,11656799
Vietnam,1954,9437529,16719757,1213416,4308061,5129468,4843565,11876192
Vietnam,1955,9919273,16967671,1260842,4605917,5313356,4842022,12125649
Vietnam,1956,10537555,17122676,1313643,4980533,5557022,4800933,12321743
Vietnam,1957,11144633,17329714,1370184,5255670,5888963,4758782,12570932
Vietnam,1958,11768142,17558292,1428174,5468708,6299434,4716879,12841413
Vietnam,1959,12424880,17787828,1485723,5654970,6769910,4684983,13102845
Vietnam,1960,13112299,18015612,1542718,5842249,7270050,4674146,13341466
Vietnam,1961,13811043,18246414,1609315,5995126,7815917,4691721,13554693
Vietnam,1962,14527261,18483500,1673404,6148136,8379125,4733996,13749504
Vietnam,1963,15240715,18743389,1737987,6302218,8938497,4814476,13928913
Vietnam,1964,15919439,19053863,1807683,6445950,9473489,4952250,14101613
Vietnam,1965,16545135,19429902,1884975,6571350,9973785,5158168,14271734
Vietnam,1966,17136300,19846022,1977012,6673199,10463101,5431829,14414193
Vietnam,1967,17676418,20324978,2073303,6773108,10903310,5769858,14555120
Vietnam,1968,18163321,20862952,2169562,6869657,11293664,6164428,14698524
Vietnam,1969,18603650,21447055,2258960,6966364,11637286,6601352,14845703
Vietnam,1970,19003305,22065892,2338090,7064728,11938577,7067633,14998259
Vietnam,1971,19413824,22698956,2373128,7177934,12235890,7577050,15121906
Vietnam,1972,19791469,23367011,2391003,7304093,12487376,8110436,15256575
Vietnam,1973,20139482,24067216,2398028,7435083,12704399,8648018,15419198
Vietnam,1974,20459858,24799645,2402270,7555967,12903891,9164874,15634771
Vietnam,1975,20756322,25564750,2408320,7657568,13098754,9644858,15919892
Vietnam,1976,21076299,26230166,2501606,7777610,13298689,10035215,16194951
Vietnam,1977,21361154,26937414,2600936,7842551,13518603,10401029,16536385
Vietnam,1978,21629761,27682318,2703202,7875446,13754315,10744402,16937916
Vietnam,1979,21909999,28456606,2803068,7915070,13994929,11069171,17387435
Vietnam,1980,22218130,29256292,2898092,7991089,14227041,11378597,17877695
Vietnam,1981,22502982,30132387,2992377,8051371,14451611,11679446,18452941
Vietnam,1982,22828373,31023560,3079891,8165092,14663281,11949360,19074200
Vietnam,1983,23178840,31933291,3165256,8317733,14861107,12197764,19735527
Vietnam,1984,23527433,32870626,3255031,8479672,15047761,12439944,20430682
Vietnam,1985,23860040,33836518,3352815,8630252,15229788,12684143,21152375
Vietnam,1986,24218734,34782192,3458634,8805683,15413051,12918447,21863745
Vietnam,1987,24548767,35762259,3570271,8940164,15608603,13158225,22604034
Vietnam,1988,24860629,36768050,3685029,9040480,15820149,13398177,23369873
Vietnam,1989,25173652,37785673,3798077,9126257,16047395,13629308,24156365
Vietnam,1990,25494078,38808124,3907403,9211616,16282462,13847725,24960399
Vietnam,1991,25835530,39816982,4018390,9296064,16539466,14037373,25779609
Vietnam,1992,26174176,40834266,4122006,9369525,16804651,14226429,26607837
Vietnam,1993,26476127,41860025,4224275,9409281,17066846,14419231,27440794
Vietnam,1994,26681085,42908797,4335200,9363981,17317104,14623153,28285644
Vietnam,1995,26746666,43991675,4460636,9200301,17546365,14841781,29149894
Vietnam,1996,26745163,45032535,4595021,9004074,17741089,15043484,29989051
Vietnam,1997,26549133,46160122,4744080,8613196,17935937,15270073,30890049
Vietnam,1998,26208541,47346993,4897363,8106876,18101665,15515264,31831729
Vietnam,1999,25812858,48540548,5037968,7619841,18193017,15765328,32775220
Vietnam,2000,25416144,49712191,5157227,7244527,18171617,16011861,33700330
Vietnam,2001,24822166,51038451,5279302,6742905,18079261,16294690,34743761
Vietnam,2002,24342004,52245851,5368641,6553569,17788435,16536528,35709323
Vietnam,2003,23912549,53399368,5435745,6587677,17324872,16756837,36642531
Vietnam,2004,23439762,54593893,5494023,6691533,16748229,16980146,37613747
Vietnam,2005,22896937,55862205,5549701,6760019,16136918,17208338,38653867
Vietnam,2006,22498740,56997685,5598192,6988751,15509989,17367687,39629998
Vietnam,2007,22022424,58219697,5647469,7108596,14913828,17541171,40678526
Vietnam,2008,21538665,59471720,5697416,7149052,14389613,17688347,41783373
Vietnam,2009,21161646,60657927,5745834,7186670,13974976,17742760,42915167
Vietnam,2010,20948823,61728464,5795225,7277421,13671402,17666019,44062445
Vietnam,2011,20908137,62674754,5853753,7418376,13489761,17467854,45206900
Vietnam,2012,20986909,63545586,5919386,7531561,13455348,17155947,46389639
Vietnam,2013,21166694,64325344,6005687,7629968,13536726,16749253,47576091
Vietnam,2014,21388750,65023961,6132204,7705150,13683600,16286456,48737505
Vietnam,2015,21609156,65651432,6310979,7752861,13856295,15798527,49852905
Vietnam,2016,21823581,66197535,6547956,7760728,14062853,15285101,50912434
Vietnam,2017,22032462,66677368,6830970,7745468,14286994,14746076,51931292
Vietnam,2018,22225758,67108153,7157235,7713416,14512342,14230966,52877187
Vietnam,2019,22401234,67506025,7521802,7677915,14723319,13805666,53700359
Vietnam,2020,22556596,67881050,7922499,7645515,14911081,13510651,54370399
Vietnam,2021,22656084,68265065,8362997,7570579,15085505,13349634,54915431
Vietnam,2022,22753179,68611063,8830485,7549327,15203852,13319367,55291696
Vietnam,2023,22822721,68937782,9323826,7555035,15267686,13396289,55541493
Vietnam,2024,22835902,69267283,9839853,7546319,15289583,13535147,55732136
Vietnam,2025,22780099,69607862,10375550,7493988,15286111,13702297,55905565
Vietnam,2026,22726508,69905245,10911653,7460323,15266185,13890460,56014785
Vietnam,2027,22583048,70238298,11462611,7353055,15229993,14114162,56124136
Vietnam,2028,22376026,70585296,12024703,7195402,15180624,14351710,56233586
Vietnam,2029,22148751,70910352,12592748,7030425,15118326,14573309,56337043
Vietnam,2030,21923820,71193742,13166075,6887752,15036068,14758439,56435303
Vietnam,2031,21668652,71488707,13723978,6721078,14947574,14913236,56575471
Vietnam,2032,21434276,71735628,14275885,6604948,14829328,15018091,56717537
Vietnam,2033,21207404,71942977,14831086,6529457,14677947,15081148,56861829
Vietnam,2034,20965705,72127783,15400682,6471934,14493771,15118437,57009346
Vietnam,2035,20703744,72294979,15989755,6417345,14286399,15138177,57156802
Vietnam,2036,20467792,72448152,16550199,6388546,14079246,15137123,57311029
Vietnam,2037,20227485,72576998,17123110,6369889,13857596,15110813,57466185
Vietnam,2038,19990522,72676617,17707302,6358437,13632085,15061422,57615195
Vietnam,2039,19772517,72736997,18298476,6356430,13416087,14989700,57747297
Vietnam,2040,19583897,72750354,18894861,6365905,13217992,14895717,57854637
Vietnam,2041,19466516,72731535,19440569,6411725,13054791,14784009,57947526
Vietnam,2042,19369756,72677452,19989259,6445863,12923893,14656529,58020923
Vietnam,2043,19297162,72577490,20546746,6472510,12824652,14511377,58066113
Vietnam,2044,19248490,72423006,21119973,6495753,12752737,14344361,58078645
Vietnam,2045,19220984,72210194,21713731,6519203,12701781,14154162,58056032
Vietnam,2046,19237152,71968223,22275828,6551759,12685393,13948255,58019968
Vietnam,2047,19268147,71683775,22847878,6573016,12695131,13724467,57959308
Vietnam,2048,19309786,71357737,23431311,6585255,12724531,13496500,57861237
Vietnam,2049,19353650,70990718,24031750,6589260,12764390,13282669,57708049
Vietnam,2050,19391621,70581348,24656883,6584968,12806653,13094132,57487216
Vietnam,2051,19436563,70176598,25246032,6571841,12864722,12937272,57239326
Vietnam,2052,19476103,69754473,25833099,6555590,12920513,12807931,56946542
Vietnam,2053,19503264,69313103,26425879,6534399,12968865,12707467,56605636
Vietnam,2054,19511209,68847977,27034709,6505400,13005809,12634317,56213660
Vietnam,2055,19495274,68357422,27665266,6465827,13029447,12585657,55771765
Vietnam,2056,19475836,67896866,28241545,6419805,13056031,12569918,55326948
Vietnam,2057,19436139,67427211,28819608,6371077,13065062,12580752,54846459
Vietnam,2058,19373755,66976088,29374566,6318807,13054948,12612058,54364030
Vietnam,2059,19289265,66585194,29864705,6262992,13026273,12653686,53931508
Vietnam,2060,19183858,66276881,30267252,6203235,12980623,12697103,53579778
Vietnam,2061,19081835,66106091,30503541,6144637,12937198,12751246,53354845
Vietnam,2062,18965714,66025210,30639684,6089129,12876585,12805678,53219532
Vietnam,2063,18835372,66003939,30708015,6036167,12799205,12856321,53147618
Vietnam,2064,18693097,65997321,30753508,5985796,12707301,12897867,53099454
Vietnam,2065,18542053,65973735,30806757,5938110,12603943,12925520,53048215
Vietnam,2066,18410857,65997239,30776317,5901088,12509769,12948500,53048739
Vietnam,2067,18278885,66016393,30735443,5870452,12408433,12955879,53060514
Vietnam,2068,18146878,66016655,30699907,5845172,12301706,12947658,53068997
Vietnam,2069,18016121,65979965,30688592,5824153,12191968,12923684,53056281
Vietnam,2070,17888055,65890379,30717843,5806744,12081311,12882829,53007550
Vietnam,2071,17796432,65806933,30696206,5806294,11990138,12835779,52971154
Vietnam,2072,17711750,65681444,30702311,5806238,11905512,12773655,52907789
Vietnam,2073,17633687,65508855,30742491,5806229,11827458,12697962,52810893
Vietnam,2074,17561648,65287857,30819384,5805955,11755693,12610632,52677225
Vietnam,2075,17494870,65017596,30935316,5805453,11689417,12512873,52504723
Vietnam,2076,17464065,64759088,30999460,5817385,11646680,12416341,52342747
Vietnam,2077,17438657,64468081,31087391,5823367,11615290,12313456,52154625
Vietnam,2078,17417251,64148718,31196606,5824343,11592908,12207353,51941365
Vietnam,2079,17397096,63808647,31322263,5821106,11575990,12101352,51707295
Vietnam,2080,17374728,63450693,31465149,5813965,11560763,11997094,51453599
Vietnam,2081,17371991,63137432,31541283,5809111,11562880,11905805,51231627
Vietnam,2082,17369000,62829861,31610188,5800532,11568468,11820338,51009523
Vietnam,2083,17361809,62520148,31684237,5787828,11573981,11742275,50777873
Vietnam,2084,17345896,62197807,31779068,5770013,11575883,11672792,50525015
Vietnam,2085,17317557,61855100,31906688,5746002,11571555,11611682,50243418
Vietnam,2086,17295974,61552454,31987923,5720386,11575588,11568605,49983849
Vietnam,2087,17266409,61252503,32075208,5692883,11573526,11536820,49715683
Vietnam,2088,17227302,60961312,32164408,5663295,11564007,11515514,49445798
Vietnam,2089,17176387,60681414,32255609,5631025,11545362,11501116,49180298
Vietnam,2090,17110316,60405409,32359850,5594688,11515628,11488797,48916612
Vietnam,2091,17054371,60211020,32374446,5560502,11493869,11491946,48719074
Vietnam,2092,16991197,60041104,32374131,5528330,11462867,11499574,48541530
Vietnam,2093,16915703,59876127,32383789,5496066,11419637,11506707,48369420
Vietnam,2094,16826523,59704784,32416277,5462231,11364292,11509026,48195758
Vietnam,2095,16726405,59529117,32466995,5426422,11299983,11504974,48024143
Vietnam,2096,16649434,59441068,32410047,5400306,11249128,11510755,47930313
Vietnam,2097,16563033,59345501,32373281,5373727,11189306,11507713,47837788
Vietnam,2098,16470493,59243428,32352475,5347504,11122989,11496784,47746644
Vietnam,2099,16377739,59136382,32340228,5323967,11053772,11479074,47657308
Vietnam,2100,16290164,59022092,32333449,5306084,10984080,11454444,47567648
Western Africa,1950,29429733,39264770,2181376,11811951,17617782,13326886,25937884
Western Africa,1951,30006631,39768269,2194301,12038783,17967848,13498857,26269412
Western Africa,1952,30569770,40384257,2196649,12236941,18332829,13716433,26667824
Western Africa,1953,31118473,41102633,2189892,12431944,18686529,13975824,27126809
Western Africa,1954,31658375,41909507,2175133,12657601,19000774,14272082,27637425
Western Africa,1955,32194791,42793778,2152987,12948329,19246462,14602465,28191313
Western Africa,1956,32943713,43460337,2199634,13339075,19604638,14857905,28602432
Western Africa,1957,33652004,44237231,2239239,13663311,19988693,15158770,29078461
Western Africa,1958,34338849,45106468,2271554,13955126,20383723,15493816,29612652
Western Africa,1959,35026565,46047998,2296633,14255396,20771169,15848409,30199589
Western Africa,1960,35730278,47048952,2314921,14612181,21118097,16214873,30834079
Western Africa,1961,36683441,47817435,2386477,15082495,21600946,16488333,31329102
Western Africa,1962,37612234,48686692,2451469,15471939,22140295,16791864,31894828
Western Africa,1963,38529164,49642619,2508533,15820898,22708266,17119359,32523260
Western Africa,1964,39441562,50675288,2556034,16171449,23270113,17465490,33209798
Western Africa,1965,40352622,51780317,2593684,16570037,23782585,17830110,33950207
Western Africa,1966,41497767,52668992,2675458,17065948,24431819,18109873,34559119
Western Africa,1967,42607440,53670307,2747969,17482386,25125054,18423675,35246632
Western Africa,1968,43701063,54774280,2812547,17867053,25834010,18774927,35999353
Western Africa,1969,44800706,55971206,2870792,18276712,26523994,19170101,36801105
Western Africa,1970,45922066,57255761,2924102,18768379,27153687,19615057,37640704
Western Africa,1971,47285855,58360690,3022873,19362618,27923237,20007610,38353080
Western Africa,1972,48650387,59582322,3115192,19931071,28719316,20459390,39122932
Western Africa,1973,50025534,60918953,3201484,20502540,29522994,20967031,39951922
Western Africa,1974,51418384,62372430,3282372,21102747,30315637,21526299,40846131
Western Africa,1975,52836129,63941561,3358579,21766697,31069432,22135550,41806011
Western Africa,1976,54538741,65325385,3474438,22566241,31972500,22693620,42631765
Western Africa,1977,56222946,66871551,3584615,23269651,32953295,23309104,43562447
Western Africa,1978,57909183,68555634,3689681,23921776,33987407,23968568,44587066
Western Africa,1979,59618865,70349662,3790105,24579335,35039530,24657274,45692388
Western Africa,1980,61361432,72238032,3886435,25304181,36057251,25371746,46866286
Western Africa,1981,63463439,73841849,4033253,26172339,37291100,26005543,47836306
Western Africa,1982,65541844,75596793,4176557,26934407,38607437,26703818,48892975
Western Africa,1983,67598487,77487802,4315941,27635424,39963063,27463542,50024260
Western Africa,1984,69621810,79509105,4451107,28314202,41307608,28285798,51223307
Western Africa,1985,71597437,81662997,4582679,29013621,42583816,29175840,52487157
Western Africa,1986,73780790,83655402,4742179,29797077,43983713,30004808,53650594
Western Africa,1987,75877466,85821715,4894931,30454584,45422882,30896826,54924889
Western Africa,1988,77906474,88160280,5042057,31043797,46862677,31854909,56305371
Western Africa,1989,79893431,90671007,5184451,31637031,48256400,32887568,57783439
Western Africa,1990,81854481,93355513,5323362,32307027,49547454,34006532,59348981
Western Africa,1991,84043302,95935303,5493345,33079536,50963766,35128589,60806714
Western Africa,1992,86175984,98727965,5655533,33808169,52367815,36351795,62376170
Western Africa,1993,88259535,101712032,5810446,34531681,53727854,37656054,64055978
Western Africa,1994,90299449,104860907,5958035,35287171,55012278,39013192,65847715
Western Africa,1995,92303366,108152918,6098627,36120842,56182524,40404713,67748205
Western Africa,1996,94656687,111177480,6258818,37154688,57501999,41673272,69504208
Western Africa,1997,96961654,114378588,6404512,38111587,58850067,42981007,71397581
Western Africa,1998,99246187,117736590,6538459,39037580,60208607,44311030,73425560
Western Africa,1999,101546503,121227434,6663586,39989354,61557149,45642094,75585340
Western Africa,2000,103890817,124835074,6782406,41034283,62856534,46965438,77869636
Western Africa,2001,106698974,128072351,6965529,42322163,64376811,48125206,79947145
Western Africa,2002,109507277,131489275,7135377,43486083,66021194,49305006,82184269
Western Africa,2003,112351552,135074734,7294825,44591681,67759871,50506347,84568387
Western Africa,2004,115269598,138821045,7447431,45715656,69553942,51733329,87087716
Western Africa,2005,118285018,142726882,7595749,46938795,71346223,52994912,89731970
Western Africa,2006,121690091,146412701,7839215,48332617,73357474,54146283,92266418
Western Africa,2007,125138827,150325609,8073857,49623442,75515385,55354301,94971308
Western Africa,2008,128635247,154454783,8297472,50864791,77770456,56631096,97823687
Western Africa,2009,132174486,158791081,8507262,52110167,80064319,57993341,100797740
Western Africa,2010,135750216,163327681,8703267,53416239,82333977,59455149,103872532
Western Africa,2011,139610122,167740362,8961659,54832021,84778101,60892915,106847447
Western Africa,2012,143466199,172397336,9204810,56163153,87303046,62443717,109953619
Western Africa,2013,147307913,177298749,9435997,57439154,89868759,64113568,113185181
Western Africa,2014,151116277,182451509,9658824,58679641,92436636,65907396,116544113
Western Africa,2015,154877907,187858819,9877136,59914200,94963707,67828060,120030759
Western Africa,2016,158838934,193178995,10183650,61214153,97624781,69761987,123417008
Western Africa,2017,162685467,198823298,10481354,62355058,100330409,71845592,126977706
Western Africa,2018,166437063,204768498,10775127,63401653,103035410,74064549,130703949
Western Africa,2019,170128329,210977878,11069907,64439720,105688609,76391428,134586450
Western Africa,2020,173780890,217427664,11370338,65541933,108238957,78804848,138622816
Western Africa,2021,177550855,223871547,11766265,66663593,110887262,81202568,142668979
Western Africa,2022,181280836,230567935,12157133,67811897,113468939,83675587,146892348
Western Africa,2023,184955981,237531614,12547545,68993936,115962045,86224197,151307417
Western Africa,2024,188559170,244781035,12941985,70199402,118359768,88845086,155935949
Western Africa,2025,192094474,252312227,13344815,71432714,120661760,91526399,160785828
Western Africa,2026,195843268,259761430,13839011,72787063,123056205,94133475,165627955
Western Africa,2027,199504326,267521138,14332670,74060010,125444316,96797092,170724046
Western Africa,2028,203103917,275563459,14828776,75285393,127818524,99496681,176066778
Western Africa,2029,206686529,283843944,15328441,76513344,130173185,102197174,181646770
Western Africa,2030,210282072,292328923,15835483,77792433,132489639,104872805,187456118
Western Africa,2031,214143230,300681107,16433117,79189423,134953807,107415880,193265227
Western Africa,2032,217980724,309280034,17028190,80507669,137473055,109942584,199337450
Western Africa,2033,221798116,318106541,17632132,81780288,140017828,112453636,205652905
Western Africa,2034,225593115,327144569,18258008,83039187,142553928,114950158,212194411
Western Africa,2035,229365209,336378512,18916485,84320133,145045076,117431953,218946559
Western Africa,2036,233374612,345469283,19681778,85691053,147683559,119808078,225661205
Western Africa,2037,237329273,354796679,20461045,86976243,150353030,122174811,232621868
Western Africa,2038,241225713,364347154,21264030,88203362,153022351,124552623,239794531
Western Africa,2039,245059563,374106332,22101345,89400749,155658814,126967058,247139274
Western Africa,2040,248828055,384059593,22982420,90599097,158228958,129431923,254627670
Western Africa,2041,252793359,393873668,23971995,91867462,160925897,131874597,261999071
Western Africa,2042,256659146,403927909,24980365,93044999,163614147,134374015,269553894
Western Africa,2043,260422085,414210205,26013994,94157440,166264645,136928380,277281825
Western Africa,2044,264080999,424706521,27078395,95231874,168849125,139527060,285179461
Western Africa,2045,267636099,435401305,28180028,96296747,171339352,142159413,293241892
Western Africa,2046,271354234,445961050,29377720,97422179,173932055,144771539,301189511
Western Africa,2047,274941050,456758928,30586331,98462313,176478737,147420875,309338053
Western Africa,2048,278397598,467784722,31809402,99441761,178955837,150101672,317683050
Western Africa,2049,281730772,479027029,33046588,100388554,181342218,152800844,326226185
Western Africa,2050,284948365,490468279,34302177,101331386,183616979,155504926,334963353
Western Africa,2051,288329191,501766479,35633413,102344291,185984900,158173680,343592799
Western Africa,2052,291579300,513291102,36957375,103291280,188288020,160842015,352449087
Western Africa,2053,294698137,525020275,38288239,104188224,190509913,163504473,361515802
Western Africa,2054,297686761,536930877,39638908,105048365,192638396,166150532,370780345
Western Africa,2055,300549780,548996511,41023198,105889478,194660302,168768893,380227618
Western Africa,2056,303588771,560840930,42508243,106814406,196774365,171326816,389514114
Western Africa,2057,306480113,572878655,43997915,107642672,198837441,173855094,399023561
Western Africa,2058,309236703,585070501,45514942,108403635,200833068,176349160,408721341
Western Africa,2059,311880069,597368916,47083056,109135895,202744174,178799411,418569505
Western Africa,2060,314425712,609733796,48723381,109874182,204551530,181197076,428536720
Western Africa,2061,317147272,621811674,50509370,110686607,206460665,183537641,438274033
Western Africa,2062,319766827,633985334,52328534,111459402,208307425,185820863,448164471
Western Africa,2063,322278471,646231249,54204041,112200027,210078444,188052923,458178326
Western Africa,2064,324672929,658527875,56160000,112908910,211764019,190239571,468288304
Western Africa,2065,326949299,670847336,58218033,113593838,213355461,192381083,478466253
Western Africa,2066,329431301,682783238,60453495,114376863,215054438,194477092,488306146
Western Africa,2067,331775234,694794471,62742736,115063468,216711766,196529942,498264529
Western Africa,2068,333989314,706842709,65105878,115674665,218314649,198539276,508303433
Western Africa,2069,336087018,718884293,67562087,116238191,219848827,200499872,518384421
Western Africa,2070,338075240,730882930,70130308,116779924,221295316,202407077,528475853
Western Africa,2071,340250646,742462979,72881171,117394579,222856067,204286557,538176422
Western Africa,2072,342296924,754064544,75682292,117929709,224367215,206115868,547948676
Western Africa,2073,344210354,765658738,78554951,118401347,225809007,207899311,557759427
Western Africa,2074,345984650,777219263,81519519,118823790,227160860,209639400,567579863
Western Africa,2075,347616903,788719664,84594529,119212764,228404139,211335600,577384064
Western Africa,2076,349412878,799803126,87821932,119665093,229747785,213029874,586773252
Western Africa,2077,351058584,810889306,91089025,120046848,231011736,214678711,596210595
Western Africa,2078,352552692,821963232,94406259,120370217,232182475,216287094,605676138
Western Africa,2079,353897145,833015513,97776219,120648043,233249102,217857320,615158193
Western Africa,2080,355095620,844027331,101208856,120893960,234201660,219387753,624639578
Western Africa,2081,356452176,854629566,104762413,121207428,235244748,220924085,633705481
Western Africa,2082,357656808,865253317,108308506,121455307,236201501,222419254,642834063
Western Africa,2083,358712233,875859982,111876715,121649987,237062246,223868887,651991095
Western Africa,2084,359626397,886407151,115495176,121806664,237819733,225261439,661145712
Western Africa,2085,360407310,896854652,119189950,121940617,238466693,226586415,670268237
Western Africa,2086,361363344,906860166,122989237,122152321,239211023,227902301,678957865
Western Africa,2087,362186794,916834618,126783946,122311480,239875314,229148780,687685838
Western Africa,2088,362876699,926738942,130607237,122424297,240452402,230326224,696412718
Western Africa,2089,363432113,936535043,134491077,122494630,240937483,231432227,705102816
Western Africa,2090,363855157,946184949,138464870,122530171,241324986,232462799,713722150
Western Africa,2091,364470129,955338947,142548835,122652353,241817776,233479057,721859890
Western Africa,2092,364944328,964432643,146635538,122694203,242250125,234420833,730011810
Western Africa,2093,365284760,973422491,150757866,122672043,242612717,235290661,738131830
Western Africa,2094,365502556,982263786,154946008,122607567,242894989,236088344,746175442
Western Africa,2095,365606777,990915129,159228909,122522870,243083907,236812093,754103036
Western Africa,2096,365881735,999062334,163633136,122503560,243378175,237535577,761526757
Western Africa,2097,366045503,1007109436,168033059,122440110,243605393,238186329,768923107
Western Africa,2098,366098818,1015018953,172461844,122344916,243753902,238770326,776248627
Western Africa,2099,366035381,1022762560,176950424,122220649,243814732,239293586,783468974
Western Africa,2100,365845947,1030314676,181529805,122063004,243782943,239759218,790555458
Western Asia,1950,19479847,29535564,2177180,7640407,11839440,10132445,19403119
Western Asia,1951,20099038,30124123,2230105,8125643,11973395,10345233,19778890
Western Asia,1952,20779190,30703529,2287875,8648134,12131056,10528855,20174674
Western Asia,1953,21456529,31334220,2345595,9112750,12343779,10701393,20632827
Western Asia,1954,22118598,32031721,2394947,9494112,12624486,10867090,21164631
Western Asia,1955,22785168,32778567,2431247,9823847,12961321,11022207,21756360
Western Asia,1956,23680787,33326914,2478422,10285316,13395471,11088959,22237955
Western Asia,1957,24513140,33992290,2516696,10543269,13969871,11172735,22819555
Western Asia,1958,25339731,34718114,2551096,10693747,14645984,11265363,23452751
Western Asia,1959,26204505,35459651,2590011,10837505,15367000,11366164,24093487
Western Asia,1960,27118728,36207229,2638671,11051945,16066783,11483575,24723654
Western Asia,1961,28068233,36947337,2728611,11217410,16850823,11618959,25328378
Western Asia,1962,29091313,37677677,2822520,11496460,17594853,11766200,25911477
Western Asia,1963,30136862,38444356,2917777,11860687,18276175,11956935,26487421
Western Asia,1964,31126305,39317597,3011700,12237467,18888838,12237441,27080156
Western Asia,1965,32023401,40327729,3103257,12580862,19442539,12631868,27695861
Western Asia,1966,33000822,41277403,3214829,12995017,20005805,13073740,28203663
Western Asia,1967,33870107,42382135,3325156,13306618,20563489,13632971,28749164
Western Asia,1968,34673813,43608407,3435978,13549821,21123992,14278611,29329796
Western Asia,1969,35482960,44898988,3548636,13792153,21690807,14960304,29938684
Western Asia,1970,36337657,46223969,3664207,14090057,22247600,15646281,30577688
Western Asia,1971,37276969,47526639,3806090,14427700,22849269,16304287,31222352
Western Asia,1972,38248574,48885007,3947479,14767866,23480708,16969143,31915864
Western Asia,1973,39248502,50298193,4089760,15122327,24126175,17626937,32671256
Western Asia,1974,40257180,51775733,4236507,15489261,24767919,18266137,33509596
Western Asia,1975,41264861,53321253,4390116,15873786,25391075,18881958,34439295
Western Asia,1976,42342834,54861991,4545625,16292790,26050044,19512268,35349723
Western Asia,1977,43408268,56483192,4704590,16688715,26719553,20107622,36375570
Western Asia,1978,44480459,58193062,4857898,17076845,27403614,20680294,37512768
Western Asia,1979,45585231,60004914,4991458,17480395,28104836,21255183,38749731
Western Asia,1980,46736562,61925722,5098885,17919820,28816742,21850991,40074731
Western Asia,1981,47938457,63946431,5193048,18386435,29552022,22492825,41453606
Western Asia,1982,49173361,66079799,5263316,18847410,30325951,23142139,42937660
Western Asia,1983,50422335,68295237,5321862,19296218,31126117,23785199,44510038
Western Asia,1984,51649985,70559883,5385462,19717678,31932307,24410552,46149331
Western Asia,1985,52829516,72852111,5464621,20106958,32722558,25016834,47835277
Western Asia,1986,54125784,74969186,5581451,20545364,33580420,25729138,49240048
Western Asia,1987,55338173,77140999,5712917,20888349,34449824,26432702,50708297
Western Asia,1988,56491504,79349805,5862432,21161972,35329532,27117341,52232464
Western Asia,1989,57609090,81588732,6033308,21399154,36209936,27790049,53798683
Western Asia,1990,58692894,83867078,6227959,21621847,37071047,28468944,55398134
Western Asia,1991,59681261,86224917,6474921,21787400,37893861,29103511,57121406
Western Asia,1992,60636454,88627810,6739037,21942822,38693632,29744540,58883270
Western Asia,1993,61529674,91091456,7016962,22084205,39445469,30399841,60691615
Western Asia,1994,62332790,93625232,7304447,22211098,40121692,31078780,62546452
Western Asia,1995,63039482,96224707,7599405,22337186,40702296,31789279,64435428
Western Asia,1996,63726802,98834498,7884257,22523197,41203605,32794671,66039827
Western Asia,1997,64361153,101499417,8166664,22700861,41660292,33753850,67745567
Western Asia,1998,64977512,104204255,8448869,22876364,42101148,34624620,69579635
Western Asia,1999,65590367,106961263,8733338,23043519,42546848,35395778,71565485
Western Asia,2000,66193198,109804020,9021659,23192066,43001132,36091407,73712613
Western Asia,2001,66714276,112799975,9306106,23312219,43402057,36997050,75802925
Western Asia,2002,67175321,115933269,9594725,23391027,43784294,37844415,78088854
Western Asia,2003,67632241,119235935,9882998,23461158,44171083,38625077,80610858
Western Asia,2004,68156405,122752921,10162021,23582083,44574322,39350230,83402691
Western Asia,2005,68789425,126512696,10428561,23802603,44986822,40040112,86472584
Western Asia,2006,69320468,130747782,10697212,24006142,45314326,41034728,89713054
Western Asia,2007,69965211,135207960,10953101,24325958,45639253,41931669,93276291
Western Asia,2008,70696369,139783234,11206808,24727450,45968919,42682386,97100848
Western Asia,2009,71456325,144340559,11471264,25154322,46302003,43258786,101081773
Western Asia,2010,72207203,148775046,11755775,25572775,46634428,43673705,105101341
Western Asia,2011,73247152,152754832,12048871,26141787,47105365,44108855,108645977
Western Asia,2012,74255917,156616332,12354316,26623851,47632066,44448324,112168008
Western Asia,2013,75246095,160344745,12685513,27023798,48222297,44686152,115658593
Western Asia,2014,76220199,163951358,13062333,27339512,48880687,44845583,119105775
Western Asia,2015,77154598,167470703,13498613,27562928,49591670,44978684,122492019
Western Asia,2016,77960033,170975054,14002922,27763181,50196852,45560814,125414240
Western Asia,2017,78650866,174444377,14564281,27796054,50854812,46066902,128377475
Western Asia,2018,79265854,177862242,15170303,27709685,51556169,46466877,131395365
Western Asia,2019,79853319,181216407,15799275,27596934,52256385,46768172,134448235
Western Asia,2020,80437890,184505340,16439048,27541987,52895903,47015260,137490080
Western Asia,2021,80915697,187773064,17154756,27448536,53467161,47593681,140179383
Western Asia,2022,81436654,190943173,17871920,27503993,53932661,48129093,142814080
Western Asia,2023,81972901,194024287,18607495,27668452,54304449,48594863,145429424
Western Asia,2024,82451274,197057973,19388261,27844463,54606811,49005123,148052850
Western Asia,2025,82817827,200077963,20232149,27944789,54873038,49397414,150680549
Western Asia,2026,83147924,203022308,21125435,28039981,55107943,50123055,152899253
Western Asia,2027,83346935,205990531,22069044,28080546,55266389,50874952,155115579
Western Asia,2028,83455943,208955669,23060178,28070456,55385487,51587505,157368164
Western Asia,2029,83542493,211874493,24089309,28051124,55491369,52199691,159674802
Western Asia,2030,83640677,214726160,25153932,28056640,55584037,52698016,162028144
Western Asia,2031,83745247,217546552,26227817,28090944,55654303,53387068,164159484
Western Asia,2032,83842031,220328711,27329920,28145868,55696163,53988926,166339785
Western Asia,2033,83943878,223044897,28470799,28218211,55725667,54467836,168577061
Western Asia,2034,84043669,225680846,29664490,28293175,55750494,54812235,170868611
Western Asia,2035,84134230,228228565,30920320,28363418,55770812,55035119,173193446
Western Asia,2036,84304253,230654390,32181866,28480703,55823550,55342723,175311667
Western Asia,2037,84456766,233015962,33489215,28572309,55884457,55548677,177467285
Western Asia,2038,84610102,235289827,34846390,28645204,55964898,55646214,179643613
Western Asia,2039,84776130,237461591,36254994,28711133,56064997,55655111,181806480
Western Asia,2040,84952428,239531253,37716104,28778830,56173598,55608008,183923245
Western Asia,2041,85185274,241532531,39148121,28869078,56316196,55706396,185826135
Western Asia,2042,85412836,243461586,40614274,28948752,56464084,55770513,187691073
Western Asia,2043,85639141,245313222,42112656,29018475,56620666,55789606,189523616
Western Asia,2044,85857238,247095949,43638276,29075722,56781516,55765011,191330938
Western Asia,2045,86056216,248819068,45189548,29119477,56936739,55712564,193106504
Western Asia,2046,86291515,250520087,46671500,29177602,57113913,55831779,194688308
Western Asia,2047,86495345,252193678,48155426,29216967,57278378,55938377,196255301
Western Asia,2048,86673705,253821300,49651110,29238971,57434734,56018439,197802861
Western Asia,2049,86827512,255386674,51171146,29245770,57581742,56068295,199318379
Western Asia,2050,86950641,256883362,52725670,29238870,57711771,56098064,200785298
Western Asia,2051,87096138,258365553,54206046,29241646,57854492,56303384,202062169
Western Asia,2052,87201825,259816207,55690409,29230773,57971052,56495976,203320231
Western Asia,2053,87273589,261222659,57183910,29207214,58066375,56657317,204565342
Western Asia,2054,87312860,262579876,58688582,29171952,58140908,56778128,205801748
Western Asia,2055,87316013,263887067,60207859,29125983,58190030,56864035,207023032
Western Asia,2056,87340708,265207584,61620011,29093201,58247507,57103495,208104089
Western Asia,2057,87326424,266512349,63015003,29053115,58273309,57312394,209199955
Western Asia,2058,87282038,267783986,64402867,29007061,58274977,57474620,210309366
Western Asia,2059,87213495,269006953,65795421,28957643,58255852,57584020,211422933
Western Asia,2060,87120917,270171022,67204760,28907007,58213910,57647337,212523685
Western Asia,2061,87065692,271347129,68499556,28879386,58186306,57846286,213500843
Western Asia,2062,86988637,272494396,69780439,28854566,58134071,58003588,214490808
Western Asia,2063,86896160,273599136,71055933,28830008,58066152,58104698,215494438
Western Asia,2064,86789565,274657768,72329696,28801749,57987816,58145314,216512454
Western Asia,2065,86666245,275666910,73609078,28767754,57898491,58133388,217533522
Western Asia,2066,86599983,276683634,74764263,28766352,57833631,58240498,218443136
Western Asia,2067,86512419,277691911,75890884,28748941,57763478,58304221,219387690
Western Asia,2068,86414437,278656073,77015770,28719808,57694629,58312505,220343568
Western Asia,2069,86313328,279536321,78173571,28686080,57627248,58262888,221273433
Western Asia,2070,86207691,280306613,79393650,28653164,57554527,58164439,222142174
Western Asia,2071,86154691,281047720,80539162,28642692,57511999,58185076,222862644
Western Asia,2072,86097315,281731389,81696122,28631751,57465564,58167307,223564082
Western Asia,2073,86036898,282334490,82886956,28618321,57418577,58103276,224231214
Western Asia,2074,85966888,282838911,84136839,28597433,57369455,57995744,224843167
Western Asia,2075,85878352,283232589,85467154,28565915,57312437,57855896,225376693
Western Asia,2076,85841289,283599920,86724054,28557359,57283930,57842546,225757374
Western Asia,2077,85782880,283913936,88007788,28532846,57250034,57808856,226105080
Western Asia,2078,85708104,284167185,89321079,28494377,57213727,57743990,226423195
Western Asia,2079,85619012,284363312,90658192,28445935,57173077,57644850,226718462
Western Asia,2080,85511057,284504233,92021777,28390235,57120822,57518127,226986106
Western Asia,2081,85445506,284702723,93238124,28349840,57095666,57519185,227183538
Western Asia,2082,85362004,284903171,94423253,28304083,57057921,57504089,227399082
Western Asia,2083,85260954,285084791,95597064,28251758,57009196,57461052,227623739
Western Asia,2084,85137590,285229173,96782009,28190207,56947383,57385256,227843917
Western Asia,2085,84984571,285321641,97999608,28117459,56867112,57280933,228040708
Western Asia,2086,84874919,285499811,99039345,28063018,56811901,57297111,228202700
Western Asia,2087,84738947,285685348,100049485,27999816,56739131,57294831,228390517
Western Asia,2088,84579036,285851267,101054951,27927573,56651463,57262096,228589171
Western Asia,2089,84395711,285974083,102078872,27846914,56548797,57193714,228780369
Western Asia,2090,84185413,286036572,103142450,27758257,56427156,57093336,228943236
Western Asia,2091,84023512,286196966,104012469,27690197,56333315,57104442,229092524
Western Asia,2092,83839897,286353262,104861611,27617063,56222834,57093453,229259809
Western Asia,2093,83636892,286477726,105715892,27538393,56098499,57048796,229428930
Western Asia,2094,83413353,286542702,106604809,27453430,55959923,56964533,229578169
Western Asia,2095,83164467,286524689,107557454,27361507,55802960,56842671,229682018
Western Asia,2096,82972494,286603584,108312515,27294076,55678418,56821847,229781737
Western Asia,2097,82763149,286660078,109064599,27222565,55540584,56774598,229885480
Western Asia,2098,82538374,286664923,109841988,27146873,55391501,56690845,229974078
Western Asia,2099,82297717,286592036,110672444,27067223,55230494,56566700,230025336
Western Asia,2100,82037729,286421375,111580539,26983909,55053820,56405513,230015862
Western Europe,1950,33086877,94919223,14453590,11440170,21646707,21129394,73789829
Western Europe,1951,33217564,95250597,14738349,11801491,21416073,21188452,74062145
Western Europe,1952,33129550,95887169,15047179,11839501,21290049,21421880,74465289
Western Europe,1953,33105258,96542729,15339089,11830889,21274369,21712359,74830370
Western Europe,1954,33248581,97098045,15599524,11851937,21396644,21940418,75157627
Western Europe,1955,33550949,97542204,15833009,11930220,21620729,22046717,75495487
Western Europe,1956,33878043,97901166,16148838,11888681,21989362,22056237,75844929
Western Europe,1957,34418004,98126297,16423335,12004947,22413057,21970928,76155369
Western Europe,1958,35066122,98320689,16686067,12216848,22849274,21843588,76477101
Western Europe,1959,35713461,98598044,16967871,12466706,23246755,21740185,76857859
Western Europe,1960,36315577,99015588,17285259,12715467,23600110,21700088,77315500
Western Europe,1961,36929361,99480647,17682365,12993097,23936264,21780825,77699822
Western Europe,1962,37496362,100094732,18090559,13268201,24228161,21897277,78197455
Western Europe,1963,38005717,100804039,18509628,13511397,24494320,22061371,78742668
Western Europe,1964,38462279,101517696,18936877,13700972,24761307,22284674,79233022
Western Europe,1965,38859847,102176639,19371184,13820009,25039838,22567245,79609394
Western Europe,1966,39325406,102584225,19855065,13985358,25340048,22885337,79698888
Western Europe,1967,39670147,102999832,20326559,13977088,25693059,23258399,79741433
Western Europe,1968,39915778,103420842,20779654,13831088,26084690,23643900,79776942
Western Europe,1969,40076196,103867160,21208068,13594544,26481652,23989143,79878017
Western Europe,1970,40144678,104364720,21611552,13305780,26838898,24271672,80093048
Western Europe,1971,40087060,104843187,22100734,12920912,27166148,24598244,80244943
Western Europe,1972,39910287,105416542,22541977,12494807,27415480,24873503,80543039
Western Europe,1973,39613385,106060828,22939927,12054184,27559201,25118541,80942287
Western Europe,1974,39194746,106744765,23299722,11624554,27570192,25375473,81369292
Western Europe,1975,38656478,107451583,23620530,11213977,27442501,25668200,81783383
Western Europe,1976,37908207,108095471,24076488,10691472,27216735,26008356,82087115
Western Europe,1977,37134939,108690846,24488816,10353104,26781835,26375353,82315493
Western Europe,1978,36316362,109341757,24809935,10148508,26167854,26754671,82587086
Western Europe,1979,35449206,110180895,24959215,10016649,25432557,27117672,83063223
Western Europe,1980,34563509,111258302,24897077,9919699,24643810,27436314,83821988
Western Europe,1981,33812374,112313091,24741602,9957862,23854512,27673513,84639578
Western Europe,1982,33068987,113595590,24375966,10007389,23061598,27869419,85726171
Western Europe,1983,32371649,114968436,23931454,10062977,22308672,27991141,86977295
Western Europe,1984,31771683,116227555,23597034,10129633,21642050,27991670,88235885
Western Europe,1985,31301103,117254873,23483532,10219575,21081528,27843148,89411725
Western Europe,1986,31094180,117882152,23634669,10432818,20661362,27561170,90320982
Western Europe,1987,30942346,118372209,23988270,10521413,20420933,27145407,91226802
Western Europe,1988,30875526,118756852,24465465,10532005,20343521,26610525,92146327
Western Europe,1989,30900549,119122097,24946151,10515275,20385274,25993530,93128567
Western Europe,1990,31002029,119526517,25361423,10507665,20494364,25328599,94197918
Western Europe,1991,31160887,119857772,25846315,10440275,20720612,24690718,95167054
Western Europe,1992,31375298,120230291,26278568,10381354,20993944,24015430,96214861
Western Europe,1993,31612251,120618160,26661730,10334734,21277517,23347177,97270983
Western Europe,1994,31819744,120992449,27006245,10290492,21529252,22753656,98238793
Western Europe,1995,31959992,121334614,27320264,10231779,21728213,22281837,99052777
Western Europe,1996,31900983,121594578,27757322,10084041,21816942,21961866,99632712
Western Europe,1997,31832135,121794978,28123116,10031111,21801024,21766028,100028950
Western Europe,1998,31733083,121968380,28461524,10031017,21702066,21675245,100293135
Western Europe,1999,31594464,122146845,28832574,10036035,21558429,21658303,100488542
Western Europe,2000,31423054,122346866,29272256,10015780,21407274,21693253,100653613
Western Europe,2001,31276337,122489865,29824693,10041681,21234656,21856331,100633534
Western Europe,2002,31076139,122682651,30442093,10013504,21062635,22072488,100610163
Western Europe,2003,30854742,122900030,31084124,9948014,20906728,22288240,100611790
Western Europe,2004,30651953,123118696,31682697,9878659,20773294,22443057,100675639
Western Europe,2005,30480763,123328175,32200685,9826819,20653944,22505465,100822710
Western Europe,2006,30302867,123448247,32743111,9766980,20535887,22549455,100898792
Western Europe,2007,30156185,123575675,33195734,9729600,20426585,22509942,101065733
Western Europe,2008,30041354,123701411,33606718,9712007,20329347,22396415,101304996
Western Europe,2009,29945170,123816009,34054948,9703318,20241852,22241708,101574301
Western Europe,2010,29861892,123910198,34593997,9699225,20162667,22071772,101838426
Western Europe,2011,29832751,124047041,35131837,9707430,20125321,22023712,102023329
Western Europe,2012,29807949,124185526,35741204,9721124,20086825,21957479,102228047
Western Europe,2013,29793812,124302659,36409778,9740472,20053340,21864327,102438332
Western Europe,2014,29795123,124390880,37097236,9766797,20028326,21747654,102643226
Western Europe,2015,29809181,124449804,37773321,9796703,20012478,21616464,102833340
Western Europe,2016,29817164,124491462,38438233,9816869,20000295,21545191,102946271
Western Europe,2017,29836088,124503371,39091117,9856768,19979320,21479556,103023815
Western Europe,2018,29863748,124474450,39734735,9906676,19957072,21409478,103064972
Western Europe,2019,29891027,124384130,40388842,9952117,19938910,21322114,103062016
Western Europe,2020,29909321,124209902,41078243,9980949,19928372,21209730,103000172
Western Europe,2021,29961249,123898124,41806446,10013238,19948011,21119198,102778926
Western Europe,2022,30001011,123532446,42537424,10032300,19968711,21026255,102506191
Western Europe,2023,30030480,123099588,43298329,10038144,19992336,20927711,102171877
Western Europe,2024,30054364,122589860,44116898,10034793,20019571,20824400,101765460
Western Europe,2025,30074229,122004041,45007656,10024327,20049902,20718697,101285344
Western Europe,2026,30109491,121389999,45908304,10002595,20106896,20680214,100709785
Western Europe,2027,30138636,120734372,46849756,9984757,20153879,20645281,100089091
Western Europe,2028,30158749,120045323,47823553,9968416,20190333,20610230,99435093
Western Europe,2029,30163760,119337257,48815138,9948954,20214806,20574080,98763177
Western Europe,2030,30149098,118619864,49814659,9921270,20227828,20536288,98083576
Western Europe,2031,30138848,117943489,50747783,9882651,20256197,20566708,97376781
Western Europe,2032,30114230,117281437,51662047,9854034,20260196,20600505,96680932
Western Europe,2033,30074732,116654799,52536041,9830795,20243937,20630951,96023848
Western Europe,2034,30019682,116090940,53342189,9807674,20212008,20652098,95438842
Western Europe,2035,29948310,115599831,54070531,9779259,20169051,20659477,94940354
Western Europe,2036,29902184,115258229,54602563,9753418,20148766,20728444,94529785
Western Europe,2037,29843238,115009080,55033195,9733492,20109746,20789694,94219386
Western Europe,2038,29772339,114822052,55391146,9716191,20056148,20833208,93988844
Western Europe,2039,29691876,114663139,55707305,9698929,19992947,20851083,93812056
Western Europe,2040,29604079,114509002,56002294,9679089,19924990,20839510,93669492
Western Europe,2041,29554587,114460688,56129458,9666145,19888442,20877417,93583271
Western Europe,2042,29500298,114442786,56207853,9657923,19842375,20892935,93549851
Western Europe,2043,29444878,114425726,56264328,9653225,19791653,20882871,93542855
Western Europe,2044,29388733,114364776,56344471,9650197,19738536,20846449,93518327
Western Europe,2045,29329294,114221297,56490713,9645693,19683601,20782788,93438509
Western Europe,2046,29312326,114115578,56538109,9647366,19664960,20773871,93341707
Western Europe,2047,29298102,113959293,56615562,9657368,19640734,20747423,93211870
Western Europe,2048,29284262,113743392,56735335,9671533,19612729,20699504,93043888
Western Europe,2049,29266975,113469359,56900551,9684829,19582146,20630165,92839194
Western Europe,2050,29243289,113137619,57114839,9692541,19550748,20540696,92596923
Western Europe,2051,29265045,112868380,57207444,9707194,19557851,20510203,92358177
Western Europe,2052,29284788,112574882,57314542,9724130,19560658,20472108,92102774
Western Europe,2053,29301624,112259050,57437569,9740398,19561226,20422162,91836888
Western Europe,2054,29312959,111928365,57574411,9752716,19560243,20358154,91570211
Western Europe,2055,29314826,111582910,57731709,9757203,19557623,20279016,91303894
Western Europe,2056,29351826,111332489,57756524,9763301,19588525,20258400,91074089
Western Europe,2057,29384311,111112848,57754483,9770318,19613993,20235860,90876988
Western Europe,2058,29410517,110908189,57746357,9775746,19634771,20206666,90701523
Western Europe,2059,29426285,110696005,57762372,9776353,19649932,20167581,90528424
Western Europe,2060,29425940,110453691,57833675,9767956,19657984,20115985,90337706
Western Europe,2061,29450348,110293898,57808048,9757176,19693172,20121907,90171991
Western Europe,2062,29467691,110154008,57780424,9750209,19717482,20127993,90026015
Western Europe,2063,29474177,110017293,57772131,9743327,19730850,20128029,89889264
Western Europe,2064,29464623,109865888,57806662,9732055,19732568,20117385,89748503
Western Europe,2065,29433698,109680250,57909003,9711537,19722161,20092393,89587857
Western Europe,2066,29432158,109604568,57884512,9692390,19739768,20125758,89478810
Western Europe,2067,29419912,109539624,57871890,9677259,19742653,20156631,89382993
Western Europe,2068,29393022,109461626,57896571,9662261,19730761,20176779,89284847
Western Europe,2069,29348224,109350093,57979210,9643708,19704516,20179875,89170218
Western Europe,2070,29283188,109189884,58134628,9617892,19665296,20162133,89027751
Western Europe,2071,29259516,109165674,58115760,9599495,19660021,20200841,88964833
Western Europe,2072,29225343,109130289,58121006,9585386,19639957,20229160,88901129
Western Europe,2073,29178383,109065255,58169104,9572200,19606183,20240330,88824925
Western Europe,2074,29117011,108955586,58274315,9556796,19560215,20229965,88725621
Western Europe,2075,29040045,108788965,58448427,9536014,19504031,20195655,88593310
Western Europe,2076,29009915,108750832,58442803,9525830,19484085,20212128,88538704
Western Europe,2077,28973764,108693904,58457613,9519890,19453874,20215206,88478698
Western Europe,2078,28931312,108606935,58504505,9515505,19415807,20201021,88405914
Western Europe,2079,28879563,108471908,58605136,9509011,19370552,20166462,88305446
Western Europe,2080,28813307,108264800,58789324,9496046,19317261,20108129,88156671
Western Europe,2081,28796271,108174191,58804686,9494566,19301705,20098474,88075717
Western Europe,2082,28776072,108065131,58839018,9494664,19281408,20078713,87986418
Western Europe,2083,28749844,107920137,58914997,9493731,19256113,20043900,87876237
Western Europe,2084,28713418,107721329,59057619,9489070,19224348,19990635,87730694
Western Europe,2085,28661500,107449412,59293790,9477373,19184127,19916189,87533223
Western Europe,2086,28660288,107317567,59344792,9476283,19184005,19894628,87422939
Western Europe,2087,28656672,107171513,59417825,9477742,19178930,19866533,87304980
Western Europe,2088,28644799,106990343,59539752,9477869,19166930,19826463,87163880
Western Europe,2089,28618080,106757358,59733680,9472236,19145844,19771209,86986149
Western Europe,2090,28570868,106458090,60019405,9456713,19114155,19698696,86759394
Western Europe,2091,28574164,106319950,60098105,9451962,19122202,19682287,86637663
Western Europe,2092,28568798,106172290,60199243,9446065,19122733,19662438,86509852
Western Europe,2093,28551127,105998108,60342826,9436572,19114555,19634041,86364067
Western Europe,2094,28516661,105778530,60551497,9421035,19095626,19592758,86185772
Western Europe,2095,28459872,105492694,60850616,9396469,19063403,19534735,85957959
Western Europe,2096,28451412,105382597,60926280,9381574,19069838,19532894,85849703
Western Europe,2097,28434602,105263262,61018584,9368586,19066016,19527686,85735576
Western Europe,2098,28404122,105112229,61153430,9354393,19049729,19512799,85599430
Western Europe,2099,28353460,104907444,61357264,9334761,19018699,19482922,85424522
Western Europe,2100,28275735,104627653,61655807,9304571,18971164,19433779,85193874
Western Sahara,1950,5859,7522,385,2382,3477,2616,4906
Western Sahara,1951,6756,8868,438,2703,4053,3233,5635
Western Sahara,1952,7262,9839,469,2877,4385,3717,6122
Western Sahara,1953,7560,10668,498,2979,4581,4119,6549
Western Sahara,1954,7806,11503,528,3087,4719,4482,7021
Western Sahara,1955,8129,12451,567,3265,4864,4838,7613
Western Sahara,1956,8712,13486,596,3510,5202,5290,8196
Western Sahara,1957,9421,14771,642,3853,5568,5814,8957
Western Sahara,1958,10246,16287,699,4296,5950,6381,9906
Western Sahara,1959,11164,17975,773,4817,6347,6960,11015
Western Sahara,1960,12140,19772,849,5395,6745,7510,12262
Western Sahara,1961,13385,21438,901,5992,7393,8124,13314
Western Sahara,1962,14597,23288,964,6554,8043,8772,14516
Western Sahara,1963,15882,25384,1042,7141,8741,9458,15926
Western Sahara,1964,17366,27804,1144,7847,9519,10197,17607
Western Sahara,1965,19133,30571,1266,8745,10388,10969,19602
Western Sahara,1966,21889,33364,1373,9879,12010,11769,21595
Western Sahara,1967,24969,36650,1506,11152,13817,12727,23923
Western Sahara,1968,27934,39896,1646,12364,15570,13657,26239
Western Sahara,1969,30076,42493,1768,13128,16948,14374,28119
Western Sahara,1970,30926,44091,1857,13180,17746,14784,29307
Western Sahara,1971,31950,42548,1874,13532,18418,14249,28299
Western Sahara,1972,31601,40053,1831,13002,18599,13652,26401
Western Sahara,1973,30876,37752,1776,12172,18704,13337,24415
Western Sahara,1974,31428,37008,1776,11996,19432,13746,23262
Western Sahara,1975,34523,38561,1870,13258,21265,15191,23370
Western Sahara,1976,36984,46402,2233,13827,23157,18352,28050
Western Sahara,1977,41598,56813,2775,15736,25862,22230,34583
Western Sahara,1978,47187,68693,3450,18479,28708,26308,42385
Western Sahara,1979,52174,80331,4194,21151,31023,29875,50456
Western Sahara,1980,55531,90407,4939,22975,32556,32457,57950
Western Sahara,1981,59990,95896,5176,25619,34371,33614,62282
Western Sahara,1982,63094,99655,5309,27296,35798,34030,65625
Western Sahara,1983,65245,102283,5374,28150,37095,33972,68311
Western Sahara,1984,67212,104638,5423,28657,38555,33801,70837
Western Sahara,1985,69524,107412,5485,29228,40296,33778,73634
Western Sahara,1986,72638,110393,5577,29964,42674,34678,75715
Western Sahara,1987,75757,114016,5665,30523,45234,35808,78208
Western Sahara,1988,78819,118171,5736,30987,47832,37116,81055
Western Sahara,1989,81655,122635,5790,31398,50257,38513,84122
Western Sahara,1990,84170,127282,5806,31814,52356,39930,87352
Western Sahara,1991,86937,131531,5915,32164,54773,41403,90128
Western Sahara,1992,89594,136118,6015,32679,56915,42966,93152
Western Sahara,1993,92108,141135,6086,33314,58794,44662,96473
Western Sahara,1994,94433,146694,6130,33968,60465,46559,100135
Western Sahara,1995,96625,152870,6139,34603,62022,48688,104182
Western Sahara,1996,98640,159093,6375,35195,63445,51349,107744
Western Sahara,1997,100313,165899,6628,35436,64877,54027,111872
Western Sahara,1998,102294,173855,6934,35659,66635,56818,117037
Western Sahara,1999,105422,183748,7342,36376,69046,59898,123850
Western Sahara,2000,110206,196031,7881,37982,72224,63390,132641
Western Sahara,2001,115525,212895,8231,39308,76217,68884,144011
Western Sahara,2002,122050,232464,8713,41343,80707,74617,157847
Western Sahara,2003,128842,253075,9250,43738,85104,80017,173058
Western Sahara,2004,134464,272577,9756,45752,88712,84451,188126
Western Sahara,2005,137859,289477,10179,46699,91160,87581,201896
Western Sahara,2006,140693,301133,10524,47813,92880,90434,210699
Western Sahara,2007,141687,309792,10728,48323,93364,92258,217534
Western Sahara,2008,141420,316372,10841,48320,93100,93248,223124
Western Sahara,2009,140916,322209,10919,48248,92668,93743,228466
Western Sahara,2010,140963,328288,11023,48513,92450,94004,234284
Western Sahara,2011,141595,334705,11349,48999,92596,94658,240047
Western Sahara,2012,142976,341103,11693,50129,92847,95012,246091
Western Sahara,2013,145032,347715,12108,51699,93333,95086,252629
Western Sahara,2014,147456,354877,12658,53293,94163,95017,259860
Western Sahara,2015,150051,362791,13374,54611,95440,94935,267856
Western Sahara,2016,152683,371695,14377,55863,96820,95523,276172
Western Sahara,2017,155055,382000,15573,56372,98683,96381,285619
Western Sahara,2018,157350,393103,16968,56381,100969,97312,295791
Western Sahara,2019,159795,404139,18544,56323,103472,98116,306023
Western Sahara,2020,162423,414625,20291,56469,105954,98703,315922
Western Sahara,2021,164586,425046,22213,56007,108579,100161,324885
Western Sahara,2022,167038,434784,24267,56272,110766,101437,333347
Western Sahara,2023,169545,444152,26431,57023,112522,102580,341572
Western Sahara,2024,171715,453713,28653,57803,113912,103730,349983
Western Sahara,2025,173361,463735,30929,58274,115087,104964,358771
Western Sahara,2026,175042,473755,33166,58779,116263,107130,366625
Western Sahara,2027,176131,484235,35434,59052,117079,109418,374817
Western Sahara,2028,176819,494952,37761,59122,117697,111675,383277
Western Sahara,2029,177416,505572,40183,59149,118267,113741,391831
Western Sahara,2030,178080,515877,42726,59226,118854,115513,400364
Western Sahara,2031,178852,525962,45265,59209,119643,117992,407970
Western Sahara,2032,179623,535848,47884,59339,120284,120253,415595
Western Sahara,2033,180401,545490,50618,59577,120824,122176,423314
Western Sahara,2034,181110,554942,53483,59829,121281,123661,431281
Western Sahara,2035,181704,564211,56519,60016,121688,124674,439537
Western Sahara,2036,182408,573245,59558,60137,122271,126188,447057
Western Sahara,2037,183012,582129,62709,60347,122665,127265,454864
Western Sahara,2038,183562,590807,66009,60608,122954,127932,462875
Western Sahara,2039,184100,599190,69490,60890,123210,128309,470881
Western Sahara,2040,184650,607249,73177,61155,123495,128490,478759
Western Sahara,2041,185383,614956,76919,61376,124007,129456,485500
Western Sahara,2042,186092,622428,80803,61699,124393,130291,492137
Western Sahara,2043,186805,629643,84825,62076,124729,130925,498718
Western Sahara,2044,187532,636599,88982,62456,125076,131291,505308
Western Sahara,2045,188261,643311,93279,62784,125477,131373,511938
Western Sahara,2046,189183,649715,97584,63060,126123,132168,517547
Western Sahara,2047,190050,655996,101947,63374,126676,132773,523223
Western Sahara,2048,190901,662082,106380,63702,127199,133151,528931
Western Sahara,2049,191733,667903,110907,64008,127725,133293,534610
Western Sahara,2050,192540,673448,115541,64253,128287,133224,540224
Western Sahara,2051,193453,678675,120173,64391,129062,133865,544810
Western Sahara,2052,194308,683740,124806,64607,129701,134378,549362
Western Sahara,2053,195112,688629,129448,64856,130256,134724,553905
Western Sahara,2054,195846,693355,134088,65079,130767,134892,558463
Western Sahara,2055,196480,697944,138733,65209,131271,134897,563047
Western Sahara,2056,197187,702360,143246,65239,131948,135615,566745
Western Sahara,2057,197771,706749,147677,65316,132455,136251,570498
Western Sahara,2058,198259,711077,152021,65411,132848,136748,574329
Western Sahara,2059,198673,715366,156251,65495,133178,137075,578291
Western Sahara,2060,199017,719622,160367,65531,133486,137229,582393
Western Sahara,2061,199408,723807,164275,65463,133945,138026,585781
Western Sahara,2062,199725,728057,167977,65503,134222,138723,589334
Western Sahara,2063,199985,732279,171549,65607,134378,139258,593021
Western Sahara,2064,200184,736392,175075,65711,134473,139595,596797
Western Sahara,2065,200320,740334,178623,65764,134556,139729,600605
Western Sahara,2066,200548,744016,182134,65761,134787,140420,603596
Western Sahara,2067,200700,747635,185581,65825,134875,140979,606656
Western Sahara,2068,200813,751135,188993,65924,134889,141350,609785
Western Sahara,2069,200907,754514,192366,66024,134883,141513,613001
Western Sahara,2070,200985,757753,195728,66090,134895,141467,616286
Western Sahara,2071,201167,760703,199112,66100,135067,141911,618792
Western Sahara,2072,201320,763652,202375,66179,135141,142225,621427
Western Sahara,2073,201472,766433,205642,66300,135172,142355,624078
Western Sahara,2074,201620,768904,209084,66425,135195,142296,626608
Western Sahara,2075,201756,770962,212790,66513,135243,142053,628909
Western Sahara,2076,201983,772486,216792,66541,135442,142285,630201
Western Sahara,2077,202196,773751,220938,66641,135555,142410,631341
Western Sahara,2078,202403,774779,225181,66779,135624,142390,632389
Western Sahara,2079,202598,775666,229439,66908,135690,142219,633447
Western Sahara,2080,202765,776477,233668,66989,135776,141911,634566
Western Sahara,2081,203013,777091,237864,67009,136004,142075,635016
Western Sahara,2082,203223,777765,241915,67070,136153,142175,635590
Western Sahara,2083,203405,778417,245880,67145,136260,142167,636250
Western Sahara,2084,203564,778963,249842,67211,136353,142035,636928
Western Sahara,2085,203688,779343,253868,67232,136456,141771,637572
Western Sahara,2086,203868,779565,257873,67182,136686,141958,637607
Western Sahara,2087,204016,779781,261774,67197,136819,142086,637695
Western Sahara,2088,204130,779948,265621,67240,136890,142115,637833
Western Sahara,2089,204199,780033,269452,67271,136928,142026,638007
Western Sahara,2090,204196,780011,273308,67245,136951,141818,638193
Western Sahara,2091,204275,779977,276945,67174,137101,142035,637942
Western Sahara,2092,204286,779975,280455,67140,137146,142195,637780
Western Sahara,2093,204250,779942,283905,67123,137127,142258,637684
Western Sahara,2094,204160,779819,287337,67096,137064,142198,637621
Western Sahara,2095,204018,779569,290804,67030,136988,142008,637561
Western Sahara,2096,203968,779408,293925,66928,137040,142211,637197
Western Sahara,2097,203878,779249,296935,66881,136997,142340,636909
Western Sahara,2098,203752,779026,299881,66866,136886,142363,636663
Western Sahara,2099,203588,778684,302828,66854,136734,142255,636429
Western Sahara,2100,203367,778167,305839,66803,136564,142011,636156
World,1950,868844805,1538615293,128814623,338387265,530457540,462134325,1076480968
World,1951,893532317,1558535764,131748705,357393943,536138374,467268085,1091267679
World,1952,917439523,1578810296,134334565,374332238,543107285,472390778,1106419518
World,1953,940333608,1600337706,136559044,387922721,552410887,477630038,1122707668
World,1954,962514282,1623370069,138418117,397843741,564670541,482808516,1140561553
World,1955,984764108,1647555120,139923307,405612155,579151953,487737887,1159817233
World,1956,1013647674,1664963853,142771917,416709342,596938332,490438484,1174525369
World,1957,1041084029,1685554066,145314183,421981235,619102794,493693032,1191861034
World,1958,1068401702,1708129795,147549746,424454335,643947367,497365264,1210764531
World,1959,1096297679,1732020096,149506911,427266303,669031376,501638146,1230381950
World,1960,1124687170,1757281028,151244329,432642795,692044375,506921369,1250359659
World,1961,1152009936,1783009265,155286078,435783593,716226343,513413921,1269595344
World,1962,1181359066,1808948048,158937131,444150381,737208685,520419063,1288528985
World,1963,1211139573,1836786635,162345144,456200983,754938590,529070263,1307716372
World,1964,1239203156,1868778566,165689050,468959705,770243451,540991376,1327787190
World,1965,1264781955,1905760116,169050617,480601050,784180905,556987394,1348772722
World,1966,1294145616,1939495630,174480159,495460976,798684640,574409436,1365086194
World,1967,1319727243,1979327150,179999428,505595489,814131754,596179759,1383147391
World,1968,1342837355,2023481824,185561521,512233049,830604306,620650692,1402831132
World,1969,1365554323,2069282558,191068633,517646519,847907804,645222298,1424060260
World,1970,1388757815,2115330804,196489031,523700776,865057039,668325918,1447004886
World,1971,1413943014,2158813740,203034146,530289755,883653259,689470680,1469343060
World,1972,1438625013,2203571904,209348264,535123706,903501307,709342845,1494229059
World,1973,1462389088,2249634576,215515031,538816797,923572291,727931474,1521703102
World,1974,1484002302,2297784451,221661398,541436382,942565920,745691817,1552092634
World,1975,1502682879,2348555913,227848406,543301991,959380888,763033843,1585522070
World,1976,1521363813,2397589799,235333982,544885266,976478547,779290691,1618299108
World,1977,1536826449,2449535035,242839773,544852791,991973658,794961609,1654573426
World,1978,1549826764,2504399029,250151319,544299711,1005527053,810664719,1693734310
World,1979,1561789869,2561930733,256865153,544960365,1016829504,827227737,1734702996
World,1980,1573800822,2621830506,262780206,548178631,1025622191,845103485,1776727021
World,1981,1586883360,2682018440,268943977,552094697,1034788663,863890699,1818127741
World,1982,1601062679,2743611319,274102170,559543831,1041518848,883551255,1860060064
World,1983,1616043777,2806700315,278786751,569654724,1046389053,903594050,1903106265
World,1984,1631375743,2871390574,283717545,581006371,1050369372,923154234,1948236340
World,1985,1647098724,2937374321,289308751,592792343,1054306381,941553990,1995820331
World,1986,1669340555,2997832635,296460038,608933249,1060407306,957104408,2040728227
World,1987,1691197511,3060421421,304017200,622324698,1068872813,971974784,2088446637
World,1988,1712654296,3123986173,311916487,632898132,1079756164,985641398,2138344775
World,1989,1733208387,3187479365,320047365,640374130,1092834257,997575655,2189903710
World,1990,1752028195,3250538430,328376835,644867279,1107160916,1007637573,2242900857
World,1991,1774714684,3306304844,337739275,650519972,1124194712,1014027757,2292277087
World,1992,1792420986,3364647967,347332196,647736184,1144684802,1019466282,2345181685
World,1993,1806493420,3424653096,356948321,639530736,1166962684,1024338893,2400314203
World,1994,1818690228,3485353727,366275748,630236403,1188453825,1029406366,2455947361
World,1995,1829681586,3546591848,375200982,623061131,1206620455,1035467023,2511124825
World,1996,1835181824,3610725423,385657773,611407009,1223774815,1043567366,2567158057
World,1997,1842042181,3673283984,395240130,606532439,1235509742,1051694045,2621589939
World,1998,1848197413,3736265245,404383445,606680560,1241516853,1061085636,2675179609
World,1999,1850864854,3802330871,413671666,608388762,1242476092,1073277932,2729052939
World,2000,1849246591,3872355084,423405314,609348362,1239898229,1088898563,2783456521
World,2001,1849414918,3939385705,434611535,613622599,1235792319,1106659321,2832726384
World,2002,1845834225,4010280424,446034990,616366957,1229467268,1127726472,2882553952
World,2003,1840116891,4083893216,457398880,618007066,1222109825,1150207705,2933685511
World,2004,1835221750,4157982344,468166771,620079293,1215142457,1171081063,2986901281
World,2005,1832918280,4231100991,478140112,623820375,1209097905,1188423891,3042677100
World,2006,1835848193,4299048162,488951558,630802105,1205046088,1201625051,3097423111
World,2007,1840369439,4366948819,499100335,636487256,1203882183,1211690055,3155258764
World,2008,1846839797,4433801005,509130451,641546663,1205293134,1218371071,3215429934
World,2009,1854970307,4498964570,519806177,646417310,1208552997,1221711288,3277253282
World,2010,1864424135,4562095144,531649880,651602453,1212821682,1221972345,3340122799
World,2011,1876580845,4620933700,545494041,657663858,1218916987,1219627411,3401306289
World,2012,1889716858,4678406739,560053338,662727636,1226989222,1214058704,3464348035
World,2013,1903518424,4734222865,575685163,667022415,1236496009,1206665580,3527557285
World,2014,1917317837,4788274595,592860601,670631030,1246686807,1199642997,3588631598
World,2015,1930532351,4840579303,611897166,673649680,1256882671,1194505566,3646073737
World,2016,1944214455,4889179763,633570062,676248325,1267966130,1191612791,3697566972
World,2017,1956905871,4936595963,656760267,677923808,1278982063,1190736535,3745859428
World,2018,1968435546,4983446702,680937077,678869033,1289566513,1191843265,3791603437
World,2019,1978710603,5030591806,705274514,679356220,1299354383,1194640533,3835951273
World,2020,1987646265,5078455963,729380081,679612530,1308033735,1198939078,3879516885
World,2021,1996236101,5125338222,753890311,679467172,1316768929,1205433559,3919904663
World,2022,2003556390,5173177505,777735087,679453179,1324103211,1213684385,3959493120
World,2023,2009469818,5221439602,801578055,679511148,1329958670,1223243720,3998195882
World,2024,2013933278,5269281575,826317970,679503497,1334429781,1233452492,4035829083
World,2025,2017014534,5316061472,852537751,679346813,1337667721,1243830068,4072231404
World,2026,2020744853,5360070761,879894510,679707336,1341037517,1254948902,4105121859
World,2027,2023191416,5403674713,907935514,679843596,1343347820,1266138774,4137535939
World,2028,2024541537,5446591593,936767222,679824990,1344716547,1277020926,4169570667
World,2029,2025130847,5488477583,966418926,679812617,1345318230,1287141351,4201336232
World,2030,2025225521,5529029415,996943708,679978338,1345247183,1296185701,4232843714
World,2031,2027073662,5566715892,1027626221,681139356,1345934306,1304717262,4261998630
World,2032,2028417197,5603724587,1058531722,681992200,1346424997,1312079860,4291644727
World,2033,2029427677,5639929947,1089615490,682688678,1346738999,1318227760,4321702187
World,2034,2030253993,5675314400,1120747223,683397474,1346856519,1323198190,4352116210
World,2035,2030995421,5709817018,1151889501,684294453,1346700968,1327040916,4382776102
World,2036,2033879966,5742395889,1181850836,686124480,1347755486,1330432452,4411963437
World,2037,2036671883,5774639299,1211278893,687683189,1348988694,1332734365,4441904934
World,2038,2039399131,5806599833,1240104833,689067874,1350331257,1334124014,4472475819
World,2039,2042034131,5838583725,1268065793,690363459,1351670672,1334892099,4503691626
World,2040,2044548725,5870688827,1295099452,691673987,1352874738,1335264231,4535424596
World,2041,2049054405,5901868986,1320139882,693727801,1355326604,1335981593,4565887393
World,2042,2053342405,5933814852,1343688633,695386630,1357955775,1336463353,4597351499
World,2043,2057389782,5965723233,1366542914,696728731,1360661051,1336798471,4628924762
World,2044,2061120843,5996516681,1389817125,697820261,1363300582,1337070829,4659445852
World,2045,2064438547,6025401159,1414369866,698732834,1365705713,1337343762,4688057397
World,2046,2069294504,6051579810,1439034881,700129215,1369165289,1338391619,4713188191
World,2047,2073615266,6077078425,1463851749,701031114,1372584152,1339617349,4737461076
World,2048,2077355325,6101279228,1489458879,701527787,1375827538,1341009132,4760270096
World,2049,2080449190,6123402499,1516674290,701711736,1378737454,1342523499,4780879000
World,2050,2082812535,6142946054,1546064164,701663081,1381149454,1344122722,4798823332
World,2051,2086243476,6159437176,1576298552,701899649,1384343827,1346611700,4812825476
World,2052,2088948321,6174345930,1607701892,701807756,1387140565,1349270614,4825075316
World,2053,2090854907,6188411689,1639601638,701431466,1389423441,1352032456,4836379233
World,2054,2091909245,6202945103,1670737647,700810836,1391098409,1354813395,4848131708
World,2055,2092081790,6218690812,1700398820,699989221,1392092569,1357541518,4861149294
World,2056,2093198551,6235116373,1727294615,699507366,1393691185,1361012544,4874103829
World,2057,2093548978,6253539338,1751837402,698815221,1394733757,1364461971,4889077367
World,2058,2093140099,6273477506,1774543806,697958531,1395181568,1367790820,4905686686
World,2059,2092018778,6294215381,1796136210,697002975,1395015803,1370859549,4923355832
World,2060,2090218399,6315115660,1817264410,696006048,1394212351,1373546465,4941569195
World,2061,2089628379,6336056703,1836182823,695540362,1394088017,1376688956,4959367747
World,2062,2088561932,6358213152,1853418215,695022593,1393539339,1379494536,4978718616
World,2063,2087001430,6380845217,1869758585,694445867,1392555563,1381878254,4998966963
World,2064,2084937025,6403069354,1886128303,693792692,1391144333,1383743507,5019325847
World,2065,2082369251,6424131750,1903307295,693070835,1389298416,1385010437,5039121313
World,2066,2081443655,6444088076,1919115001,693080863,1388362792,1386572490,5057515586
World,2067,2080128765,6463921973,1934612612,692814040,1387314725,1387641211,5076280762
World,2068,2078448201,6483027749,1950390554,692327552,1386120649,1388186916,5094840833
World,2069,2076423482,6500759832,1967076121,691700682,1384722800,1388186606,5112573226
World,2070,2074032381,6516556717,1985257453,691004944,1383027437,1387622178,5128934539
World,2071,2073338631,6531112429,2002189390,690940549,1382398082,1387512524,5143599905
World,2072,2072373509,6544866117,2019412088,690631584,1381741925,1386982119,5157883998
World,2073,2071062582,6557403654,2037412776,690103513,1380959069,1386046395,5171357259
World,2074,2069313064,6568478847,2056524863,689373457,1379939607,1384760066,5183718781
World,2075,2067053325,6577905844,2077004594,688471707,1378581618,1383169407,5194736437
World,2076,2066295757,6586582037,2095948192,688078718,1378217039,1382307669,5204274368
World,2077,2065118073,6594792913,2115005288,687406848,1377711225,1381286924,5213505989
World,2078,2063468815,6602362445,2134417465,686485634,1376983181,1380117360,5222245085
World,2079,2061281874,6609175434,2154383497,685343197,1375938677,1378802620,5230372814
World,2080,2058470227,6615002944,2175235013,683999929,1374470298,1377324006,5237678938
World,2081,2056869950,6620627911,2194360179,683050816,1373819134,1376657017,5243970894
World,2082,2054801691,6626628554,2212868374,681879974,1372921717,1375989610,5250638944
World,2083,2052205629,6632682273,2231161753,680503294,1371702335,1375268441,5257413832
World,2084,2048990372,6638343789,2249799004,678924517,1370065855,1374393532,5263950257
World,2085,2045034104,6643038308,2269493392,677136620,1367897484,1373251832,5269786476
World,2086,2042303161,6648291607,2286760987,675775584,1366527577,1372912394,5275379213
World,2087,2039074117,6654065322,2303363050,674238646,1364835471,1372472802,5281592520
World,2088,2035233898,6659664079,2320106847,672514442,1362719456,1371821221,5287842858
World,2089,2030712041,6664480186,2337665388,670605551,1360106490,1370849450,5293630736
World,2090,2025473046,6668069496,2356512651,668526301,1356946745,1369482019,5298587477
World,2091,2021676501,6672847885,2372068249,666982334,1354694167,1368916186,5303931699
World,2092,2017392810,6677660813,2387411600,665287929,1352104881,1368081675,5309579138
World,2093,2012569392,6681982102,2403116498,663443629,1349125763,1366906928,5315075174
World,2094,2007164325,6685290603,2419738783,661450967,1345713358,1365314955,5319975648
World,2095,2001138608,6687119942,2437774246,659314138,1341824470,1363241165,5323878777
World,2096,1996737233,6690277171,2452158110,657796535,1338940698,1361931224,5328345947
World,2097,1991903478,6693060439,2466632933,656110082,1335793396,1360253877,5332806562
World,2098,1986597117,6694970316,2481718970,654260968,1332336149,1358164575,5336805741
World,2099,1980808363,6695566673,2497843706,652276732,1328531631,1355630274,5339936399
World,2100,1974530532,6694422645,2515414544,650201452,1324329080,1352615091,5341807554
Yemen,1950,1861806,2366911,173603,770202,1091604,815797,1551114
Yemen,1951,1903586,2394327,175836,784146,1119440,828161,1566166
Yemen,1952,1934756,2433168,177817,781191,1153565,844963,1588205
Yemen,1953,1963812,2475804,178935,774951,1188861,863460,1612344
Yemen,1954,1993857,2519664,178897,772642,1221215,882633,1637031
Yemen,1955,2024182,2565670,177735,777889,1246293,902924,1662746
Yemen,1956,2059474,2605509,179342,781842,1277632,919789,1685720
Yemen,1957,2098466,2644761,179659,795595,1302871,936818,1707943
Yemen,1958,2137172,2687252,179109,815653,1321519,955822,1731430
Yemen,1959,2171596,2736824,178121,837974,1333622,978877,1757947
Yemen,1960,2200202,2795067,176866,860268,1339934,1007030,1788037
Yemen,1961,2246164,2835929,178408,895650,1350514,1028322,1807607
Yemen,1962,2283468,2888580,179751,918909,1364559,1055907,1832673
Yemen,1963,2316495,2948895,180673,934769,1381726,1087133,1861762
Yemen,1964,2352377,3010139,180823,951889,1400488,1117716,1892423
Yemen,1965,2395129,3068486,180028,978005,1417124,1145245,1923241
Yemen,1966,2461685,3103628,183275,1017541,1444144,1158386,1945242
Yemen,1967,2535963,3136921,185754,1057566,1478397,1169837,1967084
Yemen,1968,2615817,3168174,187416,1098425,1517392,1179567,1988607
Yemen,1969,2695587,3199666,188366,1137268,1558319,1188474,2011192
Yemen,1970,2771669,3233481,188660,1173364,1598305,1197730,2035751
Yemen,1971,2864060,3244338,192156,1219008,1645052,1192257,2052081
Yemen,1972,2949636,3262387,195272,1248562,1701074,1190088,2072299
Yemen,1973,3036495,3288875,198082,1271097,1765398,1193679,2095196
Yemen,1974,3136490,3324500,200576,1300632,1835858,1205870,2118630
Yemen,1975,3257141,3370744,202807,1348437,1908704,1228897,2141847
Yemen,1976,3379781,3446915,208172,1394114,1985667,1261680,2185235
Yemen,1977,3524448,3534041,213383,1459164,2065284,1302485,2231556
Yemen,1978,3685428,3632854,218482,1539279,2146149,1351144,2281710
Yemen,1979,3852888,3745134,223530,1624798,2228090,1407455,2337679
Yemen,1980,4021246,3870731,228520,1709689,2311557,1470876,2399855
Yemen,1981,4209762,3989131,235124,1808564,2401198,1531411,2457720
Yemen,1982,4395151,4127533,241937,1890234,2504917,1601451,2526082
Yemen,1983,4582490,4279884,248723,1961231,2621259,1677708,2602176
Yemen,1984,4779526,4437494,255150,2033070,2746456,1755319,2682175
Yemen,1985,4990073,4596709,261117,2115283,2874790,1832039,2764670
Yemen,1986,5213635,4750285,268813,2199646,3013989,1903882,2846403
Yemen,1987,5446778,4905896,275911,2287775,3159003,1974866,2931030
Yemen,1988,5694510,5074062,282932,2382802,3311708,2049917,3024145
Yemen,1989,5962792,5269921,290554,2487097,3475695,2136290,3133631
Yemen,1990,6255905,5502009,299125,2603103,3652802,2238420,3263589
Yemen,1991,6542841,5792819,325954,2715524,3827317,2306536,3486283
Yemen,1992,6851167,6117520,356896,2829819,4021348,2393433,3724087
Yemen,1993,7161091,6464763,391385,2937550,4223541,2499161,3965602
Yemen,1994,7446579,6817545,428562,3024701,4421878,2619740,4197805
Yemen,1995,7688919,7163950,467784,3082039,4606880,2750834,4413116
Yemen,1996,7961897,7450042,477510,3152959,4808938,2911027,4539015
Yemen,1997,8181737,7741547,485670,3174306,5007431,3077971,4663576
Yemen,1998,8362299,8041216,492695,3163541,5198758,3249571,4791645
Yemen,1999,8525991,8353029,499078,3148829,5377162,3422944,4930085
Yemen,2000,8687438,8681964,505323,3151138,5536300,3597213,5084751
Yemen,2001,8832522,9040849,516764,3139062,5693460,3775795,5265054
Yemen,2002,8986825,9405051,527303,3168160,5818665,3947862,5457189
Yemen,2003,9141713,9782926,537447,3227604,5914109,4118965,5663961
Yemen,2004,9283485,10185871,547712,3296238,5987247,4297624,5888247
Yemen,2005,9407334,10617224,558369,3359466,6047868,4487038,6130186
Yemen,2006,9542771,11045322,572441,3444442,6098329,4671950,6373372
Yemen,2007,9659598,11505430,586577,3510016,6149582,4867029,6638401
Yemen,2008,9768521,11986388,601482,3562110,6206411,5063117,6923271
Yemen,2009,9886968,12469936,618025,3614555,6272413,5245533,7224403
Yemen,2010,10024199,12945818,636762,3677877,6346322,5405516,7540302
Yemen,2011,10187868,13402407,661931,3751376,6436492,5540526,7861881
Yemen,2012,10366585,13854765,688619,3824268,6542317,5656306,8198459
Yemen,2013,10555250,14305082,715990,3895949,6659301,5754698,8550384
Yemen,2014,10742374,14760999,742954,3961022,6781352,5840488,8920511
Yemen,2015,10920180,15227024,769003,4016664,6903516,5917403,9309621
Yemen,2016,11104607,15681743,797863,4075161,7029446,5975055,9706688
Yemen,2017,11276968,16147876,825576,4114445,7162523,6023685,10124191
Yemen,2018,11438541,16624056,852687,4139390,7299151,6070160,10553896
Yemen,2019,11592248,17107929,879809,4157956,7434292,6124163,10983766
Yemen,2020,11738569,17599299,907437,4175863,7562706,6192594,11406705
Yemen,2021,11872283,18099556,938976,4184353,7687930,6276240,11823316
Yemen,2022,11999555,18606049,969929,4197531,7802024,6373278,12232771
Yemen,2023,12116639,19121575,1000829,4213425,7903214,6482562,12639013
Yemen,2024,12218628,19649949,1032309,4227547,7991081,6600892,13049057
Yemen,2025,12303413,20192417,1064814,4236840,8066573,6725647,13466770
Yemen,2026,12380006,20736653,1101360,4247032,8132974,6855293,13881360
Yemen,2027,12440214,21294260,1138228,4252430,8187784,6990699,14303561
Yemen,2028,12486144,21862812,1175217,4253757,8232387,7128408,14734404
Yemen,2029,12522256,22437836,1211761,4253468,8268788,7263279,15174557
Yemen,2030,12551448,23016078,1247760,4253611,8297837,7391781,15624297
Yemen,2031,12581718,23584706,1287485,4258180,8323538,7512413,16072293
Yemen,2032,12605016,24155546,1326946,4259764,8345252,7625046,16530500
Yemen,2033,12622337,24727676,1366397,4259201,8363136,7728265,16999411
Yemen,2034,12634143,25301257,1405797,4256992,8377151,7820762,17480495
Yemen,2035,12640767,25875697,1445632,4253987,8386780,7901929,17973768
Yemen,2036,12651533,26436346,1491077,4255135,8396398,7972515,18463831
Yemen,2037,12656603,26998008,1536401,4251511,8405092,8030535,18967473
Yemen,2038,12656473,27555659,1585049,4244270,8412203,8077837,19477822
Yemen,2039,12651431,28102954,1641626,4234838,8416593,8117459,19985495
Yemen,2040,12641414,28635837,1709083,4224557,8416857,8151675,20484162
Yemen,2041,12635652,29139688,1792060,4216963,8418689,8181895,20957793
Yemen,2042,12624699,29630201,1883934,4206198,8418501,8206397,21423804
Yemen,2043,12608341,30107933,1983891,4192806,8415535,8226104,21881829
Yemen,2044,12586074,30574463,2090525,4177189,8408885,8241932,22332531
Yemen,2045,12557501,31030105,2203480,4159881,8397620,8254678,22775427
Yemen,2046,12533194,31459883,2326673,4145234,8387960,8267451,23192432
Yemen,2047,12502430,31879633,2454267,4127340,8375090,8277346,23602287
Yemen,2048,12464888,32287228,2587791,4106370,8358518,8284571,24002657
Yemen,2049,12420075,32680191,2729168,4082309,8337766,8289122,24391069
Yemen,2050,12367544,33056761,2879735,4055362,8312182,8291115,24765646
Yemen,2051,12319398,33404418,3039362,4031056,8288342,8294788,25109630
Yemen,2052,12262657,33740608,3203262,4001651,8261006,8295837,25444771
Yemen,2053,12197971,34062848,3372866,3968392,8229579,8293992,25768856
Yemen,2054,12126360,34367875,3550115,3933046,8193314,8288689,26079186
Yemen,2055,12048369,34653931,3735968,3897011,8151358,8279693,26374238
Yemen,2056,11973686,34913303,3928211,3862622,8111064,8272766,26640537
Yemen,2057,11893728,35156484,4124751,3828282,8065446,8261373,26895111
Yemen,2058,11808255,35387767,4321421,3793890,8014365,8245780,27141987
Yemen,2059,11716910,35613820,4511850,3758975,7957935,8226287,27387533
Yemen,2060,11619891,35837736,4692761,3723397,7896494,8203082,27634654
Yemen,2061,11530018,36048430,4862412,3692408,7837610,8181787,27866643
Yemen,2062,11435454,36258555,5020117,3660271,7775183,8156183,28102372
Yemen,2063,11337001,36463775,5169685,3627250,7709751,8126100,28337675
Yemen,2064,11235812,36658524,5315937,3593830,7641982,8091120,28567404
Yemen,2065,11132693,36839092,5462122,3560544,7572149,8051126,28787966
Yemen,2066,11038815,36991710,5611132,3532347,7506468,8011168,28980542
Yemen,2067,10943121,37134612,5756005,3502446,7440675,7966207,29168405
Yemen,2068,10846373,37265163,5899016,3471565,7374808,7916499,29348664
Yemen,2069,10749243,37380815,6042468,3440596,7308647,7862353,29518462
Yemen,2070,10652125,37479661,6188293,3410353,7241772,7804215,29675446
Yemen,2071,10563117,37544582,6345808,3383870,7179247,7746607,29797975
Yemen,2072,10474705,37597183,6501268,3357341,7117364,7685012,29912171
Yemen,2073,10386902,37635702,6656908,3330922,7055980,7620449,30015253
Yemen,2074,10299451,37658390,6815277,3304605,6994846,7554212,30104178
Yemen,2075,10212191,37664031,6978228,3278515,6933676,7487300,30176731
Yemen,2076,10132260,37631624,7159973,3255874,6876386,7423179,30208445
Yemen,2077,10052718,37587884,7340977,3232546,6820172,7358542,30229342
Yemen,2078,9973655,37533233,7520893,3208746,6764909,7293710,30239523
Yemen,2079,9895136,37469003,7698444,3184767,6710369,7228853,30240150
Yemen,2080,9817071,37395856,7873181,3160900,6656171,7164218,30231638
Yemen,2081,9745195,37291660,8061741,3139723,6605472,7102972,30188688
Yemen,2082,9673702,37184329,8242291,3117795,6555907,7042140,30142189
Yemen,2083,9602563,37072839,8416072,3095375,6507188,6981854,30090985
Yemen,2084,9531671,36956522,8584052,3072736,6458935,6922138,30034384
Yemen,2085,9460842,36834808,8747184,3050140,6410702,6863085,29971723
Yemen,2086,9394688,36686454,8922303,3029486,6365202,6807494,29878960
Yemen,2087,9328810,36538605,9086911,3008600,6320210,6752460,29786145
Yemen,2088,9263041,36389866,9242774,2987550,6275491,6698139,29691727
Yemen,2089,9197180,36239043,9391512,2966377,6230803,6644659,29594384
Yemen,2090,9131023,36085065,9534632,2945151,6185872,6592120,29492945
Yemen,2091,9068932,35907559,9688369,2925793,6143139,6543007,29364552
Yemen,2092,9006816,35732517,9831071,2906174,6100642,6494621,29237896
Yemen,2093,8944618,35557946,9965040,2886374,6058244,6446891,29111055
Yemen,2094,8882344,35382047,10092306,2866510,6015834,6399638,28982409
Yemen,2095,8819941,35203503,10214500,2846698,5973243,6352795,28850708
Yemen,2096,8761343,35002842,10347425,2828715,5932628,6308627,28694215
Yemen,2097,8702920,34805033,10469999,2810559,5892361,6264669,28540364
Yemen,2098,8644649,34608486,10584093,2792299,5852350,6220907,28387579
Yemen,2099,8586530,34411855,10691326,2774043,5812487,6177283,28234572
Yemen,2100,8528554,34213890,10793214,2755978,5772576,6133764,28080126
Zambia,1950,1033915,1212882,63645,423045,610870,441547,771335
Zambia,1951,1061217,1240331,65080,434014,627203,451304,789027
Zambia,1952,1088918,1272561,66512,443556,645362,462912,809649
Zambia,1953,1118228,1307483,67802,454362,663866,475525,831958
Zambia,1954,1149239,1344383,68861,467475,681764,488770,855613
Zambia,1955,1181527,1383257,69680,483341,698186,502635,880622
Zambia,1956,1219621,1418585,71153,500994,718627,515182,903403
Zambia,1957,1258620,1456323,72394,518984,739636,528611,927712
Zambia,1958,1298525,1496732,73584,537447,761078,543007,953725
Zambia,1959,1339723,1539829,74931,557030,782693,558388,981441
Zambia,1960,1382809,1585509,76528,578828,803981,574759,1010750
Zambia,1961,1434962,1626219,79083,604986,829976,589500,1036719
Zambia,1962,1487877,1670863,81847,629214,858663,605829,1065034
Zambia,1963,1541719,1718689,84737,652295,889424,623348,1095341
Zambia,1964,1596343,1768935,87664,674969,921374,641635,1127300
Zambia,1965,1651475,1821345,90587,698261,953214,660587,1160758
Zambia,1966,1715005,1867070,94114,724786,990219,677250,1189820
Zambia,1967,1777184,1917051,97652,746812,1030372,695580,1221471
Zambia,1968,1839526,1971316,101243,766863,1072663,715727,1255589
Zambia,1969,1904096,2029928,104899,788495,1115601,737936,1291992
Zambia,1970,1972222,2093057,108649,814832,1157390,762484,1330573
Zambia,1971,2047146,2157454,113148,843269,1203877,788303,1369151
Zambia,1972,2125549,2226702,117644,874733,1250816,816214,1410488
Zambia,1973,2206382,2300839,122181,908801,1297581,846318,1454521
Zambia,1974,2287706,2380241,126807,943862,1343844,878953,1501288
Zambia,1975,2368391,2464895,131545,979128,1389263,914261,1550634
Zambia,1976,2459266,2543099,136665,1019532,1439734,948935,1594164
Zambia,1977,2547355,2628429,141847,1054179,1493176,987181,1641248
Zambia,1978,2634316,2720038,147091,1085141,1549175,1028161,1691877
Zambia,1979,2722470,2816875,152404,1115558,1606912,1070714,1746161
Zambia,1980,2812821,2918591,157818,1148180,1664641,1114293,1804298
Zambia,1981,2911774,3018797,163635,1183097,1728677,1158321,1860476
Zambia,1982,3010754,3125522,169433,1215856,1794898,1203830,1921692
Zambia,1983,3108622,3237707,175213,1247468,1861154,1250413,1987294
Zambia,1984,3203336,3354474,180955,1278532,1924804,1297911,2056563
Zambia,1985,3293391,3475159,186662,1309828,1983563,1346261,2128898
Zambia,1986,3397582,3580094,192980,1346415,2051167,1392926,2187168
Zambia,1987,3497164,3689539,198983,1381131,2116033,1441715,2247824
Zambia,1988,3591934,3803447,204691,1414588,2177346,1492657,2310790
Zambia,1989,3681854,3921815,210139,1447299,2234555,1545883,2375932
Zambia,1990,3767247,4044667,215339,1480298,2286949,1601408,2443259
Zambia,1991,3869660,4148491,221581,1521451,2348209,1654237,2494254
Zambia,1992,3966191,4258693,227391,1557072,2409119,1711055,2547638
Zambia,1993,4060261,4376031,232876,1590534,2469727,1771067,2604964
Zambia,1994,4156844,4501141,238124,1626889,2529955,1833074,2668067
Zambia,1995,4259452,4634432,243193,1670747,2588705,1896319,2738113
Zambia,1996,4378796,4765224,250284,1722218,2656578,1958094,2807130
Zambia,1997,4503547,4905887,257144,1775781,2727766,2021474,2884413
Zambia,1998,4632219,5054310,263695,1831457,2800762,2085163,2969147
Zambia,1999,4761736,5208155,269823,1888128,2873608,2148103,3060052
Zambia,2000,4890202,5365591,275428,1945918,2944284,2209598,3155993
Zambia,2001,5045882,5494519,283724,2016999,3028883,2258084,3236435
Zambia,2002,5199169,5629680,291560,2079324,3119845,2309103,3320577
Zambia,2003,5351786,5771270,298928,2135472,3216314,2362921,3408349
Zambia,2004,5505576,5920315,305855,2188485,3317091,2420296,3500019
Zambia,2005,5661312,6078469,312375,2241534,3419778,2482147,3596322
Zambia,2006,5823507,6238907,321032,2296568,3526939,2534926,3703981
Zambia,2007,5984329,6412074,329571,2342367,3641962,2594418,3817656
Zambia,2008,6145713,6598805,337999,2383600,3762113,2661340,3937465
Zambia,2009,6309940,6800199,346278,2426148,3883792,2736554,4063645
Zambia,2010,6478323,7017292,354418,2474881,4003442,2820613,4196679
Zambia,2011,6638179,7262395,364182,2518521,4119658,2905481,4356914
Zambia,2012,6803365,7522657,373915,2569269,4234096,2997346,4525311
Zambia,2013,6971577,7798003,383630,2626277,4345300,3096188,4701815
Zambia,2014,7139633,8088061,393280,2687120,4452513,3201818,4886243
Zambia,2015,7306139,8391596,402852,2750356,4555783,3313496,5078100
Zambia,2016,7481345,8696624,413421,2820123,4661222,3424474,5272150
Zambia,2017,7654980,9015261,423889,2888524,4766456,3541388,5473873
Zambia,2018,7828751,9345993,434434,2956389,4872362,3662022,5683971
Zambia,2019,8005504,9686599,445266,3025408,4980096,3783061,5903538
Zambia,2020,8186984,10035713,456576,3097327,5089657,3902370,6133343
Zambia,2021,8383776,10381479,469536,3177044,5206732,4014981,6366498
Zambia,2022,8582911,10737739,482969,3252248,5330663,4126892,6610847
Zambia,2023,8785185,11103809,497131,3324938,5460247,4237903,6865906
Zambia,2024,8991024,11479460,512280,3397405,5593619,4348124,7131336
Zambia,2025,9200362,11864769,528694,3471854,5728508,4457860,7406909
Zambia,2026,9419401,12252205,547834,3549470,5869931,4563270,7688935
Zambia,2027,9640770,12650298,568295,3625101,6015669,4668299,7981999
Zambia,2028,9863600,13059277,590232,3699577,6164023,4774719,8284558
Zambia,2029,10086422,13479785,613756,3773337,6313085,4885116,8594669
Zambia,2030,10308173,13912102,639101,3847032,6461141,5001136,8910966
Zambia,2031,10536380,14347381,667417,3922905,6613475,5118900,9228481
Zambia,2032,10762578,14795404,697396,3996125,6766453,5242520,9552884
Zambia,2033,10986589,15255516,729747,4067558,6919031,5371797,9883719
Zambia,2034,11208528,15726621,765402,4138284,7070244,5505991,10220630
Zambia,2035,11428449,16207929,805021,4209360,7219089,5644494,10563435
Zambia,2036,11654062,16691309,848907,4282930,7371132,5784224,10907085
Zambia,2037,11877040,17185939,896128,4354778,7522262,5928439,11257500
Zambia,2038,12097542,17691607,946853,4425752,7671790,6076361,11615246
Zambia,2039,12316050,18207859,1001229,4496865,7819185,6226707,11981152
Zambia,2040,12533037,18734136,1059443,4569140,7963897,6378452,12355684
Zambia,2041,12757389,19262468,1120566,4645221,8112168,6528957,12733511
Zambia,2042,12980260,19801315,1184865,4720666,8259594,6680429,13120886
Zambia,2043,13201702,20350587,1252284,4795841,8405861,6832584,13518003
Zambia,2044,13421840,20910223,1322626,4871012,8550828,6985016,13925207
Zambia,2045,13640874,21479834,1395949,4946653,8694221,7137329,14342505
Zambia,2046,13869454,22050865,1469971,5027217,8842237,7287226,14763639
Zambia,2047,14096259,22632920,1546310,5105054,8991205,7436807,15196113
Zambia,2048,14321724,23225193,1625363,5181114,9140610,7586044,15639149
Zambia,2049,14546542,23826652,1707541,5256740,9289802,7734796,16091856
Zambia,2050,14771048,24436464,1793310,5333150,9437898,7882967,16553497
Zambia,2051,15005073,25047543,1879818,5413604,9591469,8029499,17018044
Zambia,2052,15238389,25667573,1969265,5492604,9745785,8175347,17492226
Zambia,2053,15470202,26296285,2062066,5570162,9900040,8321010,17975275
Zambia,2054,15699217,26933771,2158598,5645786,10053431,8467116,18466655
Zambia,2055,15924539,27579709,2259407,5719426,10205113,8614023,18965686
Zambia,2056,16158603,28225476,2360293,5796846,10361757,8760868,19464608
Zambia,2057,16387456,28881466,2464669,5868693,10518763,8908768,19972698
Zambia,2058,16611608,29545883,2573690,5936541,10675067,9057780,20488103
Zambia,2059,16832089,30216242,2688779,6002752,10829337,9207733,21008509
Zambia,2060,17049327,30890862,2811097,6069181,10980146,9358490,21532372
Zambia,2061,17272563,31565710,2935190,6137294,11135269,9510966,22054744
Zambia,2062,17492921,32245587,3064823,6205674,11287247,9663876,22581711
Zambia,2063,17709323,32930439,3200843,6273953,11435370,9817435,23113004
Zambia,2064,17920327,33620430,3344211,6341037,11579290,9971772,23648658
Zambia,2065,18125330,34315092,3495716,6406364,11718966,10126725,24188367
Zambia,2066,18338534,35007391,3647892,6476093,11862441,10282699,24724692
Zambia,2067,18545347,35705996,3806429,6541927,12003420,10439074,25266922
Zambia,2068,18746448,36410359,3971033,6604742,12141706,10595269,25815090
Zambia,2069,18943221,37119715,4140972,6666094,12277127,10750220,26369495
Zambia,2070,19136424,37833159,4316208,6727279,12409145,10903143,26930016
Zambia,2071,19338909,38546786,4487501,6792498,12546411,11055858,27490928
Zambia,2072,19537601,39265998,4662149,6855782,12681819,11206377,28059621
Zambia,2073,19732163,39989653,4841304,6917442,12814721,11354621,28635032
Zambia,2074,19921994,40716632,5026321,6977529,12944465,11500448,29216184
Zambia,2075,20106737,41445576,5218540,7036290,13070447,11643682,29801894
Zambia,2076,20301596,42173359,5405520,7099519,13202077,11786752,30386607
Zambia,2077,20491208,42905098,5597079,7159541,13331667,11927077,30978021
Zambia,2078,20675328,43638831,5794848,7216691,13458637,12065012,31573819
Zambia,2079,20853769,44372234,6000675,7271371,13582398,12200982,32171252
Zambia,2080,21026270,45103293,6216250,7324063,13702207,12335179,32768114
Zambia,2081,21209220,45831448,6425270,7380971,13828249,12471135,33360313
Zambia,2082,21385628,46560085,6640959,7433718,13951910,12605455,33954630
Zambia,2083,21555328,47287645,6864603,7482967,14072361,12738078,34549567
Zambia,2084,21718210,48012569,7097488,7529535,14188675,12868723,35143846
Zambia,2085,21874051,48733239,7341013,7574158,14299893,12997113,35736126
Zambia,2086,22039290,49452169,7575837,7622250,14417040,13127937,36324232
Zambia,2087,22197594,50169688,7817532,7667409,14530185,13256564,36913124
Zambia,2088,22348458,50884566,8067469,7709865,14638593,13383096,37501470
Zambia,2089,22491408,51595600,8326972,7749763,14741645,13507542,38088058
Zambia,2090,22626150,52301283,8597487,7787357,14838793,13629729,38671554
Zambia,2091,22770812,53005669,8856456,7829093,14941719,13754802,39250867
Zambia,2092,22907513,53708276,9121850,7867381,15040132,13877643,39830633
Zambia,2093,23036092,54407420,9395105,7902568,15133524,13997944,40409476
Zambia,2094,23156560,55101227,9677704,7935092,15221468,14115098,40986129
Zambia,2095,23268798,55787653,9971416,7965364,15303434,14228530,41559123
Zambia,2096,23391992,56473480,10249894,8000247,15391745,14344267,42129213
Zambia,2097,23507316,57156245,10534070,8031527,15475789,14456488,42699757
Zambia,2098,23614437,57833966,10825911,8059460,15554977,14564964,43269002
Zambia,2099,23713131,58504516,11127430,8084418,15628713,14669289,43835227
Zambia,2100,23803294,59165470,11440838,8107019,15696275,14769000,44396470
Zimbabwe,1950,1153004,1504883,88965,441553,711451,522407,982476
Zimbabwe,1951,1196469,1540503,92778,464218,732251,534410,1006093
Zimbabwe,1952,1252347,1569036,95985,506100,746247,543058,1025978
Zimbabwe,1953,1307045,1602563,99317,548371,758674,553175,1049388
Zimbabwe,1954,1356382,1644540,102977,584647,771735,566958,1077582
Zimbabwe,1955,1402156,1693000,106859,614943,787213,584324,1108676
Zimbabwe,1956,1466539,1726368,110358,661005,805534,597723,1128645
Zimbabwe,1957,1520216,1773324,114368,684890,835326,617404,1155920
Zimbabwe,1958,1571743,1826138,118518,696637,875106,639657,1186481
Zimbabwe,1959,1629533,1877368,122455,707168,922365,660193,1217175
Zimbabwe,1960,1697006,1924276,126087,725011,971995,677150,1247126
Zimbabwe,1961,1768878,1971265,130613,738599,1030279,692313,1278952
Zimbabwe,1962,1852258,2012542,134619,763658,1088600,703800,1308742
Zimbabwe,1963,1941775,2052700,138281,797550,1144225,714535,1338165
Zimbabwe,1964,2028341,2099612,141910,832787,1195554,729298,1370314
Zimbabwe,1965,2107395,2157174,145643,864336,1243059,750786,1406388
Zimbabwe,1966,2191949,2211664,149820,900365,1291584,773477,1438187
Zimbabwe,1967,2268626,2277393,154022,929245,1339381,802843,1474550
Zimbabwe,1968,2340888,2352333,158210,953547,1387341,838574,1513759
Zimbabwe,1969,2415081,2432185,162248,978901,1436180,879534,1552651
Zimbabwe,1970,2494843,2514675,166100,1009659,1485184,924952,1589723
Zimbabwe,1971,2583782,2596620,170793,1043987,1539795,972474,1624146
Zimbabwe,1972,2677958,2682592,175324,1081423,1596535,1025141,1657451
Zimbabwe,1973,2775375,2771992,179677,1121630,1653745,1080503,1691489
Zimbabwe,1974,2872434,2864696,183813,1162832,1709602,1135054,1729642
Zimbabwe,1975,2967188,2960434,187748,1204222,1762966,1186557,1773877
Zimbabwe,1976,3074590,3041151,192559,1252435,1822155,1227118,1814033
Zimbabwe,1977,3179628,3125316,196949,1296381,1883247,1265867,1859449
Zimbabwe,1978,3286004,3215710,201468,1338251,1947753,1305588,1910122
Zimbabwe,1979,3399420,3315524,206846,1381758,2017662,1350068,1965456
Zimbabwe,1980,3523694,3426989,213489,1430393,2093301,1401707,2025282
Zimbabwe,1981,3647009,3563013,221918,1478570,2168439,1459897,2103116
Zimbabwe,1982,3776599,3713256,231681,1524089,2252510,1522857,2190399
Zimbabwe,1983,3909981,3875459,242125,1567032,2342949,1588956,2286503
Zimbabwe,1984,4042382,4047476,252337,1606280,2436102,1656274,2391202
Zimbabwe,1985,4169438,4227587,261832,1641330,2528108,1723661,2503926
Zimbabwe,1986,4302918,4402134,271153,1676982,2625936,1790947,2611187
Zimbabwe,1987,4426797,4586759,279727,1702055,2724742,1859911,2726848
Zimbabwe,1988,4538907,4777548,287847,1718519,2820388,1929817,2847731
Zimbabwe,1989,4636809,4969763,295968,1729199,2907610,2000185,2969578
Zimbabwe,1990,4718341,5160414,304358,1736206,2982135,2070671,3089743
Zimbabwe,1991,4816352,5312055,314636,1746811,3069541,2136511,3175544
Zimbabwe,1992,4899827,5458679,324362,1757609,3142218,2205111,3253568
Zimbabwe,1993,4968048,5604225,333483,1767975,3200073,2277548,3326677
Zimbabwe,1994,5021107,5753946,341895,1776085,3245022,2354817,3399129
Zimbabwe,1995,5060258,5910532,349556,1780902,3279356,2436763,3473769
Zimbabwe,1996,5114908,6045168,358186,1795092,3319816,2516590,3528578
Zimbabwe,1997,5157289,6186885,365823,1804662,3352627,2602787,3584098
Zimbabwe,1998,5188495,6332380,372397,1811082,3377413,2691668,3640712
Zimbabwe,1999,5210969,6475821,377747,1817125,3393844,2777413,3698408
Zimbabwe,2000,5226824,6613628,381799,1825198,3401626,2855810,3757818
Zimbabwe,2001,5258303,6719788,388074,1843473,3414830,2903393,3816395
Zimbabwe,2002,5288439,6819300,392786,1862456,3425983,2947320,3871980
Zimbabwe,2003,5320851,6916640,396406,1884455,3436396,2989741,3926899
Zimbabwe,2004,5360808,7017171,399532,1912706,3448102,3032527,3984644
Zimbabwe,2005,5413043,7124562,402427,1950476,3462567,3076322,4048240
Zimbabwe,2006,5469367,7245873,409027,1995430,3473937,3095216,4150657
Zimbabwe,2007,5541073,7372961,415875,2045600,3495473,3112901,4260060
Zimbabwe,2008,5628349,7507911,422209,2100794,3527555,3131833,4376078
Zimbabwe,2009,5731077,7652639,426883,2160621,3570456,3154363,4498276
Zimbabwe,2010,5849140,7807808,429369,2225702,3623438,3181580,4626228
Zimbabwe,2011,5970883,7982992,432774,2296548,3674335,3186709,4796283
Zimbabwe,2012,6105032,8171080,434714,2360671,3744361,3196932,4974148
Zimbabwe,2013,6248747,8369351,436408,2417880,3830867,3213123,5156228
Zimbabwe,2014,6396521,8575500,439654,2466295,3930226,3235973,5339527
Zimbabwe,2015,6542997,8788963,445491,2505484,4037513,3266093,5522870
Zimbabwe,2016,6682925,9012715,454722,2539448,4143477,3296430,5716285
Zimbabwe,2017,6811128,9252318,466458,2548684,4262444,3334263,5918055
Zimbabwe,2018,6929016,9504572,479673,2541580,4387436,3379844,6124728
Zimbabwe,2019,7039191,9765443,492861,2530541,4508650,3433671,6331772
Zimbabwe,2020,7141923,10033325,505217,2524433,4617490,3496430,6536895
Zimbabwe,2021,7223373,10317113,519967,2501807,4721566,3569339,6747774
Zimbabwe,2022,7303692,10600158,533573,2500163,4803529,3647417,6952741
Zimbabwe,2023,7377055,10889464,546572,2513472,4863583,3733387,7156077
Zimbabwe,2024,7436049,11194558,559694,2530360,4905689,3830633,7363925
Zimbabwe,2025,7478642,11519178,573334,2542765,4935877,3939822,7579356
Zimbabwe,2026,7519303,11847293,589316,2563173,4956130,4052152,7795141
Zimbabwe,2027,7543911,12194113,605839,2575897,4968014,4175130,8018983
Zimbabwe,2028,7558154,12554053,622866,2583062,4975092,4302169,8251884
Zimbabwe,2029,7572204,12917118,640125,2590998,4981206,4422845,8494273
Zimbabwe,2030,7592121,13277099,657641,2604568,4987553,4530345,8746754
Zimbabwe,2031,7622690,13626818,677803,2625418,4997272,4620426,9006392
Zimbabwe,2032,7657862,13974200,698692,2645449,5012413,4697964,9276236
Zimbabwe,2033,7697472,14318446,721011,2665540,5031932,4762606,9555840
Zimbabwe,2034,7738999,14660794,745675,2685067,5053932,4815076,9845718
Zimbabwe,2035,7780861,15001715,773450,2704208,5076653,4856150,10145565
Zimbabwe,2036,7831188,15331061,806086,2727392,5103796,4881004,10450057
Zimbabwe,2037,7881219,15659092,841756,2745483,5135736,4894056,10765036
Zimbabwe,2038,7930874,15984330,881469,2759754,5171120,4899825,11084505
Zimbabwe,2039,7979923,16305015,926569,2771908,5208015,4904953,11400062
Zimbabwe,2040,8027741,16620200,978040,2783355,5244386,4913922,11706278
Zimbabwe,2041,8078450,16924409,1036795,2794715,5283735,4924125,12000284
Zimbabwe,2042,8126874,17224315,1100969,2803635,5323239,4938777,12285538
Zimbabwe,2043,8171943,17520104,1171012,2810464,5361479,4958045,12562059
Zimbabwe,2044,8212316,17812095,1247515,2815244,5397072,4981109,12830986
Zimbabwe,2045,8247152,18100365,1330813,2818161,5428991,5007375,13092990
Zimbabwe,2046,8281824,18379407,1420659,2820801,5461023,5035437,13343970
Zimbabwe,2047,8310623,18655528,1516069,2821076,5489547,5067393,13588135
Zimbabwe,2048,8333187,18929579,1616049,2819194,5513993,5102705,13826874
Zimbabwe,2049,8349469,19202486,1719187,2815367,5534102,5140209,14062277
Zimbabwe,2050,8359495,19474525,1824730,2809846,5549649,5178889,14295636
Zimbabwe,2051,8369467,19740901,1930927,2804904,5564563,5217418,14523483
Zimbabwe,2052,8372917,20007314,2038315,2797371,5575546,5256588,14750726
Zimbabwe,2053,8370225,20272971,2147099,2787966,5582259,5295515,14977456
Zimbabwe,2054,8362277,20536627,2257495,2777766,5584511,5332837,15203790
Zimbabwe,2055,8349830,20797222,2369673,2767673,5582157,5367482,15429740
Zimbabwe,2056,8339367,21052966,2478754,2759162,5580205,5399379,15653587
Zimbabwe,2057,8325384,21305692,2588251,2750907,5574477,5427704,15877988
Zimbabwe,2058,8307757,21555350,2698220,2742748,5565009,5452537,16102813
Zimbabwe,2059,8286320,21802098,2808562,2734210,5552110,5474006,16328092
Zimbabwe,2060,8261303,22045454,2919465,2725162,5536141,5492056,16553398
Zimbabwe,2061,8242221,22282283,3024422,2719948,5522273,5506765,16775518
Zimbabwe,2062,8219557,22516194,3129308,2712272,5507285,5517745,16998449
Zimbabwe,2063,8194147,22745648,3234898,2702935,5491212,5525082,17220566
Zimbabwe,2064,8167205,22968783,3341981,2693199,5474006,5528743,17440040
Zimbabwe,2065,8139466,23184040,3451475,2684132,5455334,5528754,17655286
Zimbabwe,2066,8118186,23390418,3557085,2678007,5440179,5526219,17864199
Zimbabwe,2067,8096274,23589775,3663962,2671284,5424990,5520128,18069647
Zimbabwe,2068,8073485,23780115,3774293,2664093,5409392,5511132,18268983
Zimbabwe,2069,8049219,23959163,3890925,2656260,5392959,5500000,18459163
Zimbabwe,2070,8023136,24125074,4015962,2647835,5375301,5487237,18637837
Zimbabwe,2071,8003298,24275980,4143183,2642210,5361088,5473847,18802133
Zimbabwe,2072,7981419,24416795,4275870,2634416,5347003,5459103,18957692
Zimbabwe,2073,7957549,24545794,4415475,2624900,5332649,5443457,19102337
Zimbabwe,2074,7931766,24660723,4563905,2614226,5317540,5427297,19233426
Zimbabwe,2075,7903955,24760236,4722413,2602891,5301064,5410849,19349387
Zimbabwe,2076,7880854,24843759,4884704,2593222,5287632,5395539,19448220
Zimbabwe,2077,7855506,24915153,5053874,2581894,5273612,5380251,19534902
Zimbabwe,2078,7827823,24977250,5227137,2569382,5258441,5365063,19612187
Zimbabwe,2079,7797753,25034437,5400216,2556238,5241515,5349828,19684609
Zimbabwe,2080,7765234,25089023,5570855,2542914,5222320,5334363,19754660
Zimbabwe,2081,7736773,25142355,5731194,2531086,5205687,5320638,19821717
Zimbabwe,2082,7706594,25195420,5885951,2519344,5187250,5306686,19888734
Zimbabwe,2083,7674258,25246846,6036854,2507489,5166769,5292517,19954329
Zimbabwe,2084,7639307,25294729,6186160,2495114,5144193,5278018,20016711
Zimbabwe,2085,7601582,25337433,6335590,2482031,5119551,5262981,20074452
Zimbabwe,2086,7569806,25378225,6473161,2471825,5097981,5249546,20128679
Zimbabwe,2087,7535363,25417477,6607130,2459918,5075445,5235634,20181843
Zimbabwe,2088,7498653,25453253,6739096,2446828,5051825,5220923,20232330
Zimbabwe,2089,7460416,25483168,6870790,2433417,5026999,5204820,20278348
Zimbabwe,2090,7421064,25505250,7003856,2420374,5000690,5186889,20318361
Zimbabwe,2091,7388079,25525907,7124473,2409864,4978215,5170039,20355868
Zimbabwe,2092,7354542,25541663,7243082,2399384,4955158,5151424,20390239
Zimbabwe,2093,7320156,25551025,7361529,2388903,4931253,5131209,20419816
Zimbabwe,2094,7284452,25552501,7481843,2378180,4906272,5109611,20442890
Zimbabwe,2095,7247149,25544720,7605746,2367086,4880063,5086719,20458001
Zimbabwe,2096,7217037,25534157,7718087,2359095,4857942,5065402,20468755
Zimbabwe,2097,7185551,25517991,7830354,2349780,4835771,5042987,20475004
Zimbabwe,2098,7152695,25495224,7943707,2339305,4813390,5019652,20475572
Zimbabwe,2099,7118760,25464721,8059147,2328202,4790558,4995483,20469238
Zimbabwe,2100,7084019,25425261,8177827,2317154,4766865,4970477,20454784
